dx 0.031250
dy 0.031250
numResidualPts 768
numStatePts 1023
0 0.015625 0.015625 31 0.984375 0.015625 32 0.015625 0.046875 1 0.046875 0.015625 991 0.015625 0.984375 
1 0.046875 0.015625 0 0.015625 0.015625 33 0.046875 0.046875 2 0.078125 0.015625 992 0.046875 0.984375 
2 0.078125 0.015625 1 0.046875 0.015625 34 0.078125 0.046875 3 0.109375 0.015625 993 0.078125 0.984375 
3 0.109375 0.015625 2 0.078125 0.015625 35 0.109375 0.046875 4 0.140625 0.015625 994 0.109375 0.984375 
4 0.140625 0.015625 3 0.109375 0.015625 36 0.140625 0.046875 5 0.171875 0.015625 995 0.140625 0.984375 
5 0.171875 0.015625 4 0.140625 0.015625 37 0.171875 0.046875 6 0.203125 0.015625 996 0.171875 0.984375 
6 0.203125 0.015625 5 0.171875 0.015625 38 0.203125 0.046875 7 0.234375 0.015625 997 0.203125 0.984375 
9 0.296875 0.015625 8 0.265625 0.015625 41 0.296875 0.046875 10 0.328125 0.015625 1000 0.296875 0.984375 
10 0.328125 0.015625 9 0.296875 0.015625 42 0.328125 0.046875 11 0.359375 0.015625 1001 0.328125 0.984375 
11 0.359375 0.015625 10 0.328125 0.015625 43 0.359375 0.046875 12 0.390625 0.015625 1002 0.359375 0.984375 
12 0.390625 0.015625 11 0.359375 0.015625 44 0.390625 0.046875 13 0.421875 0.015625 1003 0.390625 0.984375 
13 0.421875 0.015625 12 0.390625 0.015625 45 0.421875 0.046875 14 0.453125 0.015625 1004 0.421875 0.984375 
14 0.453125 0.015625 13 0.421875 0.015625 46 0.453125 0.046875 15 0.484375 0.015625 1005 0.453125 0.984375 
15 0.484375 0.015625 14 0.453125 0.015625 47 0.484375 0.046875 16 0.515625 0.015625 1006 0.484375 0.984375 
16 0.515625 0.015625 15 0.484375 0.015625 48 0.515625 0.046875 17 0.546875 0.015625 1007 0.515625 0.984375 
17 0.546875 0.015625 16 0.515625 0.015625 49 0.546875 0.046875 18 0.578125 0.015625 1008 0.546875 0.984375 
18 0.578125 0.015625 17 0.546875 0.015625 50 0.578125 0.046875 19 0.609375 0.015625 1009 0.578125 0.984375 
19 0.609375 0.015625 18 0.578125 0.015625 51 0.609375 0.046875 20 0.640625 0.015625 1010 0.609375 0.984375 
20 0.640625 0.015625 19 0.609375 0.015625 52 0.640625 0.046875 21 0.671875 0.015625 1011 0.640625 0.984375 
21 0.671875 0.015625 20 0.640625 0.015625 53 0.671875 0.046875 22 0.703125 0.015625 1012 0.671875 0.984375 
22 0.703125 0.015625 21 0.671875 0.015625 54 0.703125 0.046875 23 0.734375 0.015625 1013 0.703125 0.984375 
24 0.765625 0.015625 23 0.734375 0.015625 56 0.765625 0.046875 25 0.796875 0.015625 1015 0.765625 0.984375 
28 0.890625 0.015625 27 0.859375 0.015625 60 0.890625 0.046875 29 0.921875 0.015625 1019 0.890625 0.984375 
29 0.921875 0.015625 28 0.890625 0.015625 61 0.921875 0.046875 30 0.953125 0.015625 1020 0.921875 0.984375 
30 0.953125 0.015625 29 0.921875 0.015625 62 0.953125 0.046875 31 0.984375 0.015625 1021 0.953125 0.984375 
31 0.984375 0.015625 30 0.953125 0.015625 63 0.984375 0.046875 0 0.015625 0.015625 1022 0.984375 0.984375 
32 0.015625 0.046875 63 0.984375 0.046875 64 0.015625 0.078125 33 0.046875 0.046875 0 0.015625 0.015625 
33 0.046875 0.046875 32 0.015625 0.046875 65 0.046875 0.078125 34 0.078125 0.046875 1 0.046875 0.015625 
34 0.078125 0.046875 33 0.046875 0.046875 66 0.078125 0.078125 35 0.109375 0.046875 2 0.078125 0.015625 
35 0.109375 0.046875 34 0.078125 0.046875 67 0.109375 0.078125 36 0.140625 0.046875 3 0.109375 0.015625 
36 0.140625 0.046875 35 0.109375 0.046875 68 0.140625 0.078125 37 0.171875 0.046875 4 0.140625 0.015625 
37 0.171875 0.046875 36 0.140625 0.046875 69 0.171875 0.078125 38 0.203125 0.046875 5 0.171875 0.015625 
38 0.203125 0.046875 37 0.171875 0.046875 70 0.203125 0.078125 39 0.234375 0.046875 6 0.203125 0.015625 
39 0.234375 0.046875 38 0.203125 0.046875 71 0.234375 0.078125 40 0.265625 0.046875 7 0.234375 0.015625 
41 0.296875 0.046875 40 0.265625 0.046875 73 0.296875 0.078125 42 0.328125 0.046875 9 0.296875 0.015625 
42 0.328125 0.046875 41 0.296875 0.046875 74 0.328125 0.078125 43 0.359375 0.046875 10 0.328125 0.015625 
44 0.390625 0.046875 43 0.359375 0.046875 76 0.390625 0.078125 45 0.421875 0.046875 12 0.390625 0.015625 
45 0.421875 0.046875 44 0.390625 0.046875 77 0.421875 0.078125 46 0.453125 0.046875 13 0.421875 0.015625 
46 0.453125 0.046875 45 0.421875 0.046875 78 0.453125 0.078125 47 0.484375 0.046875 14 0.453125 0.015625 
47 0.484375 0.046875 46 0.453125 0.046875 79 0.484375 0.078125 48 0.515625 0.046875 15 0.484375 0.015625 
48 0.515625 0.046875 47 0.484375 0.046875 80 0.515625 0.078125 49 0.546875 0.046875 16 0.515625 0.015625 
51 0.609375 0.046875 50 0.578125 0.046875 83 0.609375 0.078125 52 0.640625 0.046875 19 0.609375 0.015625 
53 0.671875 0.046875 52 0.640625 0.046875 85 0.671875 0.078125 54 0.703125 0.046875 21 0.671875 0.015625 
54 0.703125 0.046875 53 0.671875 0.046875 86 0.703125 0.078125 55 0.734375 0.046875 22 0.703125 0.015625 
55 0.734375 0.046875 54 0.703125 0.046875 87 0.734375 0.078125 56 0.765625 0.046875 23 0.734375 0.015625 
56 0.765625 0.046875 55 0.734375 0.046875 88 0.765625 0.078125 57 0.796875 0.046875 24 0.765625 0.015625 
57 0.796875 0.046875 56 0.765625 0.046875 89 0.796875 0.078125 58 0.828125 0.046875 25 0.796875 0.015625 
58 0.828125 0.046875 57 0.796875 0.046875 90 0.828125 0.078125 59 0.859375 0.046875 26 0.828125 0.015625 
59 0.859375 0.046875 58 0.828125 0.046875 91 0.859375 0.078125 60 0.890625 0.046875 27 0.859375 0.015625 
60 0.890625 0.046875 59 0.859375 0.046875 92 0.890625 0.078125 61 0.921875 0.046875 28 0.890625 0.015625 
62 0.953125 0.046875 61 0.921875 0.046875 94 0.953125 0.078125 63 0.984375 0.046875 30 0.953125 0.015625 
63 0.984375 0.046875 62 0.953125 0.046875 95 0.984375 0.078125 32 0.015625 0.046875 31 0.984375 0.015625 
65 0.046875 0.078125 64 0.015625 0.078125 97 0.046875 0.109375 66 0.078125 0.078125 33 0.046875 0.046875 
67 0.109375 0.078125 66 0.078125 0.078125 99 0.109375 0.109375 68 0.140625 0.078125 35 0.109375 0.046875 
68 0.140625 0.078125 67 0.109375 0.078125 100 0.140625 0.109375 69 0.171875 0.078125 36 0.140625 0.046875 
69 0.171875 0.078125 68 0.140625 0.078125 101 0.171875 0.109375 70 0.203125 0.078125 37 0.171875 0.046875 
71 0.234375 0.078125 70 0.203125 0.078125 103 0.234375 0.109375 72 0.265625 0.078125 39 0.234375 0.046875 
72 0.265625 0.078125 71 0.234375 0.078125 104 0.265625 0.109375 73 0.296875 0.078125 40 0.265625 0.046875 
73 0.296875 0.078125 72 0.265625 0.078125 105 0.296875 0.109375 74 0.328125 0.078125 41 0.296875 0.046875 
74 0.328125 0.078125 73 0.296875 0.078125 106 0.328125 0.109375 75 0.359375 0.078125 42 0.328125 0.046875 
75 0.359375 0.078125 74 0.328125 0.078125 107 0.359375 0.109375 76 0.390625 0.078125 43 0.359375 0.046875 
77 0.421875 0.078125 76 0.390625 0.078125 109 0.421875 0.109375 78 0.453125 0.078125 45 0.421875 0.046875 
78 0.453125 0.078125 77 0.421875 0.078125 110 0.453125 0.109375 79 0.484375 0.078125 46 0.453125 0.046875 
79 0.484375 0.078125 78 0.453125 0.078125 111 0.484375 0.109375 80 0.515625 0.078125 47 0.484375 0.046875 
80 0.515625 0.078125 79 0.484375 0.078125 112 0.515625 0.109375 81 0.546875 0.078125 48 0.515625 0.046875 
83 0.609375 0.078125 82 0.578125 0.078125 115 0.609375 0.109375 84 0.640625 0.078125 51 0.609375 0.046875 
84 0.640625 0.078125 83 0.609375 0.078125 116 0.640625 0.109375 85 0.671875 0.078125 52 0.640625 0.046875 
86 0.703125 0.078125 85 0.671875 0.078125 118 0.703125 0.109375 87 0.734375 0.078125 54 0.703125 0.046875 
87 0.734375 0.078125 86 0.703125 0.078125 119 0.734375 0.109375 88 0.765625 0.078125 55 0.734375 0.046875 
88 0.765625 0.078125 87 0.734375 0.078125 120 0.765625 0.109375 89 0.796875 0.078125 56 0.765625 0.046875 
89 0.796875 0.078125 88 0.765625 0.078125 121 0.796875 0.109375 90 0.828125 0.078125 57 0.796875 0.046875 
90 0.828125 0.078125 89 0.796875 0.078125 122 0.828125 0.109375 91 0.859375 0.078125 58 0.828125 0.046875 
91 0.859375 0.078125 90 0.828125 0.078125 123 0.859375 0.109375 92 0.890625 0.078125 59 0.859375 0.046875 
92 0.890625 0.078125 91 0.859375 0.078125 124 0.890625 0.109375 93 0.921875 0.078125 60 0.890625 0.046875 
94 0.953125 0.078125 93 0.921875 0.078125 126 0.953125 0.109375 95 0.984375 0.078125 62 0.953125 0.046875 
95 0.984375 0.078125 94 0.953125 0.078125 127 0.984375 0.109375 64 0.015625 0.078125 63 0.984375 0.046875 
96 0.015625 0.109375 127 0.984375 0.109375 128 0.015625 0.140625 97 0.046875 0.109375 64 0.015625 0.078125 
97 0.046875 0.109375 96 0.015625 0.109375 129 0.046875 0.140625 98 0.078125 0.109375 65 0.046875 0.078125 
99 0.109375 0.109375 98 0.078125 0.109375 131 0.109375 0.140625 100 0.140625 0.109375 67 0.109375 0.078125 
100 0.140625 0.109375 99 0.109375 0.109375 132 0.140625 0.140625 101 0.171875 0.109375 68 0.140625 0.078125 
101 0.171875 0.109375 100 0.140625 0.109375 133 0.171875 0.140625 102 0.203125 0.109375 69 0.171875 0.078125 
104 0.265625 0.109375 103 0.234375 0.109375 136 0.265625 0.140625 105 0.296875 0.109375 72 0.265625 0.078125 
106 0.328125 0.109375 105 0.296875 0.109375 138 0.328125 0.140625 107 0.359375 0.109375 74 0.328125 0.078125 
107 0.359375 0.109375 106 0.328125 0.109375 139 0.359375 0.140625 108 0.390625 0.109375 75 0.359375 0.078125 
108 0.390625 0.109375 107 0.359375 0.109375 140 0.390625 0.140625 109 0.421875 0.109375 76 0.390625 0.078125 
110 0.453125 0.109375 109 0.421875 0.109375 142 0.453125 0.140625 111 0.484375 0.109375 78 0.453125 0.078125 
111 0.484375 0.109375 110 0.453125 0.109375 143 0.484375 0.140625 112 0.515625 0.109375 79 0.484375 0.078125 
112 0.515625 0.109375 111 0.484375 0.109375 144 0.515625 0.140625 113 0.546875 0.109375 80 0.515625 0.078125 
113 0.546875 0.109375 112 0.515625 0.109375 145 0.546875 0.140625 114 0.578125 0.109375 81 0.546875 0.078125 
114 0.578125 0.109375 113 0.546875 0.109375 146 0.578125 0.140625 115 0.609375 0.109375 82 0.578125 0.078125 
115 0.609375 0.109375 114 0.578125 0.109375 147 0.609375 0.140625 116 0.640625 0.109375 83 0.609375 0.078125 
116 0.640625 0.109375 115 0.609375 0.109375 148 0.640625 0.140625 117 0.671875 0.109375 84 0.640625 0.078125 
118 0.703125 0.109375 117 0.671875 0.109375 150 0.703125 0.140625 119 0.734375 0.109375 86 0.703125 0.078125 
119 0.734375 0.109375 118 0.703125 0.109375 151 0.734375 0.140625 120 0.765625 0.109375 87 0.734375 0.078125 
120 0.765625 0.109375 119 0.734375 0.109375 152 0.765625 0.140625 121 0.796875 0.109375 88 0.765625 0.078125 
121 0.796875 0.109375 120 0.765625 0.109375 153 0.796875 0.140625 122 0.828125 0.109375 89 0.796875 0.078125 
125 0.921875 0.109375 124 0.890625 0.109375 157 0.921875 0.140625 126 0.953125 0.109375 93 0.921875 0.078125 
126 0.953125 0.109375 125 0.921875 0.109375 158 0.953125 0.140625 127 0.984375 0.109375 94 0.953125 0.078125 
127 0.984375 0.109375 126 0.953125 0.109375 159 0.984375 0.140625 96 0.015625 0.109375 95 0.984375 0.078125 
128 0.015625 0.140625 159 0.984375 0.140625 160 0.015625 0.171875 129 0.046875 0.140625 96 0.015625 0.109375 
129 0.046875 0.140625 128 0.015625 0.140625 161 0.046875 0.171875 130 0.078125 0.140625 97 0.046875 0.109375 
132 0.140625 0.140625 131 0.109375 0.140625 164 0.140625 0.171875 133 0.171875 0.140625 100 0.140625 0.109375 
133 0.171875 0.140625 132 0.140625 0.140625 165 0.171875 0.171875 134 0.203125 0.140625 101 0.171875 0.109375 
134 0.203125 0.140625 133 0.171875 0.140625 166 0.203125 0.171875 135 0.234375 0.140625 102 0.203125 0.109375 
135 0.234375 0.140625 134 0.203125 0.140625 167 0.234375 0.171875 136 0.265625 0.140625 103 0.234375 0.109375 
137 0.296875 0.140625 136 0.265625 0.140625 169 0.296875 0.171875 138 0.328125 0.140625 105 0.296875 0.109375 
139 0.359375 0.140625 138 0.328125 0.140625 171 0.359375 0.171875 140 0.390625 0.140625 107 0.359375 0.109375 
141 0.421875 0.140625 140 0.390625 0.140625 173 0.421875 0.171875 142 0.453125 0.140625 109 0.421875 0.109375 
142 0.453125 0.140625 141 0.421875 0.140625 174 0.453125 0.171875 143 0.484375 0.140625 110 0.453125 0.109375 
144 0.515625 0.140625 143 0.484375 0.140625 176 0.515625 0.171875 145 0.546875 0.140625 112 0.515625 0.109375 
146 0.578125 0.140625 145 0.546875 0.140625 178 0.578125 0.171875 147 0.609375 0.140625 114 0.578125 0.109375 
147 0.609375 0.140625 146 0.578125 0.140625 179 0.609375 0.171875 148 0.640625 0.140625 115 0.609375 0.109375 
149 0.671875 0.140625 148 0.640625 0.140625 181 0.671875 0.171875 150 0.703125 0.140625 117 0.671875 0.109375 
150 0.703125 0.140625 149 0.671875 0.140625 182 0.703125 0.171875 151 0.734375 0.140625 118 0.703125 0.109375 
151 0.734375 0.140625 150 0.703125 0.140625 183 0.734375 0.171875 152 0.765625 0.140625 119 0.734375 0.109375 
153 0.796875 0.140625 152 0.765625 0.140625 185 0.796875 0.171875 154 0.828125 0.140625 121 0.796875 0.109375 
154 0.828125 0.140625 153 0.796875 0.140625 186 0.828125 0.171875 155 0.859375 0.140625 122 0.828125 0.109375 
155 0.859375 0.140625 154 0.828125 0.140625 187 0.859375 0.171875 156 0.890625 0.140625 123 0.859375 0.109375 
157 0.921875 0.140625 156 0.890625 0.140625 189 0.921875 0.171875 158 0.953125 0.140625 125 0.921875 0.109375 
158 0.953125 0.140625 157 0.921875 0.140625 190 0.953125 0.171875 159 0.984375 0.140625 126 0.953125 0.109375 
159 0.984375 0.140625 158 0.953125 0.140625 191 0.984375 0.171875 128 0.015625 0.140625 127 0.984375 0.109375 
160 0.015625 0.171875 191 0.984375 0.171875 192 0.015625 0.203125 161 0.046875 0.171875 128 0.015625 0.140625 
161 0.046875 0.171875 160 0.015625 0.171875 193 0.046875 0.203125 162 0.078125 0.171875 129 0.046875 0.140625 
162 0.078125 0.171875 161 0.046875 0.171875 194 0.078125 0.203125 163 0.109375 0.171875 130 0.078125 0.140625 
163 0.109375 0.171875 162 0.078125 0.171875 195 0.109375 0.203125 164 0.140625 0.171875 131 0.109375 0.140625 
164 0.140625 0.171875 163 0.109375 0.171875 196 0.140625 0.203125 165 0.171875 0.171875 132 0.140625 0.140625 
165 0.171875 0.171875 164 0.140625 0.171875 197 0.171875 0.203125 166 0.203125 0.171875 133 0.171875 0.140625 
167 0.234375 0.171875 166 0.203125 0.171875 199 0.234375 0.203125 168 0.265625 0.171875 135 0.234375 0.140625 
168 0.265625 0.171875 167 0.234375 0.171875 200 0.265625 0.203125 169 0.296875 0.171875 136 0.265625 0.140625 
169 0.296875 0.171875 168 0.265625 0.171875 201 0.296875 0.203125 170 0.328125 0.171875 137 0.296875 0.140625 
171 0.359375 0.171875 170 0.328125 0.171875 203 0.359375 0.203125 172 0.390625 0.171875 139 0.359375 0.140625 
172 0.390625 0.171875 171 0.359375 0.171875 204 0.390625 0.203125 173 0.421875 0.171875 140 0.390625 0.140625 
173 0.421875 0.171875 172 0.390625 0.171875 205 0.421875 0.203125 174 0.453125 0.171875 141 0.421875 0.140625 
174 0.453125 0.171875 173 0.421875 0.171875 206 0.453125 0.203125 175 0.484375 0.171875 142 0.453125 0.140625 
175 0.484375 0.171875 174 0.453125 0.171875 207 0.484375 0.203125 176 0.515625 0.171875 143 0.484375 0.140625 
178 0.578125 0.171875 177 0.546875 0.171875 210 0.578125 0.203125 179 0.609375 0.171875 146 0.578125 0.140625 
179 0.609375 0.171875 178 0.578125 0.171875 211 0.609375 0.203125 180 0.640625 0.171875 147 0.609375 0.140625 
180 0.640625 0.171875 179 0.609375 0.171875 212 0.640625 0.203125 181 0.671875 0.171875 148 0.640625 0.140625 
181 0.671875 0.171875 180 0.640625 0.171875 213 0.671875 0.203125 182 0.703125 0.171875 149 0.671875 0.140625 
182 0.703125 0.171875 181 0.671875 0.171875 214 0.703125 0.203125 183 0.734375 0.171875 150 0.703125 0.140625 
183 0.734375 0.171875 182 0.703125 0.171875 215 0.734375 0.203125 184 0.765625 0.171875 151 0.734375 0.140625 
184 0.765625 0.171875 183 0.734375 0.171875 216 0.765625 0.203125 185 0.796875 0.171875 152 0.765625 0.140625 
185 0.796875 0.171875 184 0.765625 0.171875 217 0.796875 0.203125 186 0.828125 0.171875 153 0.796875 0.140625 
186 0.828125 0.171875 185 0.796875 0.171875 218 0.828125 0.203125 187 0.859375 0.171875 154 0.828125 0.140625 
187 0.859375 0.171875 186 0.828125 0.171875 219 0.859375 0.203125 188 0.890625 0.171875 155 0.859375 0.140625 
188 0.890625 0.171875 187 0.859375 0.171875 220 0.890625 0.203125 189 0.921875 0.171875 156 0.890625 0.140625 
190 0.953125 0.171875 189 0.921875 0.171875 222 0.953125 0.203125 191 0.984375 0.171875 158 0.953125 0.140625 
191 0.984375 0.171875 190 0.953125 0.171875 223 0.984375 0.203125 160 0.015625 0.171875 159 0.984375 0.140625 
192 0.015625 0.203125 223 0.984375 0.203125 224 0.015625 0.234375 193 0.046875 0.203125 160 0.015625 0.171875 
193 0.046875 0.203125 192 0.015625 0.203125 225 0.046875 0.234375 194 0.078125 0.203125 161 0.046875 0.171875 
194 0.078125 0.203125 193 0.046875 0.203125 226 0.078125 0.234375 195 0.109375 0.203125 162 0.078125 0.171875 
195 0.109375 0.203125 194 0.078125 0.203125 227 0.109375 0.234375 196 0.140625 0.203125 163 0.109375 0.171875 
196 0.140625 0.203125 195 0.109375 0.203125 228 0.140625 0.234375 197 0.171875 0.203125 164 0.140625 0.171875 
197 0.171875 0.203125 196 0.140625 0.203125 229 0.171875 0.234375 198 0.203125 0.203125 165 0.171875 0.171875 
198 0.203125 0.203125 197 0.171875 0.203125 230 0.203125 0.234375 199 0.234375 0.203125 166 0.203125 0.171875 
199 0.234375 0.203125 198 0.203125 0.203125 231 0.234375 0.234375 200 0.265625 0.203125 167 0.234375 0.171875 
202 0.328125 0.203125 201 0.296875 0.203125 234 0.328125 0.234375 203 0.359375 0.203125 170 0.328125 0.171875 
203 0.359375 0.203125 202 0.328125 0.203125 235 0.359375 0.234375 204 0.390625 0.203125 171 0.359375 0.171875 
204 0.390625 0.203125 203 0.359375 0.203125 236 0.390625 0.234375 205 0.421875 0.203125 172 0.390625 0.171875 
206 0.453125 0.203125 205 0.421875 0.203125 238 0.453125 0.234375 207 0.484375 0.203125 174 0.453125 0.171875 
207 0.484375 0.203125 206 0.453125 0.203125 239 0.484375 0.234375 208 0.515625 0.203125 175 0.484375 0.171875 
208 0.515625 0.203125 207 0.484375 0.203125 240 0.515625 0.234375 209 0.546875 0.203125 176 0.515625 0.171875 
209 0.546875 0.203125 208 0.515625 0.203125 241 0.546875 0.234375 210 0.578125 0.203125 177 0.546875 0.171875 
210 0.578125 0.203125 209 0.546875 0.203125 242 0.578125 0.234375 211 0.609375 0.203125 178 0.578125 0.171875 
211 0.609375 0.203125 210 0.578125 0.203125 243 0.609375 0.234375 212 0.640625 0.203125 179 0.609375 0.171875 
212 0.640625 0.203125 211 0.609375 0.203125 244 0.640625 0.234375 213 0.671875 0.203125 180 0.640625 0.171875 
213 0.671875 0.203125 212 0.640625 0.203125 245 0.671875 0.234375 214 0.703125 0.203125 181 0.671875 0.171875 
214 0.703125 0.203125 213 0.671875 0.203125 246 0.703125 0.234375 215 0.734375 0.203125 182 0.703125 0.171875 
215 0.734375 0.203125 214 0.703125 0.203125 247 0.734375 0.234375 216 0.765625 0.203125 183 0.734375 0.171875 
216 0.765625 0.203125 215 0.734375 0.203125 248 0.765625 0.234375 217 0.796875 0.203125 184 0.765625 0.171875 
217 0.796875 0.203125 216 0.765625 0.203125 249 0.796875 0.234375 218 0.828125 0.203125 185 0.796875 0.171875 
218 0.828125 0.203125 217 0.796875 0.203125 250 0.828125 0.234375 219 0.859375 0.203125 186 0.828125 0.171875 
219 0.859375 0.203125 218 0.828125 0.203125 251 0.859375 0.234375 220 0.890625 0.203125 187 0.859375 0.171875 
220 0.890625 0.203125 219 0.859375 0.203125 252 0.890625 0.234375 221 0.921875 0.203125 188 0.890625 0.171875 
221 0.921875 0.203125 220 0.890625 0.203125 253 0.921875 0.234375 222 0.953125 0.203125 189 0.921875 0.171875 
223 0.984375 0.203125 222 0.953125 0.203125 255 0.984375 0.234375 192 0.015625 0.203125 191 0.984375 0.171875 
224 0.015625 0.234375 255 0.984375 0.234375 256 0.015625 0.265625 225 0.046875 0.234375 192 0.015625 0.203125 
227 0.109375 0.234375 226 0.078125 0.234375 259 0.109375 0.265625 228 0.140625 0.234375 195 0.109375 0.203125 
229 0.171875 0.234375 228 0.140625 0.234375 261 0.171875 0.265625 230 0.203125 0.234375 197 0.171875 0.203125 
230 0.203125 0.234375 229 0.171875 0.234375 262 0.203125 0.265625 231 0.234375 0.234375 198 0.203125 0.203125 
231 0.234375 0.234375 230 0.203125 0.234375 263 0.234375 0.265625 232 0.265625 0.234375 199 0.234375 0.203125 
233 0.296875 0.234375 232 0.265625 0.234375 265 0.296875 0.265625 234 0.328125 0.234375 201 0.296875 0.203125 
234 0.328125 0.234375 233 0.296875 0.234375 266 0.328125 0.265625 235 0.359375 0.234375 202 0.328125 0.203125 
235 0.359375 0.234375 234 0.328125 0.234375 267 0.359375 0.265625 236 0.390625 0.234375 203 0.359375 0.203125 
236 0.390625 0.234375 235 0.359375 0.234375 268 0.390625 0.265625 237 0.421875 0.234375 204 0.390625 0.203125 
239 0.484375 0.234375 238 0.453125 0.234375 271 0.484375 0.265625 240 0.515625 0.234375 207 0.484375 0.203125 
240 0.515625 0.234375 239 0.484375 0.234375 272 0.515625 0.265625 241 0.546875 0.234375 208 0.515625 0.203125 
242 0.578125 0.234375 241 0.546875 0.234375 274 0.578125 0.265625 243 0.609375 0.234375 210 0.578125 0.203125 
243 0.609375 0.234375 242 0.578125 0.234375 275 0.609375 0.265625 244 0.640625 0.234375 211 0.609375 0.203125 
244 0.640625 0.234375 243 0.609375 0.234375 276 0.640625 0.265625 245 0.671875 0.234375 212 0.640625 0.203125 
245 0.671875 0.234375 244 0.640625 0.234375 277 0.671875 0.265625 246 0.703125 0.234375 213 0.671875 0.203125 
246 0.703125 0.234375 245 0.671875 0.234375 278 0.703125 0.265625 247 0.734375 0.234375 214 0.703125 0.203125 
248 0.765625 0.234375 247 0.734375 0.234375 280 0.765625 0.265625 249 0.796875 0.234375 216 0.765625 0.203125 
249 0.796875 0.234375 248 0.765625 0.234375 281 0.796875 0.265625 250 0.828125 0.234375 217 0.796875 0.203125 
250 0.828125 0.234375 249 0.796875 0.234375 282 0.828125 0.265625 251 0.859375 0.234375 218 0.828125 0.203125 
251 0.859375 0.234375 250 0.828125 0.234375 283 0.859375 0.265625 252 0.890625 0.234375 219 0.859375 0.203125 
252 0.890625 0.234375 251 0.859375 0.234375 284 0.890625 0.265625 253 0.921875 0.234375 220 0.890625 0.203125 
253 0.921875 0.234375 252 0.890625 0.234375 285 0.921875 0.265625 254 0.953125 0.234375 221 0.921875 0.203125 
254 0.953125 0.234375 253 0.921875 0.234375 286 0.953125 0.265625 255 0.984375 0.234375 222 0.953125 0.203125 
255 0.984375 0.234375 254 0.953125 0.234375 287 0.984375 0.265625 224 0.015625 0.234375 223 0.984375 0.203125 
257 0.046875 0.265625 256 0.015625 0.265625 289 0.046875 0.296875 258 0.078125 0.265625 225 0.046875 0.234375 
258 0.078125 0.265625 257 0.046875 0.265625 290 0.078125 0.296875 259 0.109375 0.265625 226 0.078125 0.234375 
259 0.109375 0.265625 258 0.078125 0.265625 291 0.109375 0.296875 260 0.140625 0.265625 227 0.109375 0.234375 
261 0.171875 0.265625 260 0.140625 0.265625 293 0.171875 0.296875 262 0.203125 0.265625 229 0.171875 0.234375 
263 0.234375 0.265625 262 0.203125 0.265625 295 0.234375 0.296875 264 0.265625 0.265625 231 0.234375 0.234375 
264 0.265625 0.265625 263 0.234375 0.265625 296 0.265625 0.296875 265 0.296875 0.265625 232 0.265625 0.234375 
265 0.296875 0.265625 264 0.265625 0.265625 297 0.296875 0.296875 266 0.328125 0.265625 233 0.296875 0.234375 
267 0.359375 0.265625 266 0.328125 0.265625 299 0.359375 0.296875 268 0.390625 0.265625 235 0.359375 0.234375 
268 0.390625 0.265625 267 0.359375 0.265625 300 0.390625 0.296875 269 0.421875 0.265625 236 0.390625 0.234375 
269 0.421875 0.265625 268 0.390625 0.265625 301 0.421875 0.296875 270 0.453125 0.265625 237 0.421875 0.234375 
270 0.453125 0.265625 269 0.421875 0.265625 302 0.453125 0.296875 271 0.484375 0.265625 238 0.453125 0.234375 
271 0.484375 0.265625 270 0.453125 0.265625 303 0.484375 0.296875 272 0.515625 0.265625 239 0.484375 0.234375 
272 0.515625 0.265625 271 0.484375 0.265625 304 0.515625 0.296875 273 0.546875 0.265625 240 0.515625 0.234375 
274 0.578125 0.265625 273 0.546875 0.265625 306 0.578125 0.296875 275 0.609375 0.265625 242 0.578125 0.234375 
275 0.609375 0.265625 274 0.578125 0.265625 307 0.609375 0.296875 276 0.640625 0.265625 243 0.609375 0.234375 
276 0.640625 0.265625 275 0.609375 0.265625 308 0.640625 0.296875 277 0.671875 0.265625 244 0.640625 0.234375 
277 0.671875 0.265625 276 0.640625 0.265625 309 0.671875 0.296875 278 0.703125 0.265625 245 0.671875 0.234375 
280 0.765625 0.265625 279 0.734375 0.265625 312 0.765625 0.296875 281 0.796875 0.265625 248 0.765625 0.234375 
281 0.796875 0.265625 280 0.765625 0.265625 313 0.796875 0.296875 282 0.828125 0.265625 249 0.796875 0.234375 
283 0.859375 0.265625 282 0.828125 0.265625 315 0.859375 0.296875 284 0.890625 0.265625 251 0.859375 0.234375 
284 0.890625 0.265625 283 0.859375 0.265625 316 0.890625 0.296875 285 0.921875 0.265625 252 0.890625 0.234375 
285 0.921875 0.265625 284 0.890625 0.265625 317 0.921875 0.296875 286 0.953125 0.265625 253 0.921875 0.234375 
286 0.953125 0.265625 285 0.921875 0.265625 318 0.953125 0.296875 287 0.984375 0.265625 254 0.953125 0.234375 
287 0.984375 0.265625 286 0.953125 0.265625 319 0.984375 0.296875 256 0.015625 0.265625 255 0.984375 0.234375 
289 0.046875 0.296875 288 0.015625 0.296875 321 0.046875 0.328125 290 0.078125 0.296875 257 0.046875 0.265625 
291 0.109375 0.296875 290 0.078125 0.296875 322 0.109375 0.328125 292 0.140625 0.296875 259 0.109375 0.265625 
292 0.140625 0.296875 291 0.109375 0.296875 323 0.140625 0.328125 293 0.171875 0.296875 260 0.140625 0.265625 
293 0.171875 0.296875 292 0.140625 0.296875 324 0.171875 0.328125 294 0.203125 0.296875 261 0.171875 0.265625 
294 0.203125 0.296875 293 0.171875 0.296875 325 0.203125 0.328125 295 0.234375 0.296875 262 0.203125 0.265625 
296 0.265625 0.296875 295 0.234375 0.296875 327 0.265625 0.328125 297 0.296875 0.296875 264 0.265625 0.265625 
297 0.296875 0.296875 296 0.265625 0.296875 328 0.296875 0.328125 298 0.328125 0.296875 265 0.296875 0.265625 
298 0.328125 0.296875 297 0.296875 0.296875 329 0.328125 0.328125 299 0.359375 0.296875 266 0.328125 0.265625 
300 0.390625 0.296875 299 0.359375 0.296875 331 0.390625 0.328125 301 0.421875 0.296875 268 0.390625 0.265625 
301 0.421875 0.296875 300 0.390625 0.296875 332 0.421875 0.328125 302 0.453125 0.296875 269 0.421875 0.265625 
302 0.453125 0.296875 301 0.421875 0.296875 333 0.453125 0.328125 303 0.484375 0.296875 270 0.453125 0.265625 
303 0.484375 0.296875 302 0.453125 0.296875 334 0.484375 0.328125 304 0.515625 0.296875 271 0.484375 0.265625 
304 0.515625 0.296875 303 0.484375 0.296875 335 0.515625 0.328125 305 0.546875 0.296875 272 0.515625 0.265625 
305 0.546875 0.296875 304 0.515625 0.296875 336 0.546875 0.328125 306 0.578125 0.296875 273 0.546875 0.265625 
307 0.609375 0.296875 306 0.578125 0.296875 338 0.609375 0.328125 308 0.640625 0.296875 275 0.609375 0.265625 
308 0.640625 0.296875 307 0.609375 0.296875 339 0.640625 0.328125 309 0.671875 0.296875 276 0.640625 0.265625 
309 0.671875 0.296875 308 0.640625 0.296875 340 0.671875 0.328125 310 0.703125 0.296875 277 0.671875 0.265625 
310 0.703125 0.296875 309 0.671875 0.296875 341 0.703125 0.328125 311 0.734375 0.296875 278 0.703125 0.265625 
311 0.734375 0.296875 310 0.703125 0.296875 342 0.734375 0.328125 312 0.765625 0.296875 279 0.734375 0.265625 
313 0.796875 0.296875 312 0.765625 0.296875 344 0.796875 0.328125 314 0.828125 0.296875 281 0.796875 0.265625 
314 0.828125 0.296875 313 0.796875 0.296875 345 0.828125 0.328125 315 0.859375 0.296875 282 0.828125 0.265625 
315 0.859375 0.296875 314 0.828125 0.296875 346 0.859375 0.328125 316 0.890625 0.296875 283 0.859375 0.265625 
316 0.890625 0.296875 315 0.859375 0.296875 347 0.890625 0.328125 317 0.921875 0.296875 284 0.890625 0.265625 
317 0.921875 0.296875 316 0.890625 0.296875 348 0.921875 0.328125 318 0.953125 0.296875 285 0.921875 0.265625 
319 0.984375 0.296875 318 0.953125 0.296875 350 0.984375 0.328125 288 0.015625 0.296875 287 0.984375 0.265625 
323 0.140625 0.328125 322 0.109375 0.328125 355 0.140625 0.359375 324 0.171875 0.328125 292 0.140625 0.296875 
324 0.171875 0.328125 323 0.140625 0.328125 356 0.171875 0.359375 325 0.203125 0.328125 293 0.171875 0.296875 
326 0.234375 0.328125 325 0.203125 0.328125 358 0.234375 0.359375 327 0.265625 0.328125 295 0.234375 0.296875 
328 0.296875 0.328125 327 0.265625 0.328125 360 0.296875 0.359375 329 0.328125 0.328125 297 0.296875 0.296875 
329 0.328125 0.328125 328 0.296875 0.328125 361 0.328125 0.359375 330 0.359375 0.328125 298 0.328125 0.296875 
330 0.359375 0.328125 329 0.328125 0.328125 362 0.359375 0.359375 331 0.390625 0.328125 299 0.359375 0.296875 
331 0.390625 0.328125 330 0.359375 0.328125 363 0.390625 0.359375 332 0.421875 0.328125 300 0.390625 0.296875 
333 0.453125 0.328125 332 0.421875 0.328125 365 0.453125 0.359375 334 0.484375 0.328125 302 0.453125 0.296875 
334 0.484375 0.328125 333 0.453125 0.328125 366 0.484375 0.359375 335 0.515625 0.328125 303 0.484375 0.296875 
336 0.546875 0.328125 335 0.515625 0.328125 368 0.546875 0.359375 337 0.578125 0.328125 305 0.546875 0.296875 
337 0.578125 0.328125 336 0.546875 0.328125 369 0.578125 0.359375 338 0.609375 0.328125 306 0.578125 0.296875 
338 0.609375 0.328125 337 0.578125 0.328125 370 0.609375 0.359375 339 0.640625 0.328125 307 0.609375 0.296875 
339 0.640625 0.328125 338 0.609375 0.328125 371 0.640625 0.359375 340 0.671875 0.328125 308 0.640625 0.296875 
343 0.765625 0.328125 342 0.734375 0.328125 375 0.765625 0.359375 344 0.796875 0.328125 312 0.765625 0.296875 
345 0.828125 0.328125 344 0.796875 0.328125 377 0.828125 0.359375 346 0.859375 0.328125 314 0.828125 0.296875 
346 0.859375 0.328125 345 0.828125 0.328125 378 0.859375 0.359375 347 0.890625 0.328125 315 0.859375 0.296875 
347 0.890625 0.328125 346 0.859375 0.328125 379 0.890625 0.359375 348 0.921875 0.328125 316 0.890625 0.296875 
348 0.921875 0.328125 347 0.890625 0.328125 380 0.921875 0.359375 349 0.953125 0.328125 317 0.921875 0.296875 
349 0.953125 0.328125 348 0.921875 0.328125 381 0.953125 0.359375 350 0.984375 0.328125 318 0.953125 0.296875 
351 0.015625 0.359375 382 0.984375 0.359375 383 0.015625 0.390625 352 0.046875 0.359375 320 0.015625 0.328125 
354 0.109375 0.359375 353 0.078125 0.359375 386 0.109375 0.390625 355 0.140625 0.359375 322 0.109375 0.328125 
356 0.171875 0.359375 355 0.140625 0.359375 388 0.171875 0.390625 357 0.203125 0.359375 324 0.171875 0.328125 
357 0.203125 0.359375 356 0.171875 0.359375 389 0.203125 0.390625 358 0.234375 0.359375 325 0.203125 0.328125 
358 0.234375 0.359375 357 0.203125 0.359375 390 0.234375 0.390625 359 0.265625 0.359375 326 0.234375 0.328125 
359 0.265625 0.359375 358 0.234375 0.359375 391 0.265625 0.390625 360 0.296875 0.359375 327 0.265625 0.328125 
361 0.328125 0.359375 360 0.296875 0.359375 393 0.328125 0.390625 362 0.359375 0.359375 329 0.328125 0.328125 
362 0.359375 0.359375 361 0.328125 0.359375 394 0.359375 0.390625 363 0.390625 0.359375 330 0.359375 0.328125 
363 0.390625 0.359375 362 0.359375 0.359375 395 0.390625 0.390625 364 0.421875 0.359375 331 0.390625 0.328125 
365 0.453125 0.359375 364 0.421875 0.359375 397 0.453125 0.390625 366 0.484375 0.359375 333 0.453125 0.328125 
366 0.484375 0.359375 365 0.453125 0.359375 398 0.484375 0.390625 367 0.515625 0.359375 334 0.484375 0.328125 
367 0.515625 0.359375 366 0.484375 0.359375 399 0.515625 0.390625 368 0.546875 0.359375 335 0.515625 0.328125 
370 0.609375 0.359375 369 0.578125 0.359375 402 0.609375 0.390625 371 0.640625 0.359375 338 0.609375 0.328125 
371 0.640625 0.359375 370 0.609375 0.359375 403 0.640625 0.390625 372 0.671875 0.359375 339 0.640625 0.328125 
372 0.671875 0.359375 371 0.640625 0.359375 404 0.671875 0.390625 373 0.703125 0.359375 340 0.671875 0.328125 
373 0.703125 0.359375 372 0.671875 0.359375 405 0.703125 0.390625 374 0.734375 0.359375 341 0.703125 0.328125 
374 0.734375 0.359375 373 0.703125 0.359375 406 0.734375 0.390625 375 0.765625 0.359375 342 0.734375 0.328125 
375 0.765625 0.359375 374 0.734375 0.359375 407 0.765625 0.390625 376 0.796875 0.359375 343 0.765625 0.328125 
376 0.796875 0.359375 375 0.765625 0.359375 408 0.796875 0.390625 377 0.828125 0.359375 344 0.796875 0.328125 
377 0.828125 0.359375 376 0.796875 0.359375 409 0.828125 0.390625 378 0.859375 0.359375 345 0.828125 0.328125 
378 0.859375 0.359375 377 0.828125 0.359375 410 0.859375 0.390625 379 0.890625 0.359375 346 0.859375 0.328125 
379 0.890625 0.359375 378 0.859375 0.359375 411 0.890625 0.390625 380 0.921875 0.359375 347 0.890625 0.328125 
382 0.984375 0.359375 381 0.953125 0.359375 414 0.984375 0.390625 351 0.015625 0.359375 350 0.984375 0.328125 
384 0.046875 0.390625 383 0.015625 0.390625 416 0.046875 0.421875 385 0.078125 0.390625 352 0.046875 0.359375 
385 0.078125 0.390625 384 0.046875 0.390625 417 0.078125 0.421875 386 0.109375 0.390625 353 0.078125 0.359375 
386 0.109375 0.390625 385 0.078125 0.390625 418 0.109375 0.421875 387 0.140625 0.390625 354 0.109375 0.359375 
388 0.171875 0.390625 387 0.140625 0.390625 420 0.171875 0.421875 389 0.203125 0.390625 356 0.171875 0.359375 
390 0.234375 0.390625 389 0.203125 0.390625 422 0.234375 0.421875 391 0.265625 0.390625 358 0.234375 0.359375 
391 0.265625 0.390625 390 0.234375 0.390625 423 0.265625 0.421875 392 0.296875 0.390625 359 0.265625 0.359375 
392 0.296875 0.390625 391 0.265625 0.390625 424 0.296875 0.421875 393 0.328125 0.390625 360 0.296875 0.359375 
394 0.359375 0.390625 393 0.328125 0.390625 426 0.359375 0.421875 395 0.390625 0.390625 362 0.359375 0.359375 
395 0.390625 0.390625 394 0.359375 0.390625 427 0.390625 0.421875 396 0.421875 0.390625 363 0.390625 0.359375 
398 0.484375 0.390625 397 0.453125 0.390625 430 0.484375 0.421875 399 0.515625 0.390625 366 0.484375 0.359375 
399 0.515625 0.390625 398 0.484375 0.390625 431 0.515625 0.421875 400 0.546875 0.390625 367 0.515625 0.359375 
400 0.546875 0.390625 399 0.515625 0.390625 432 0.546875 0.421875 401 0.578125 0.390625 368 0.546875 0.359375 
401 0.578125 0.390625 400 0.546875 0.390625 433 0.578125 0.421875 402 0.609375 0.390625 369 0.578125 0.359375 
403 0.640625 0.390625 402 0.609375 0.390625 435 0.640625 0.421875 404 0.671875 0.390625 371 0.640625 0.359375 
405 0.703125 0.390625 404 0.671875 0.390625 437 0.703125 0.421875 406 0.734375 0.390625 373 0.703125 0.359375 
407 0.765625 0.390625 406 0.734375 0.390625 439 0.765625 0.421875 408 0.796875 0.390625 375 0.765625 0.359375 
408 0.796875 0.390625 407 0.765625 0.390625 440 0.796875 0.421875 409 0.828125 0.390625 376 0.796875 0.359375 
409 0.828125 0.390625 408 0.796875 0.390625 441 0.828125 0.421875 410 0.859375 0.390625 377 0.828125 0.359375 
410 0.859375 0.390625 409 0.828125 0.390625 442 0.859375 0.421875 411 0.890625 0.390625 378 0.859375 0.359375 
411 0.890625 0.390625 410 0.859375 0.390625 443 0.890625 0.421875 412 0.921875 0.390625 379 0.890625 0.359375 
414 0.984375 0.390625 413 0.953125 0.390625 446 0.984375 0.421875 383 0.015625 0.390625 382 0.984375 0.359375 
415 0.015625 0.421875 446 0.984375 0.421875 447 0.015625 0.453125 416 0.046875 0.421875 383 0.015625 0.390625 
416 0.046875 0.421875 415 0.015625 0.421875 448 0.046875 0.453125 417 0.078125 0.421875 384 0.046875 0.390625 
417 0.078125 0.421875 416 0.046875 0.421875 449 0.078125 0.453125 418 0.109375 0.421875 385 0.078125 0.390625 
418 0.109375 0.421875 417 0.078125 0.421875 450 0.109375 0.453125 419 0.140625 0.421875 386 0.109375 0.390625 
419 0.140625 0.421875 418 0.109375 0.421875 451 0.140625 0.453125 420 0.171875 0.421875 387 0.140625 0.390625 
420 0.171875 0.421875 419 0.140625 0.421875 452 0.171875 0.453125 421 0.203125 0.421875 388 0.171875 0.390625 
421 0.203125 0.421875 420 0.171875 0.421875 453 0.203125 0.453125 422 0.234375 0.421875 389 0.203125 0.390625 
422 0.234375 0.421875 421 0.203125 0.421875 454 0.234375 0.453125 423 0.265625 0.421875 390 0.234375 0.390625 
424 0.296875 0.421875 423 0.265625 0.421875 456 0.296875 0.453125 425 0.328125 0.421875 392 0.296875 0.390625 
425 0.328125 0.421875 424 0.296875 0.421875 457 0.328125 0.453125 426 0.359375 0.421875 393 0.328125 0.390625 
427 0.390625 0.421875 426 0.359375 0.421875 459 0.390625 0.453125 428 0.421875 0.421875 395 0.390625 0.390625 
428 0.421875 0.421875 427 0.390625 0.421875 460 0.421875 0.453125 429 0.453125 0.421875 396 0.421875 0.390625 
429 0.453125 0.421875 428 0.421875 0.421875 461 0.453125 0.453125 430 0.484375 0.421875 397 0.453125 0.390625 
430 0.484375 0.421875 429 0.453125 0.421875 462 0.484375 0.453125 431 0.515625 0.421875 398 0.484375 0.390625 
431 0.515625 0.421875 430 0.484375 0.421875 463 0.515625 0.453125 432 0.546875 0.421875 399 0.515625 0.390625 
432 0.546875 0.421875 431 0.515625 0.421875 464 0.546875 0.453125 433 0.578125 0.421875 400 0.546875 0.390625 
433 0.578125 0.421875 432 0.546875 0.421875 465 0.578125 0.453125 434 0.609375 0.421875 401 0.578125 0.390625 
436 0.671875 0.421875 435 0.640625 0.421875 468 0.671875 0.453125 437 0.703125 0.421875 404 0.671875 0.390625 
438 0.734375 0.421875 437 0.703125 0.421875 470 0.734375 0.453125 439 0.765625 0.421875 406 0.734375 0.390625 
439 0.765625 0.421875 438 0.734375 0.421875 471 0.765625 0.453125 440 0.796875 0.421875 407 0.765625 0.390625 
441 0.828125 0.421875 440 0.796875 0.421875 473 0.828125 0.453125 442 0.859375 0.421875 409 0.828125 0.390625 
442 0.859375 0.421875 441 0.828125 0.421875 474 0.859375 0.453125 443 0.890625 0.421875 410 0.859375 0.390625 
443 0.890625 0.421875 442 0.859375 0.421875 475 0.890625 0.453125 444 0.921875 0.421875 411 0.890625 0.390625 
444 0.921875 0.421875 443 0.890625 0.421875 476 0.921875 0.453125 445 0.953125 0.421875 412 0.921875 0.390625 
446 0.984375 0.421875 445 0.953125 0.421875 478 0.984375 0.453125 415 0.015625 0.421875 414 0.984375 0.390625 
447 0.015625 0.453125 478 0.984375 0.453125 479 0.015625 0.484375 448 0.046875 0.453125 415 0.015625 0.421875 
450 0.109375 0.453125 449 0.078125 0.453125 482 0.109375 0.484375 451 0.140625 0.453125 418 0.109375 0.421875 
451 0.140625 0.453125 450 0.109375 0.453125 483 0.140625 0.484375 452 0.171875 0.453125 419 0.140625 0.421875 
452 0.171875 0.453125 451 0.140625 0.453125 484 0.171875 0.484375 453 0.203125 0.453125 420 0.171875 0.421875 
453 0.203125 0.453125 452 0.171875 0.453125 485 0.203125 0.484375 454 0.234375 0.453125 421 0.203125 0.421875 
455 0.265625 0.453125 454 0.234375 0.453125 487 0.265625 0.484375 456 0.296875 0.453125 423 0.265625 0.421875 
457 0.328125 0.453125 456 0.296875 0.453125 489 0.328125 0.484375 458 0.359375 0.453125 425 0.328125 0.421875 
458 0.359375 0.453125 457 0.328125 0.453125 490 0.359375 0.484375 459 0.390625 0.453125 426 0.359375 0.421875 
459 0.390625 0.453125 458 0.359375 0.453125 491 0.390625 0.484375 460 0.421875 0.453125 427 0.390625 0.421875 
460 0.421875 0.453125 459 0.390625 0.453125 492 0.421875 0.484375 461 0.453125 0.453125 428 0.421875 0.421875 
461 0.453125 0.453125 460 0.421875 0.453125 493 0.453125 0.484375 462 0.484375 0.453125 429 0.453125 0.421875 
462 0.484375 0.453125 461 0.453125 0.453125 494 0.484375 0.484375 463 0.515625 0.453125 430 0.484375 0.421875 
463 0.515625 0.453125 462 0.484375 0.453125 495 0.515625 0.484375 464 0.546875 0.453125 431 0.515625 0.421875 
464 0.546875 0.453125 463 0.515625 0.453125 496 0.546875 0.484375 465 0.578125 0.453125 432 0.546875 0.421875 
465 0.578125 0.453125 464 0.546875 0.453125 497 0.578125 0.484375 466 0.609375 0.453125 433 0.578125 0.421875 
467 0.640625 0.453125 466 0.609375 0.453125 499 0.640625 0.484375 468 0.671875 0.453125 435 0.640625 0.421875 
468 0.671875 0.453125 467 0.640625 0.453125 500 0.671875 0.484375 469 0.703125 0.453125 436 0.671875 0.421875 
469 0.703125 0.453125 468 0.671875 0.453125 501 0.703125 0.484375 470 0.734375 0.453125 437 0.703125 0.421875 
470 0.734375 0.453125 469 0.703125 0.453125 502 0.734375 0.484375 471 0.765625 0.453125 438 0.734375 0.421875 
471 0.765625 0.453125 470 0.734375 0.453125 503 0.765625 0.484375 472 0.796875 0.453125 439 0.765625 0.421875 
474 0.859375 0.453125 473 0.828125 0.453125 506 0.859375 0.484375 475 0.890625 0.453125 442 0.859375 0.421875 
475 0.890625 0.453125 474 0.859375 0.453125 507 0.890625 0.484375 476 0.921875 0.453125 443 0.890625 0.421875 
476 0.921875 0.453125 475 0.890625 0.453125 508 0.921875 0.484375 477 0.953125 0.453125 444 0.921875 0.421875 
477 0.953125 0.453125 476 0.921875 0.453125 509 0.953125 0.484375 478 0.984375 0.453125 445 0.953125 0.421875 
478 0.984375 0.453125 477 0.953125 0.453125 510 0.984375 0.484375 447 0.015625 0.453125 446 0.984375 0.421875 
479 0.015625 0.484375 510 0.984375 0.484375 511 0.015625 0.515625 480 0.046875 0.484375 447 0.015625 0.453125 
480 0.046875 0.484375 479 0.015625 0.484375 512 0.046875 0.515625 481 0.078125 0.484375 448 0.046875 0.453125 
481 0.078125 0.484375 480 0.046875 0.484375 513 0.078125 0.515625 482 0.109375 0.484375 449 0.078125 0.453125 
482 0.109375 0.484375 481 0.078125 0.484375 514 0.109375 0.515625 483 0.140625 0.484375 450 0.109375 0.453125 
485 0.203125 0.484375 484 0.171875 0.484375 517 0.203125 0.515625 486 0.234375 0.484375 453 0.203125 0.453125 
487 0.265625 0.484375 486 0.234375 0.484375 519 0.265625 0.515625 488 0.296875 0.484375 455 0.265625 0.453125 
488 0.296875 0.484375 487 0.265625 0.484375 520 0.296875 0.515625 489 0.328125 0.484375 456 0.296875 0.453125 
490 0.359375 0.484375 489 0.328125 0.484375 522 0.359375 0.515625 491 0.390625 0.484375 458 0.359375 0.453125 
491 0.390625 0.484375 490 0.359375 0.484375 523 0.390625 0.515625 492 0.421875 0.484375 459 0.390625 0.453125 
492 0.421875 0.484375 491 0.390625 0.484375 524 0.421875 0.515625 493 0.453125 0.484375 460 0.421875 0.453125 
493 0.453125 0.484375 492 0.421875 0.484375 525 0.453125 0.515625 494 0.484375 0.484375 461 0.453125 0.453125 
494 0.484375 0.484375 493 0.453125 0.484375 526 0.484375 0.515625 495 0.515625 0.484375 462 0.484375 0.453125 
500 0.671875 0.484375 499 0.640625 0.484375 532 0.671875 0.515625 501 0.703125 0.484375 468 0.671875 0.453125 
504 0.796875 0.484375 503 0.765625 0.484375 536 0.796875 0.515625 505 0.828125 0.484375 472 0.796875 0.453125 
506 0.859375 0.484375 505 0.828125 0.484375 538 0.859375 0.515625 507 0.890625 0.484375 474 0.859375 0.453125 
507 0.890625 0.484375 506 0.859375 0.484375 539 0.890625 0.515625 508 0.921875 0.484375 475 0.890625 0.453125 
508 0.921875 0.484375 507 0.890625 0.484375 540 0.921875 0.515625 509 0.953125 0.484375 476 0.921875 0.453125 
511 0.015625 0.515625 542 0.984375 0.515625 543 0.015625 0.546875 512 0.046875 0.515625 479 0.015625 0.484375 
512 0.046875 0.515625 511 0.015625 0.515625 544 0.046875 0.546875 513 0.078125 0.515625 480 0.046875 0.484375 
513 0.078125 0.515625 512 0.046875 0.515625 545 0.078125 0.546875 514 0.109375 0.515625 481 0.078125 0.484375 
514 0.109375 0.515625 513 0.078125 0.515625 546 0.109375 0.546875 515 0.140625 0.515625 482 0.109375 0.484375 
515 0.140625 0.515625 514 0.109375 0.515625 547 0.140625 0.546875 516 0.171875 0.515625 483 0.140625 0.484375 
516 0.171875 0.515625 515 0.140625 0.515625 548 0.171875 0.546875 517 0.203125 0.515625 484 0.171875 0.484375 
517 0.203125 0.515625 516 0.171875 0.515625 549 0.203125 0.546875 518 0.234375 0.515625 485 0.203125 0.484375 
519 0.265625 0.515625 518 0.234375 0.515625 551 0.265625 0.546875 520 0.296875 0.515625 487 0.265625 0.484375 
520 0.296875 0.515625 519 0.265625 0.515625 552 0.296875 0.546875 521 0.328125 0.515625 488 0.296875 0.484375 
521 0.328125 0.515625 520 0.296875 0.515625 553 0.328125 0.546875 522 0.359375 0.515625 489 0.328125 0.484375 
522 0.359375 0.515625 521 0.328125 0.515625 554 0.359375 0.546875 523 0.390625 0.515625 490 0.359375 0.484375 
523 0.390625 0.515625 522 0.359375 0.515625 555 0.390625 0.546875 524 0.421875 0.515625 491 0.390625 0.484375 
524 0.421875 0.515625 523 0.390625 0.515625 556 0.421875 0.546875 525 0.453125 0.515625 492 0.421875 0.484375 
525 0.453125 0.515625 524 0.421875 0.515625 557 0.453125 0.546875 526 0.484375 0.515625 493 0.453125 0.484375 
526 0.484375 0.515625 525 0.453125 0.515625 558 0.484375 0.546875 527 0.515625 0.515625 494 0.484375 0.484375 
527 0.515625 0.515625 526 0.484375 0.515625 559 0.515625 0.546875 528 0.546875 0.515625 495 0.515625 0.484375 
529 0.578125 0.515625 528 0.546875 0.515625 561 0.578125 0.546875 530 0.609375 0.515625 497 0.578125 0.484375 
530 0.609375 0.515625 529 0.578125 0.515625 562 0.609375 0.546875 531 0.640625 0.515625 498 0.609375 0.484375 
531 0.640625 0.515625 530 0.609375 0.515625 563 0.640625 0.546875 532 0.671875 0.515625 499 0.640625 0.484375 
532 0.671875 0.515625 531 0.640625 0.515625 564 0.671875 0.546875 533 0.703125 0.515625 500 0.671875 0.484375 
533 0.703125 0.515625 532 0.671875 0.515625 565 0.703125 0.546875 534 0.734375 0.515625 501 0.703125 0.484375 
534 0.734375 0.515625 533 0.703125 0.515625 566 0.734375 0.546875 535 0.765625 0.515625 502 0.734375 0.484375 
535 0.765625 0.515625 534 0.734375 0.515625 567 0.765625 0.546875 536 0.796875 0.515625 503 0.765625 0.484375 
537 0.828125 0.515625 536 0.796875 0.515625 569 0.828125 0.546875 538 0.859375 0.515625 505 0.828125 0.484375 
538 0.859375 0.515625 537 0.828125 0.515625 570 0.859375 0.546875 539 0.890625 0.515625 506 0.859375 0.484375 
539 0.890625 0.515625 538 0.859375 0.515625 571 0.890625 0.546875 540 0.921875 0.515625 507 0.890625 0.484375 
540 0.921875 0.515625 539 0.890625 0.515625 572 0.921875 0.546875 541 0.953125 0.515625 508 0.921875 0.484375 
541 0.953125 0.515625 540 0.921875 0.515625 573 0.953125 0.546875 542 0.984375 0.515625 509 0.953125 0.484375 
542 0.984375 0.515625 541 0.953125 0.515625 574 0.984375 0.546875 511 0.015625 0.515625 510 0.984375 0.484375 
543 0.015625 0.546875 574 0.984375 0.546875 575 0.015625 0.578125 544 0.046875 0.546875 511 0.015625 0.515625 
544 0.046875 0.546875 543 0.015625 0.546875 576 0.046875 0.578125 545 0.078125 0.546875 512 0.046875 0.515625 
545 0.078125 0.546875 544 0.046875 0.546875 577 0.078125 0.578125 546 0.109375 0.546875 513 0.078125 0.515625 
547 0.140625 0.546875 546 0.109375 0.546875 579 0.140625 0.578125 548 0.171875 0.546875 515 0.140625 0.515625 
548 0.171875 0.546875 547 0.140625 0.546875 580 0.171875 0.578125 549 0.203125 0.546875 516 0.171875 0.515625 
549 0.203125 0.546875 548 0.171875 0.546875 581 0.203125 0.578125 550 0.234375 0.546875 517 0.203125 0.515625 
550 0.234375 0.546875 549 0.203125 0.546875 582 0.234375 0.578125 551 0.265625 0.546875 518 0.234375 0.515625 
551 0.265625 0.546875 550 0.234375 0.546875 583 0.265625 0.578125 552 0.296875 0.546875 519 0.265625 0.515625 
552 0.296875 0.546875 551 0.265625 0.546875 584 0.296875 0.578125 553 0.328125 0.546875 520 0.296875 0.515625 
553 0.328125 0.546875 552 0.296875 0.546875 585 0.328125 0.578125 554 0.359375 0.546875 521 0.328125 0.515625 
554 0.359375 0.546875 553 0.328125 0.546875 586 0.359375 0.578125 555 0.390625 0.546875 522 0.359375 0.515625 
555 0.390625 0.546875 554 0.359375 0.546875 587 0.390625 0.578125 556 0.421875 0.546875 523 0.390625 0.515625 
557 0.453125 0.546875 556 0.421875 0.546875 589 0.453125 0.578125 558 0.484375 0.546875 525 0.453125 0.515625 
558 0.484375 0.546875 557 0.453125 0.546875 590 0.484375 0.578125 559 0.515625 0.546875 526 0.484375 0.515625 
559 0.515625 0.546875 558 0.484375 0.546875 591 0.515625 0.578125 560 0.546875 0.546875 527 0.515625 0.515625 
561 0.578125 0.546875 560 0.546875 0.546875 593 0.578125 0.578125 562 0.609375 0.546875 529 0.578125 0.515625 
562 0.609375 0.546875 561 0.578125 0.546875 594 0.609375 0.578125 563 0.640625 0.546875 530 0.609375 0.515625 
563 0.640625 0.546875 562 0.609375 0.546875 595 0.640625 0.578125 564 0.671875 0.546875 531 0.640625 0.515625 
564 0.671875 0.546875 563 0.640625 0.546875 596 0.671875 0.578125 565 0.703125 0.546875 532 0.671875 0.515625 
565 0.703125 0.546875 564 0.671875 0.546875 597 0.703125 0.578125 566 0.734375 0.546875 533 0.703125 0.515625 
568 0.796875 0.546875 567 0.765625 0.546875 600 0.796875 0.578125 569 0.828125 0.546875 536 0.796875 0.515625 
569 0.828125 0.546875 568 0.796875 0.546875 601 0.828125 0.578125 570 0.859375 0.546875 537 0.828125 0.515625 
570 0.859375 0.546875 569 0.828125 0.546875 602 0.859375 0.578125 571 0.890625 0.546875 538 0.859375 0.515625 
573 0.953125 0.546875 572 0.921875 0.546875 605 0.953125 0.578125 574 0.984375 0.546875 541 0.953125 0.515625 
575 0.015625 0.578125 606 0.984375 0.578125 607 0.015625 0.609375 576 0.046875 0.578125 543 0.015625 0.546875 
576 0.046875 0.578125 575 0.015625 0.578125 608 0.046875 0.609375 577 0.078125 0.578125 544 0.046875 0.546875 
577 0.078125 0.578125 576 0.046875 0.578125 609 0.078125 0.609375 578 0.109375 0.578125 545 0.078125 0.546875 
578 0.109375 0.578125 577 0.078125 0.578125 610 0.109375 0.609375 579 0.140625 0.578125 546 0.109375 0.546875 
579 0.140625 0.578125 578 0.109375 0.578125 611 0.140625 0.609375 580 0.171875 0.578125 547 0.140625 0.546875 
582 0.234375 0.578125 581 0.203125 0.578125 614 0.234375 0.609375 583 0.265625 0.578125 550 0.234375 0.546875 
583 0.265625 0.578125 582 0.234375 0.578125 615 0.265625 0.609375 584 0.296875 0.578125 551 0.265625 0.546875 
584 0.296875 0.578125 583 0.265625 0.578125 616 0.296875 0.609375 585 0.328125 0.578125 552 0.296875 0.546875 
585 0.328125 0.578125 584 0.296875 0.578125 617 0.328125 0.609375 586 0.359375 0.578125 553 0.328125 0.546875 
586 0.359375 0.578125 585 0.328125 0.578125 618 0.359375 0.609375 587 0.390625 0.578125 554 0.359375 0.546875 
587 0.390625 0.578125 586 0.359375 0.578125 619 0.390625 0.609375 588 0.421875 0.578125 555 0.390625 0.546875 
588 0.421875 0.578125 587 0.390625 0.578125 620 0.421875 0.609375 589 0.453125 0.578125 556 0.421875 0.546875 
589 0.453125 0.578125 588 0.421875 0.578125 621 0.453125 0.609375 590 0.484375 0.578125 557 0.453125 0.546875 
590 0.484375 0.578125 589 0.453125 0.578125 622 0.484375 0.609375 591 0.515625 0.578125 558 0.484375 0.546875 
591 0.515625 0.578125 590 0.484375 0.578125 623 0.515625 0.609375 592 0.546875 0.578125 559 0.515625 0.546875 
592 0.546875 0.578125 591 0.515625 0.578125 624 0.546875 0.609375 593 0.578125 0.578125 560 0.546875 0.546875 
593 0.578125 0.578125 592 0.546875 0.578125 625 0.578125 0.609375 594 0.609375 0.578125 561 0.578125 0.546875 
594 0.609375 0.578125 593 0.578125 0.578125 626 0.609375 0.609375 595 0.640625 0.578125 562 0.609375 0.546875 
595 0.640625 0.578125 594 0.609375 0.578125 627 0.640625 0.609375 596 0.671875 0.578125 563 0.640625 0.546875 
596 0.671875 0.578125 595 0.640625 0.578125 628 0.671875 0.609375 597 0.703125 0.578125 564 0.671875 0.546875 
597 0.703125 0.578125 596 0.671875 0.578125 629 0.703125 0.609375 598 0.734375 0.578125 565 0.703125 0.546875 
598 0.734375 0.578125 597 0.703125 0.578125 630 0.734375 0.609375 599 0.765625 0.578125 566 0.734375 0.546875 
599 0.765625 0.578125 598 0.734375 0.578125 631 0.765625 0.609375 600 0.796875 0.578125 567 0.765625 0.546875 
600 0.796875 0.578125 599 0.765625 0.578125 632 0.796875 0.609375 601 0.828125 0.578125 568 0.796875 0.546875 
601 0.828125 0.578125 600 0.796875 0.578125 633 0.828125 0.609375 602 0.859375 0.578125 569 0.828125 0.546875 
602 0.859375 0.578125 601 0.828125 0.578125 634 0.859375 0.609375 603 0.890625 0.578125 570 0.859375 0.546875 
603 0.890625 0.578125 602 0.859375 0.578125 635 0.890625 0.609375 604 0.921875 0.578125 571 0.890625 0.546875 
604 0.921875 0.578125 603 0.890625 0.578125 636 0.921875 0.609375 605 0.953125 0.578125 572 0.921875 0.546875 
605 0.953125 0.578125 604 0.921875 0.578125 637 0.953125 0.609375 606 0.984375 0.578125 573 0.953125 0.546875 
606 0.984375 0.578125 605 0.953125 0.578125 638 0.984375 0.609375 575 0.015625 0.578125 574 0.984375 0.546875 
607 0.015625 0.609375 638 0.984375 0.609375 639 0.015625 0.640625 608 0.046875 0.609375 575 0.015625 0.578125 
608 0.046875 0.609375 607 0.015625 0.609375 640 0.046875 0.640625 609 0.078125 0.609375 576 0.046875 0.578125 
610 0.109375 0.609375 609 0.078125 0.609375 642 0.109375 0.640625 611 0.140625 0.609375 578 0.109375 0.578125 
611 0.140625 0.609375 610 0.109375 0.609375 643 0.140625 0.640625 612 0.171875 0.609375 579 0.140625 0.578125 
612 0.171875 0.609375 611 0.140625 0.609375 644 0.171875 0.640625 613 0.203125 0.609375 580 0.171875 0.578125 
615 0.265625 0.609375 614 0.234375 0.609375 647 0.265625 0.640625 616 0.296875 0.609375 583 0.265625 0.578125 
616 0.296875 0.609375 615 0.265625 0.609375 648 0.296875 0.640625 617 0.328125 0.609375 584 0.296875 0.578125 
617 0.328125 0.609375 616 0.296875 0.609375 649 0.328125 0.640625 618 0.359375 0.609375 585 0.328125 0.578125 
618 0.359375 0.609375 617 0.328125 0.609375 650 0.359375 0.640625 619 0.390625 0.609375 586 0.359375 0.578125 
619 0.390625 0.609375 618 0.359375 0.609375 651 0.390625 0.640625 620 0.421875 0.609375 587 0.390625 0.578125 
620 0.421875 0.609375 619 0.390625 0.609375 652 0.421875 0.640625 621 0.453125 0.609375 588 0.421875 0.578125 
621 0.453125 0.609375 620 0.421875 0.609375 653 0.453125 0.640625 622 0.484375 0.609375 589 0.453125 0.578125 
622 0.484375 0.609375 621 0.453125 0.609375 654 0.484375 0.640625 623 0.515625 0.609375 590 0.484375 0.578125 
623 0.515625 0.609375 622 0.484375 0.609375 655 0.515625 0.640625 624 0.546875 0.609375 591 0.515625 0.578125 
624 0.546875 0.609375 623 0.515625 0.609375 656 0.546875 0.640625 625 0.578125 0.609375 592 0.546875 0.578125 
625 0.578125 0.609375 624 0.546875 0.609375 657 0.578125 0.640625 626 0.609375 0.609375 593 0.578125 0.578125 
626 0.609375 0.609375 625 0.578125 0.609375 658 0.609375 0.640625 627 0.640625 0.609375 594 0.609375 0.578125 
627 0.640625 0.609375 626 0.609375 0.609375 659 0.640625 0.640625 628 0.671875 0.609375 595 0.640625 0.578125 
628 0.671875 0.609375 627 0.640625 0.609375 660 0.671875 0.640625 629 0.703125 0.609375 596 0.671875 0.578125 
630 0.734375 0.609375 629 0.703125 0.609375 662 0.734375 0.640625 631 0.765625 0.609375 598 0.734375 0.578125 
631 0.765625 0.609375 630 0.734375 0.609375 663 0.765625 0.640625 632 0.796875 0.609375 599 0.765625 0.578125 
632 0.796875 0.609375 631 0.765625 0.609375 664 0.796875 0.640625 633 0.828125 0.609375 600 0.796875 0.578125 
636 0.921875 0.609375 635 0.890625 0.609375 668 0.921875 0.640625 637 0.953125 0.609375 604 0.921875 0.578125 
637 0.953125 0.609375 636 0.921875 0.609375 669 0.953125 0.640625 638 0.984375 0.609375 605 0.953125 0.578125 
638 0.984375 0.609375 637 0.953125 0.609375 670 0.984375 0.640625 607 0.015625 0.609375 606 0.984375 0.578125 
639 0.015625 0.640625 670 0.984375 0.640625 671 0.015625 0.671875 640 0.046875 0.640625 607 0.015625 0.609375 
640 0.046875 0.640625 639 0.015625 0.640625 672 0.046875 0.671875 641 0.078125 0.640625 608 0.046875 0.609375 
641 0.078125 0.640625 640 0.046875 0.640625 673 0.078125 0.671875 642 0.109375 0.640625 609 0.078125 0.609375 
642 0.109375 0.640625 641 0.078125 0.640625 674 0.109375 0.671875 643 0.140625 0.640625 610 0.109375 0.609375 
643 0.140625 0.640625 642 0.109375 0.640625 675 0.140625 0.671875 644 0.171875 0.640625 611 0.140625 0.609375 
644 0.171875 0.640625 643 0.140625 0.640625 676 0.171875 0.671875 645 0.203125 0.640625 612 0.171875 0.609375 
645 0.203125 0.640625 644 0.171875 0.640625 677 0.203125 0.671875 646 0.234375 0.640625 613 0.203125 0.609375 
646 0.234375 0.640625 645 0.203125 0.640625 678 0.234375 0.671875 647 0.265625 0.640625 614 0.234375 0.609375 
648 0.296875 0.640625 647 0.265625 0.640625 680 0.296875 0.671875 649 0.328125 0.640625 616 0.296875 0.609375 
649 0.328125 0.640625 648 0.296875 0.640625 681 0.328125 0.671875 650 0.359375 0.640625 617 0.328125 0.609375 
650 0.359375 0.640625 649 0.328125 0.640625 682 0.359375 0.671875 651 0.390625 0.640625 618 0.359375 0.609375 
651 0.390625 0.640625 650 0.359375 0.640625 683 0.390625 0.671875 652 0.421875 0.640625 619 0.390625 0.609375 
654 0.484375 0.640625 653 0.453125 0.640625 686 0.484375 0.671875 655 0.515625 0.640625 622 0.484375 0.609375 
655 0.515625 0.640625 654 0.484375 0.640625 687 0.515625 0.671875 656 0.546875 0.640625 623 0.515625 0.609375 
658 0.609375 0.640625 657 0.578125 0.640625 690 0.609375 0.671875 659 0.640625 0.640625 626 0.609375 0.609375 
659 0.640625 0.640625 658 0.609375 0.640625 691 0.640625 0.671875 660 0.671875 0.640625 627 0.640625 0.609375 
660 0.671875 0.640625 659 0.640625 0.640625 692 0.671875 0.671875 661 0.703125 0.640625 628 0.671875 0.609375 
661 0.703125 0.640625 660 0.671875 0.640625 693 0.703125 0.671875 662 0.734375 0.640625 629 0.703125 0.609375 
663 0.765625 0.640625 662 0.734375 0.640625 695 0.765625 0.671875 664 0.796875 0.640625 631 0.765625 0.609375 
664 0.796875 0.640625 663 0.765625 0.640625 696 0.796875 0.671875 665 0.828125 0.640625 632 0.796875 0.609375 
665 0.828125 0.640625 664 0.796875 0.640625 697 0.828125 0.671875 666 0.859375 0.640625 633 0.828125 0.609375 
667 0.890625 0.640625 666 0.859375 0.640625 699 0.890625 0.671875 668 0.921875 0.640625 635 0.890625 0.609375 
669 0.953125 0.640625 668 0.921875 0.640625 701 0.953125 0.671875 670 0.984375 0.640625 637 0.953125 0.609375 
670 0.984375 0.640625 669 0.953125 0.640625 702 0.984375 0.671875 639 0.015625 0.640625 638 0.984375 0.609375 
671 0.015625 0.671875 702 0.984375 0.671875 703 0.015625 0.703125 672 0.046875 0.671875 639 0.015625 0.640625 
673 0.078125 0.671875 672 0.046875 0.671875 705 0.078125 0.703125 674 0.109375 0.671875 641 0.078125 0.640625 
674 0.109375 0.671875 673 0.078125 0.671875 706 0.109375 0.703125 675 0.140625 0.671875 642 0.109375 0.640625 
675 0.140625 0.671875 674 0.109375 0.671875 707 0.140625 0.703125 676 0.171875 0.671875 643 0.140625 0.640625 
676 0.171875 0.671875 675 0.140625 0.671875 708 0.171875 0.703125 677 0.203125 0.671875 644 0.171875 0.640625 
677 0.203125 0.671875 676 0.171875 0.671875 709 0.203125 0.703125 678 0.234375 0.671875 645 0.203125 0.640625 
678 0.234375 0.671875 677 0.203125 0.671875 710 0.234375 0.703125 679 0.265625 0.671875 646 0.234375 0.640625 
679 0.265625 0.671875 678 0.234375 0.671875 711 0.265625 0.703125 680 0.296875 0.671875 647 0.265625 0.640625 
681 0.328125 0.671875 680 0.296875 0.671875 713 0.328125 0.703125 682 0.359375 0.671875 649 0.328125 0.640625 
682 0.359375 0.671875 681 0.328125 0.671875 714 0.359375 0.703125 683 0.390625 0.671875 650 0.359375 0.640625 
683 0.390625 0.671875 682 0.359375 0.671875 715 0.390625 0.703125 684 0.421875 0.671875 651 0.390625 0.640625 
684 0.421875 0.671875 683 0.390625 0.671875 716 0.421875 0.703125 685 0.453125 0.671875 652 0.421875 0.640625 
685 0.453125 0.671875 684 0.421875 0.671875 717 0.453125 0.703125 686 0.484375 0.671875 653 0.453125 0.640625 
686 0.484375 0.671875 685 0.453125 0.671875 718 0.484375 0.703125 687 0.515625 0.671875 654 0.484375 0.640625 
687 0.515625 0.671875 686 0.484375 0.671875 719 0.515625 0.703125 688 0.546875 0.671875 655 0.515625 0.640625 
689 0.578125 0.671875 688 0.546875 0.671875 721 0.578125 0.703125 690 0.609375 0.671875 657 0.578125 0.640625 
691 0.640625 0.671875 690 0.609375 0.671875 723 0.640625 0.703125 692 0.671875 0.671875 659 0.640625 0.640625 
692 0.671875 0.671875 691 0.640625 0.671875 724 0.671875 0.703125 693 0.703125 0.671875 660 0.671875 0.640625 
693 0.703125 0.671875 692 0.671875 0.671875 725 0.703125 0.703125 694 0.734375 0.671875 661 0.703125 0.640625 
694 0.734375 0.671875 693 0.703125 0.671875 726 0.734375 0.703125 695 0.765625 0.671875 662 0.734375 0.640625 
695 0.765625 0.671875 694 0.734375 0.671875 727 0.765625 0.703125 696 0.796875 0.671875 663 0.765625 0.640625 
697 0.828125 0.671875 696 0.796875 0.671875 729 0.828125 0.703125 698 0.859375 0.671875 665 0.828125 0.640625 
698 0.859375 0.671875 697 0.828125 0.671875 730 0.859375 0.703125 699 0.890625 0.671875 666 0.859375 0.640625 
699 0.890625 0.671875 698 0.859375 0.671875 731 0.890625 0.703125 700 0.921875 0.671875 667 0.890625 0.640625 
700 0.921875 0.671875 699 0.890625 0.671875 732 0.921875 0.703125 701 0.953125 0.671875 668 0.921875 0.640625 
701 0.953125 0.671875 700 0.921875 0.671875 733 0.953125 0.703125 702 0.984375 0.671875 669 0.953125 0.640625 
702 0.984375 0.671875 701 0.953125 0.671875 734 0.984375 0.703125 671 0.015625 0.671875 670 0.984375 0.640625 
703 0.015625 0.703125 734 0.984375 0.703125 735 0.015625 0.734375 704 0.046875 0.703125 671 0.015625 0.671875 
704 0.046875 0.703125 703 0.015625 0.703125 736 0.046875 0.734375 705 0.078125 0.703125 672 0.046875 0.671875 
707 0.140625 0.703125 706 0.109375 0.703125 739 0.140625 0.734375 708 0.171875 0.703125 675 0.140625 0.671875 
708 0.171875 0.703125 707 0.140625 0.703125 740 0.171875 0.734375 709 0.203125 0.703125 676 0.171875 0.671875 
710 0.234375 0.703125 709 0.203125 0.703125 742 0.234375 0.734375 711 0.265625 0.703125 678 0.234375 0.671875 
711 0.265625 0.703125 710 0.234375 0.703125 743 0.265625 0.734375 712 0.296875 0.703125 679 0.265625 0.671875 
713 0.328125 0.703125 712 0.296875 0.703125 745 0.328125 0.734375 714 0.359375 0.703125 681 0.328125 0.671875 
714 0.359375 0.703125 713 0.328125 0.703125 746 0.359375 0.734375 715 0.390625 0.703125 682 0.359375 0.671875 
715 0.390625 0.703125 714 0.359375 0.703125 747 0.390625 0.734375 716 0.421875 0.703125 683 0.390625 0.671875 
716 0.421875 0.703125 715 0.390625 0.703125 748 0.421875 0.734375 717 0.453125 0.703125 684 0.421875 0.671875 
717 0.453125 0.703125 716 0.421875 0.703125 749 0.453125 0.734375 718 0.484375 0.703125 685 0.453125 0.671875 
719 0.515625 0.703125 718 0.484375 0.703125 751 0.515625 0.734375 720 0.546875 0.703125 687 0.515625 0.671875 
720 0.546875 0.703125 719 0.515625 0.703125 752 0.546875 0.734375 721 0.578125 0.703125 688 0.546875 0.671875 
725 0.703125 0.703125 724 0.671875 0.703125 757 0.703125 0.734375 726 0.734375 0.703125 693 0.703125 0.671875 
726 0.734375 0.703125 725 0.703125 0.703125 758 0.734375 0.734375 727 0.765625 0.703125 694 0.734375 0.671875 
727 0.765625 0.703125 726 0.734375 0.703125 759 0.765625 0.734375 728 0.796875 0.703125 695 0.765625 0.671875 
728 0.796875 0.703125 727 0.765625 0.703125 760 0.796875 0.734375 729 0.828125 0.703125 696 0.796875 0.671875 
730 0.859375 0.703125 729 0.828125 0.703125 762 0.859375 0.734375 731 0.890625 0.703125 698 0.859375 0.671875 
731 0.890625 0.703125 730 0.859375 0.703125 763 0.890625 0.734375 732 0.921875 0.703125 699 0.890625 0.671875 
732 0.921875 0.703125 731 0.890625 0.703125 764 0.921875 0.734375 733 0.953125 0.703125 700 0.921875 0.671875 
734 0.984375 0.703125 733 0.953125 0.703125 766 0.984375 0.734375 703 0.015625 0.703125 702 0.984375 0.671875 
736 0.046875 0.734375 735 0.015625 0.734375 768 0.046875 0.765625 737 0.078125 0.734375 704 0.046875 0.703125 
739 0.140625 0.734375 738 0.109375 0.734375 771 0.140625 0.765625 740 0.171875 0.734375 707 0.140625 0.703125 
740 0.171875 0.734375 739 0.140625 0.734375 772 0.171875 0.765625 741 0.203125 0.734375 708 0.171875 0.703125 
743 0.265625 0.734375 742 0.234375 0.734375 775 0.265625 0.765625 744 0.296875 0.734375 711 0.265625 0.703125 
744 0.296875 0.734375 743 0.265625 0.734375 776 0.296875 0.765625 745 0.328125 0.734375 712 0.296875 0.703125 
746 0.359375 0.734375 745 0.328125 0.734375 778 0.359375 0.765625 747 0.390625 0.734375 714 0.359375 0.703125 
747 0.390625 0.734375 746 0.359375 0.734375 779 0.390625 0.765625 748 0.421875 0.734375 715 0.390625 0.703125 
750 0.484375 0.734375 749 0.453125 0.734375 782 0.484375 0.765625 751 0.515625 0.734375 718 0.484375 0.703125 
751 0.515625 0.734375 750 0.484375 0.734375 783 0.515625 0.765625 752 0.546875 0.734375 719 0.515625 0.703125 
752 0.546875 0.734375 751 0.515625 0.734375 784 0.546875 0.765625 753 0.578125 0.734375 720 0.546875 0.703125 
753 0.578125 0.734375 752 0.546875 0.734375 785 0.578125 0.765625 754 0.609375 0.734375 721 0.578125 0.703125 
754 0.609375 0.734375 753 0.578125 0.734375 786 0.609375 0.765625 755 0.640625 0.734375 722 0.609375 0.703125 
755 0.640625 0.734375 754 0.609375 0.734375 787 0.640625 0.765625 756 0.671875 0.734375 723 0.640625 0.703125 
756 0.671875 0.734375 755 0.640625 0.734375 788 0.671875 0.765625 757 0.703125 0.734375 724 0.671875 0.703125 
762 0.859375 0.734375 761 0.828125 0.734375 794 0.859375 0.765625 763 0.890625 0.734375 730 0.859375 0.703125 
763 0.890625 0.734375 762 0.859375 0.734375 795 0.890625 0.765625 764 0.921875 0.734375 731 0.890625 0.703125 
764 0.921875 0.734375 763 0.890625 0.734375 796 0.921875 0.765625 765 0.953125 0.734375 732 0.921875 0.703125 
766 0.984375 0.734375 765 0.953125 0.734375 798 0.984375 0.765625 735 0.015625 0.734375 734 0.984375 0.703125 
767 0.015625 0.765625 798 0.984375 0.765625 799 0.015625 0.796875 768 0.046875 0.765625 735 0.015625 0.734375 
769 0.078125 0.765625 768 0.046875 0.765625 801 0.078125 0.796875 770 0.109375 0.765625 737 0.078125 0.734375 
770 0.109375 0.765625 769 0.078125 0.765625 802 0.109375 0.796875 771 0.140625 0.765625 738 0.109375 0.734375 
772 0.171875 0.765625 771 0.140625 0.765625 804 0.171875 0.796875 773 0.203125 0.765625 740 0.171875 0.734375 
773 0.203125 0.765625 772 0.171875 0.765625 805 0.203125 0.796875 774 0.234375 0.765625 741 0.203125 0.734375 
774 0.234375 0.765625 773 0.203125 0.765625 806 0.234375 0.796875 775 0.265625 0.765625 742 0.234375 0.734375 
775 0.265625 0.765625 774 0.234375 0.765625 807 0.265625 0.796875 776 0.296875 0.765625 743 0.265625 0.734375 
777 0.328125 0.765625 776 0.296875 0.765625 809 0.328125 0.796875 778 0.359375 0.765625 745 0.328125 0.734375 
778 0.359375 0.765625 777 0.328125 0.765625 810 0.359375 0.796875 779 0.390625 0.765625 746 0.359375 0.734375 
781 0.453125 0.765625 780 0.421875 0.765625 813 0.453125 0.796875 782 0.484375 0.765625 749 0.453125 0.734375 
782 0.484375 0.765625 781 0.453125 0.765625 814 0.484375 0.796875 783 0.515625 0.765625 750 0.484375 0.734375 
785 0.578125 0.765625 784 0.546875 0.765625 817 0.578125 0.796875 786 0.609375 0.765625 753 0.578125 0.734375 
787 0.640625 0.765625 786 0.609375 0.765625 819 0.640625 0.796875 788 0.671875 0.765625 755 0.640625 0.734375 
790 0.734375 0.765625 789 0.703125 0.765625 822 0.734375 0.796875 791 0.765625 0.765625 758 0.734375 0.734375 
791 0.765625 0.765625 790 0.734375 0.765625 823 0.765625 0.796875 792 0.796875 0.765625 759 0.765625 0.734375 
792 0.796875 0.765625 791 0.765625 0.765625 824 0.796875 0.796875 793 0.828125 0.765625 760 0.796875 0.734375 
794 0.859375 0.765625 793 0.828125 0.765625 826 0.859375 0.796875 795 0.890625 0.765625 762 0.859375 0.734375 
795 0.890625 0.765625 794 0.859375 0.765625 827 0.890625 0.796875 796 0.921875 0.765625 763 0.890625 0.734375 
796 0.921875 0.765625 795 0.890625 0.765625 828 0.921875 0.796875 797 0.953125 0.765625 764 0.921875 0.734375 
797 0.953125 0.765625 796 0.921875 0.765625 829 0.953125 0.796875 798 0.984375 0.765625 765 0.953125 0.734375 
798 0.984375 0.765625 797 0.953125 0.765625 830 0.984375 0.796875 767 0.015625 0.765625 766 0.984375 0.734375 
799 0.015625 0.796875 830 0.984375 0.796875 831 0.015625 0.828125 800 0.046875 0.796875 767 0.015625 0.765625 
800 0.046875 0.796875 799 0.015625 0.796875 832 0.046875 0.828125 801 0.078125 0.796875 768 0.046875 0.765625 
801 0.078125 0.796875 800 0.046875 0.796875 833 0.078125 0.828125 802 0.109375 0.796875 769 0.078125 0.765625 
802 0.109375 0.796875 801 0.078125 0.796875 834 0.109375 0.828125 803 0.140625 0.796875 770 0.109375 0.765625 
804 0.171875 0.796875 803 0.140625 0.796875 836 0.171875 0.828125 805 0.203125 0.796875 772 0.171875 0.765625 
805 0.203125 0.796875 804 0.171875 0.796875 837 0.203125 0.828125 806 0.234375 0.796875 773 0.203125 0.765625 
806 0.234375 0.796875 805 0.203125 0.796875 838 0.234375 0.828125 807 0.265625 0.796875 774 0.234375 0.765625 
807 0.265625 0.796875 806 0.234375 0.796875 839 0.265625 0.828125 808 0.296875 0.796875 775 0.265625 0.765625 
808 0.296875 0.796875 807 0.265625 0.796875 840 0.296875 0.828125 809 0.328125 0.796875 776 0.296875 0.765625 
809 0.328125 0.796875 808 0.296875 0.796875 841 0.328125 0.828125 810 0.359375 0.796875 777 0.328125 0.765625 
810 0.359375 0.796875 809 0.328125 0.796875 842 0.359375 0.828125 811 0.390625 0.796875 778 0.359375 0.765625 
811 0.390625 0.796875 810 0.359375 0.796875 843 0.390625 0.828125 812 0.421875 0.796875 779 0.390625 0.765625 
813 0.453125 0.796875 812 0.421875 0.796875 845 0.453125 0.828125 814 0.484375 0.796875 781 0.453125 0.765625 
814 0.484375 0.796875 813 0.453125 0.796875 846 0.484375 0.828125 815 0.515625 0.796875 782 0.484375 0.765625 
815 0.515625 0.796875 814 0.484375 0.796875 847 0.515625 0.828125 816 0.546875 0.796875 783 0.515625 0.765625 
816 0.546875 0.796875 815 0.515625 0.796875 848 0.546875 0.828125 817 0.578125 0.796875 784 0.546875 0.765625 
818 0.609375 0.796875 817 0.578125 0.796875 850 0.609375 0.828125 819 0.640625 0.796875 786 0.609375 0.765625 
819 0.640625 0.796875 818 0.609375 0.796875 851 0.640625 0.828125 820 0.671875 0.796875 787 0.640625 0.765625 
820 0.671875 0.796875 819 0.640625 0.796875 852 0.671875 0.828125 821 0.703125 0.796875 788 0.671875 0.765625 
821 0.703125 0.796875 820 0.671875 0.796875 853 0.703125 0.828125 822 0.734375 0.796875 789 0.703125 0.765625 
824 0.796875 0.796875 823 0.765625 0.796875 856 0.796875 0.828125 825 0.828125 0.796875 792 0.796875 0.765625 
825 0.828125 0.796875 824 0.796875 0.796875 857 0.828125 0.828125 826 0.859375 0.796875 793 0.828125 0.765625 
827 0.890625 0.796875 826 0.859375 0.796875 859 0.890625 0.828125 828 0.921875 0.796875 795 0.890625 0.765625 
828 0.921875 0.796875 827 0.890625 0.796875 860 0.921875 0.828125 829 0.953125 0.796875 796 0.921875 0.765625 
830 0.984375 0.796875 829 0.953125 0.796875 862 0.984375 0.828125 799 0.015625 0.796875 798 0.984375 0.765625 
833 0.078125 0.828125 832 0.046875 0.828125 865 0.078125 0.859375 834 0.109375 0.828125 801 0.078125 0.796875 
834 0.109375 0.828125 833 0.078125 0.828125 866 0.109375 0.859375 835 0.140625 0.828125 802 0.109375 0.796875 
835 0.140625 0.828125 834 0.109375 0.828125 867 0.140625 0.859375 836 0.171875 0.828125 803 0.140625 0.796875 
837 0.203125 0.828125 836 0.171875 0.828125 869 0.203125 0.859375 838 0.234375 0.828125 805 0.203125 0.796875 
838 0.234375 0.828125 837 0.203125 0.828125 870 0.234375 0.859375 839 0.265625 0.828125 806 0.234375 0.796875 
839 0.265625 0.828125 838 0.234375 0.828125 871 0.265625 0.859375 840 0.296875 0.828125 807 0.265625 0.796875 
840 0.296875 0.828125 839 0.265625 0.828125 872 0.296875 0.859375 841 0.328125 0.828125 808 0.296875 0.796875 
842 0.359375 0.828125 841 0.328125 0.828125 874 0.359375 0.859375 843 0.390625 0.828125 810 0.359375 0.796875 
843 0.390625 0.828125 842 0.359375 0.828125 875 0.390625 0.859375 844 0.421875 0.828125 811 0.390625 0.796875 
844 0.421875 0.828125 843 0.390625 0.828125 876 0.421875 0.859375 845 0.453125 0.828125 812 0.421875 0.796875 
845 0.453125 0.828125 844 0.421875 0.828125 877 0.453125 0.859375 846 0.484375 0.828125 813 0.453125 0.796875 
846 0.484375 0.828125 845 0.453125 0.828125 878 0.484375 0.859375 847 0.515625 0.828125 814 0.484375 0.796875 
847 0.515625 0.828125 846 0.484375 0.828125 879 0.515625 0.859375 848 0.546875 0.828125 815 0.515625 0.796875 
848 0.546875 0.828125 847 0.515625 0.828125 880 0.546875 0.859375 849 0.578125 0.828125 816 0.546875 0.796875 
850 0.609375 0.828125 849 0.578125 0.828125 882 0.609375 0.859375 851 0.640625 0.828125 818 0.609375 0.796875 
852 0.671875 0.828125 851 0.640625 0.828125 884 0.671875 0.859375 853 0.703125 0.828125 820 0.671875 0.796875 
854 0.734375 0.828125 853 0.703125 0.828125 886 0.734375 0.859375 855 0.765625 0.828125 822 0.734375 0.796875 
855 0.765625 0.828125 854 0.734375 0.828125 887 0.765625 0.859375 856 0.796875 0.828125 823 0.765625 0.796875 
856 0.796875 0.828125 855 0.765625 0.828125 888 0.796875 0.859375 857 0.828125 0.828125 824 0.796875 0.796875 
857 0.828125 0.828125 856 0.796875 0.828125 889 0.828125 0.859375 858 0.859375 0.828125 825 0.828125 0.796875 
858 0.859375 0.828125 857 0.828125 0.828125 890 0.859375 0.859375 859 0.890625 0.828125 826 0.859375 0.796875 
859 0.890625 0.828125 858 0.859375 0.828125 891 0.890625 0.859375 860 0.921875 0.828125 827 0.890625 0.796875 
861 0.953125 0.828125 860 0.921875 0.828125 893 0.953125 0.859375 862 0.984375 0.828125 829 0.953125 0.796875 
862 0.984375 0.828125 861 0.953125 0.828125 894 0.984375 0.859375 831 0.015625 0.828125 830 0.984375 0.796875 
863 0.015625 0.859375 894 0.984375 0.859375 895 0.015625 0.890625 864 0.046875 0.859375 831 0.015625 0.828125 
864 0.046875 0.859375 863 0.015625 0.859375 896 0.046875 0.890625 865 0.078125 0.859375 832 0.046875 0.828125 
865 0.078125 0.859375 864 0.046875 0.859375 897 0.078125 0.890625 866 0.109375 0.859375 833 0.078125 0.828125 
866 0.109375 0.859375 865 0.078125 0.859375 898 0.109375 0.890625 867 0.140625 0.859375 834 0.109375 0.828125 
867 0.140625 0.859375 866 0.109375 0.859375 899 0.140625 0.890625 868 0.171875 0.859375 835 0.140625 0.828125 
869 0.203125 0.859375 868 0.171875 0.859375 901 0.203125 0.890625 870 0.234375 0.859375 837 0.203125 0.828125 
870 0.234375 0.859375 869 0.203125 0.859375 902 0.234375 0.890625 871 0.265625 0.859375 838 0.234375 0.828125 
871 0.265625 0.859375 870 0.234375 0.859375 903 0.265625 0.890625 872 0.296875 0.859375 839 0.265625 0.828125 
873 0.328125 0.859375 872 0.296875 0.859375 905 0.328125 0.890625 874 0.359375 0.859375 841 0.328125 0.828125 
874 0.359375 0.859375 873 0.328125 0.859375 906 0.359375 0.890625 875 0.390625 0.859375 842 0.359375 0.828125 
875 0.390625 0.859375 874 0.359375 0.859375 907 0.390625 0.890625 876 0.421875 0.859375 843 0.390625 0.828125 
876 0.421875 0.859375 875 0.390625 0.859375 908 0.421875 0.890625 877 0.453125 0.859375 844 0.421875 0.828125 
881 0.578125 0.859375 880 0.546875 0.859375 913 0.578125 0.890625 882 0.609375 0.859375 849 0.578125 0.828125 
882 0.609375 0.859375 881 0.578125 0.859375 914 0.609375 0.890625 883 0.640625 0.859375 850 0.609375 0.828125 
883 0.640625 0.859375 882 0.609375 0.859375 915 0.640625 0.890625 884 0.671875 0.859375 851 0.640625 0.828125 
884 0.671875 0.859375 883 0.640625 0.859375 916 0.671875 0.890625 885 0.703125 0.859375 852 0.671875 0.828125 
885 0.703125 0.859375 884 0.671875 0.859375 917 0.703125 0.890625 886 0.734375 0.859375 853 0.703125 0.828125 
886 0.734375 0.859375 885 0.703125 0.859375 918 0.734375 0.890625 887 0.765625 0.859375 854 0.734375 0.828125 
888 0.796875 0.859375 887 0.765625 0.859375 920 0.796875 0.890625 889 0.828125 0.859375 856 0.796875 0.828125 
889 0.828125 0.859375 888 0.796875 0.859375 921 0.828125 0.890625 890 0.859375 0.859375 857 0.828125 0.828125 
890 0.859375 0.859375 889 0.828125 0.859375 922 0.859375 0.890625 891 0.890625 0.859375 858 0.859375 0.828125 
893 0.953125 0.859375 892 0.921875 0.859375 925 0.953125 0.890625 894 0.984375 0.859375 861 0.953125 0.828125 
894 0.984375 0.859375 893 0.953125 0.859375 926 0.984375 0.890625 863 0.015625 0.859375 862 0.984375 0.828125 
897 0.078125 0.890625 896 0.046875 0.890625 929 0.078125 0.921875 898 0.109375 0.890625 865 0.078125 0.859375 
898 0.109375 0.890625 897 0.078125 0.890625 930 0.109375 0.921875 899 0.140625 0.890625 866 0.109375 0.859375 
900 0.171875 0.890625 899 0.140625 0.890625 932 0.171875 0.921875 901 0.203125 0.890625 868 0.171875 0.859375 
901 0.203125 0.890625 900 0.171875 0.890625 933 0.203125 0.921875 902 0.234375 0.890625 869 0.203125 0.859375 
902 0.234375 0.890625 901 0.203125 0.890625 934 0.234375 0.921875 903 0.265625 0.890625 870 0.234375 0.859375 
903 0.265625 0.890625 902 0.234375 0.890625 935 0.265625 0.921875 904 0.296875 0.890625 871 0.265625 0.859375 
904 0.296875 0.890625 903 0.265625 0.890625 936 0.296875 0.921875 905 0.328125 0.890625 872 0.296875 0.859375 
905 0.328125 0.890625 904 0.296875 0.890625 937 0.328125 0.921875 906 0.359375 0.890625 873 0.328125 0.859375 
906 0.359375 0.890625 905 0.328125 0.890625 938 0.359375 0.921875 907 0.390625 0.890625 874 0.359375 0.859375 
907 0.390625 0.890625 906 0.359375 0.890625 939 0.390625 0.921875 908 0.421875 0.890625 875 0.390625 0.859375 
909 0.453125 0.890625 908 0.421875 0.890625 941 0.453125 0.921875 910 0.484375 0.890625 877 0.453125 0.859375 
910 0.484375 0.890625 909 0.453125 0.890625 942 0.484375 0.921875 911 0.515625 0.890625 878 0.484375 0.859375 
912 0.546875 0.890625 911 0.515625 0.890625 944 0.546875 0.921875 913 0.578125 0.890625 880 0.546875 0.859375 
913 0.578125 0.890625 912 0.546875 0.890625 945 0.578125 0.921875 914 0.609375 0.890625 881 0.578125 0.859375 
914 0.609375 0.890625 913 0.578125 0.890625 946 0.609375 0.921875 915 0.640625 0.890625 882 0.609375 0.859375 
915 0.640625 0.890625 914 0.609375 0.890625 947 0.640625 0.921875 916 0.671875 0.890625 883 0.640625 0.859375 
916 0.671875 0.890625 915 0.640625 0.890625 948 0.671875 0.921875 917 0.703125 0.890625 884 0.671875 0.859375 
917 0.703125 0.890625 916 0.671875 0.890625 949 0.703125 0.921875 918 0.734375 0.890625 885 0.703125 0.859375 
918 0.734375 0.890625 917 0.703125 0.890625 950 0.734375 0.921875 919 0.765625 0.890625 886 0.734375 0.859375 
920 0.796875 0.890625 919 0.765625 0.890625 952 0.796875 0.921875 921 0.828125 0.890625 888 0.796875 0.859375 
921 0.828125 0.890625 920 0.796875 0.890625 953 0.828125 0.921875 922 0.859375 0.890625 889 0.828125 0.859375 
922 0.859375 0.890625 921 0.828125 0.890625 954 0.859375 0.921875 923 0.890625 0.890625 890 0.859375 0.859375 
924 0.921875 0.890625 923 0.890625 0.890625 956 0.921875 0.921875 925 0.953125 0.890625 892 0.921875 0.859375 
925 0.953125 0.890625 924 0.921875 0.890625 957 0.953125 0.921875 926 0.984375 0.890625 893 0.953125 0.859375 
926 0.984375 0.890625 925 0.953125 0.890625 958 0.984375 0.921875 895 0.015625 0.890625 894 0.984375 0.859375 
929 0.078125 0.921875 928 0.046875 0.921875 961 0.078125 0.953125 930 0.109375 0.921875 897 0.078125 0.890625 
930 0.109375 0.921875 929 0.078125 0.921875 962 0.109375 0.953125 931 0.140625 0.921875 898 0.109375 0.890625 
931 0.140625 0.921875 930 0.109375 0.921875 963 0.140625 0.953125 932 0.171875 0.921875 899 0.140625 0.890625 
932 0.171875 0.921875 931 0.140625 0.921875 964 0.171875 0.953125 933 0.203125 0.921875 900 0.171875 0.890625 
934 0.234375 0.921875 933 0.203125 0.921875 966 0.234375 0.953125 935 0.265625 0.921875 902 0.234375 0.890625 
935 0.265625 0.921875 934 0.234375 0.921875 967 0.265625 0.953125 936 0.296875 0.921875 903 0.265625 0.890625 
936 0.296875 0.921875 935 0.265625 0.921875 968 0.296875 0.953125 937 0.328125 0.921875 904 0.296875 0.890625 
937 0.328125 0.921875 936 0.296875 0.921875 969 0.328125 0.953125 938 0.359375 0.921875 905 0.328125 0.890625 
939 0.390625 0.921875 938 0.359375 0.921875 971 0.390625 0.953125 940 0.421875 0.921875 907 0.390625 0.890625 
940 0.421875 0.921875 939 0.390625 0.921875 972 0.421875 0.953125 941 0.453125 0.921875 908 0.421875 0.890625 
941 0.453125 0.921875 940 0.421875 0.921875 973 0.453125 0.953125 942 0.484375 0.921875 909 0.453125 0.890625 
942 0.484375 0.921875 941 0.453125 0.921875 974 0.484375 0.953125 943 0.515625 0.921875 910 0.484375 0.890625 
943 0.515625 0.921875 942 0.484375 0.921875 975 0.515625 0.953125 944 0.546875 0.921875 911 0.515625 0.890625 
944 0.546875 0.921875 943 0.515625 0.921875 976 0.546875 0.953125 945 0.578125 0.921875 912 0.546875 0.890625 
945 0.578125 0.921875 944 0.546875 0.921875 977 0.578125 0.953125 946 0.609375 0.921875 913 0.578125 0.890625 
946 0.609375 0.921875 945 0.578125 0.921875 978 0.609375 0.953125 947 0.640625 0.921875 914 0.609375 0.890625 
948 0.671875 0.921875 947 0.640625 0.921875 980 0.671875 0.953125 949 0.703125 0.921875 916 0.671875 0.890625 
950 0.734375 0.921875 949 0.703125 0.921875 982 0.734375 0.953125 951 0.765625 0.921875 918 0.734375 0.890625 
951 0.765625 0.921875 950 0.734375 0.921875 983 0.765625 0.953125 952 0.796875 0.921875 919 0.765625 0.890625 
952 0.796875 0.921875 951 0.765625 0.921875 984 0.796875 0.953125 953 0.828125 0.921875 920 0.796875 0.890625 
954 0.859375 0.921875 953 0.828125 0.921875 986 0.859375 0.953125 955 0.890625 0.921875 922 0.859375 0.890625 
955 0.890625 0.921875 954 0.859375 0.921875 987 0.890625 0.953125 956 0.921875 0.921875 923 0.890625 0.890625 
956 0.921875 0.921875 955 0.890625 0.921875 988 0.921875 0.953125 957 0.953125 0.921875 924 0.921875 0.890625 
957 0.953125 0.921875 956 0.921875 0.921875 989 0.953125 0.953125 958 0.984375 0.921875 925 0.953125 0.890625 
958 0.984375 0.921875 957 0.953125 0.921875 990 0.984375 0.953125 927 0.015625 0.921875 926 0.984375 0.890625 
959 0.015625 0.953125 990 0.984375 0.953125 991 0.015625 0.984375 960 0.046875 0.953125 927 0.015625 0.921875 
960 0.046875 0.953125 959 0.015625 0.953125 992 0.046875 0.984375 961 0.078125 0.953125 928 0.046875 0.921875 
961 0.078125 0.953125 960 0.046875 0.953125 993 0.078125 0.984375 962 0.109375 0.953125 929 0.078125 0.921875 
962 0.109375 0.953125 961 0.078125 0.953125 994 0.109375 0.984375 963 0.140625 0.953125 930 0.109375 0.921875 
963 0.140625 0.953125 962 0.109375 0.953125 995 0.140625 0.984375 964 0.171875 0.953125 931 0.140625 0.921875 
964 0.171875 0.953125 963 0.140625 0.953125 996 0.171875 0.984375 965 0.203125 0.953125 932 0.171875 0.921875 
965 0.203125 0.953125 964 0.171875 0.953125 997 0.203125 0.984375 966 0.234375 0.953125 933 0.203125 0.921875 
966 0.234375 0.953125 965 0.203125 0.953125 998 0.234375 0.984375 967 0.265625 0.953125 934 0.234375 0.921875 
967 0.265625 0.953125 966 0.234375 0.953125 999 0.265625 0.984375 968 0.296875 0.953125 935 0.265625 0.921875 
968 0.296875 0.953125 967 0.265625 0.953125 1000 0.296875 0.984375 969 0.328125 0.953125 936 0.296875 0.921875 
969 0.328125 0.953125 968 0.296875 0.953125 1001 0.328125 0.984375 970 0.359375 0.953125 937 0.328125 0.921875 
970 0.359375 0.953125 969 0.328125 0.953125 1002 0.359375 0.984375 971 0.390625 0.953125 938 0.359375 0.921875 
971 0.390625 0.953125 970 0.359375 0.953125 1003 0.390625 0.984375 972 0.421875 0.953125 939 0.390625 0.921875 
973 0.453125 0.953125 972 0.421875 0.953125 1005 0.453125 0.984375 974 0.484375 0.953125 941 0.453125 0.921875 
974 0.484375 0.953125 973 0.453125 0.953125 1006 0.484375 0.984375 975 0.515625 0.953125 942 0.484375 0.921875 
975 0.515625 0.953125 974 0.484375 0.953125 1007 0.515625 0.984375 976 0.546875 0.953125 943 0.515625 0.921875 
976 0.546875 0.953125 975 0.515625 0.953125 1008 0.546875 0.984375 977 0.578125 0.953125 944 0.546875 0.921875 
977 0.578125 0.953125 976 0.546875 0.953125 1009 0.578125 0.984375 978 0.609375 0.953125 945 0.578125 0.921875 
979 0.640625 0.953125 978 0.609375 0.953125 1011 0.640625 0.984375 980 0.671875 0.953125 947 0.640625 0.921875 
981 0.703125 0.953125 980 0.671875 0.953125 1013 0.703125 0.984375 982 0.734375 0.953125 949 0.703125 0.921875 
983 0.765625 0.953125 982 0.734375 0.953125 1015 0.765625 0.984375 984 0.796875 0.953125 951 0.765625 0.921875 
984 0.796875 0.953125 983 0.765625 0.953125 1016 0.796875 0.984375 985 0.828125 0.953125 952 0.796875 0.921875 
985 0.828125 0.953125 984 0.796875 0.953125 1017 0.828125 0.984375 986 0.859375 0.953125 953 0.828125 0.921875 
987 0.890625 0.953125 986 0.859375 0.953125 1019 0.890625 0.984375 988 0.921875 0.953125 955 0.890625 0.921875 
988 0.921875 0.953125 987 0.890625 0.953125 1020 0.921875 0.984375 989 0.953125 0.953125 956 0.921875 0.921875 
990 0.984375 0.953125 989 0.953125 0.953125 1022 0.984375 0.984375 959 0.015625 0.953125 958 0.984375 0.921875 
991 0.015625 0.984375 1022 0.984375 0.984375 0 0.015625 0.015625 992 0.046875 0.984375 959 0.015625 0.953125 
992 0.046875 0.984375 991 0.015625 0.984375 1 0.046875 0.015625 993 0.078125 0.984375 960 0.046875 0.953125 
993 0.078125 0.984375 992 0.046875 0.984375 2 0.078125 0.015625 994 0.109375 0.984375 961 0.078125 0.953125 
995 0.140625 0.984375 994 0.109375 0.984375 4 0.140625 0.015625 996 0.171875 0.984375 963 0.140625 0.953125 
996 0.171875 0.984375 995 0.140625 0.984375 5 0.171875 0.015625 997 0.203125 0.984375 964 0.171875 0.953125 
997 0.203125 0.984375 996 0.171875 0.984375 6 0.203125 0.015625 998 0.234375 0.984375 965 0.203125 0.953125 
1001 0.328125 0.984375 1000 0.296875 0.984375 10 0.328125 0.015625 1002 0.359375 0.984375 969 0.328125 0.953125 
1002 0.359375 0.984375 1001 0.328125 0.984375 11 0.359375 0.015625 1003 0.390625 0.984375 970 0.359375 0.953125 
1003 0.390625 0.984375 1002 0.359375 0.984375 12 0.390625 0.015625 1004 0.421875 0.984375 971 0.390625 0.953125 
1004 0.421875 0.984375 1003 0.390625 0.984375 13 0.421875 0.015625 1005 0.453125 0.984375 972 0.421875 0.953125 
1007 0.515625 0.984375 1006 0.484375 0.984375 16 0.515625 0.015625 1008 0.546875 0.984375 975 0.515625 0.953125 
1008 0.546875 0.984375 1007 0.515625 0.984375 17 0.546875 0.015625 1009 0.578125 0.984375 976 0.546875 0.953125 
1009 0.578125 0.984375 1008 0.546875 0.984375 18 0.578125 0.015625 1010 0.609375 0.984375 977 0.578125 0.953125 
1011 0.640625 0.984375 1010 0.609375 0.984375 20 0.640625 0.015625 1012 0.671875 0.984375 979 0.640625 0.953125 
1012 0.671875 0.984375 1011 0.640625 0.984375 21 0.671875 0.015625 1013 0.703125 0.984375 980 0.671875 0.953125 
1013 0.703125 0.984375 1012 0.671875 0.984375 22 0.703125 0.015625 1014 0.734375 0.984375 981 0.703125 0.953125 
1015 0.765625 0.984375 1014 0.734375 0.984375 24 0.765625 0.015625 1016 0.796875 0.984375 983 0.765625 0.953125 
1016 0.796875 0.984375 1015 0.765625 0.984375 25 0.796875 0.015625 1017 0.828125 0.984375 984 0.796875 0.953125 
1018 0.859375 0.984375 1017 0.828125 0.984375 27 0.859375 0.015625 1019 0.890625 0.984375 986 0.859375 0.953125 
1019 0.890625 0.984375 1018 0.859375 0.984375 28 0.890625 0.015625 1020 0.921875 0.984375 987 0.890625 0.953125 
1020 0.921875 0.984375 1019 0.890625 0.984375 29 0.921875 0.015625 1021 0.953125 0.984375 988 0.921875 0.953125 
1022 0.984375 0.984375 1021 0.953125 0.984375 31 0.984375 0.015625 991 0.015625 0.984375 990 0.984375 0.953125 
