dx 0.031250
dy 0.031250
numResidualPts 512
numStatePts 1000
0 0.015625 0.015625 31 0.984375 0.015625 32 0.015625 0.046875 1 0.046875 0.015625 968 0.015625 0.984375 
1 0.046875 0.015625 0 0.015625 0.015625 33 0.046875 0.046875 2 0.078125 0.015625 969 0.046875 0.984375 
5 0.171875 0.015625 4 0.140625 0.015625 37 0.171875 0.046875 6 0.203125 0.015625 973 0.171875 0.984375 
6 0.203125 0.015625 5 0.171875 0.015625 38 0.203125 0.046875 7 0.234375 0.015625 974 0.203125 0.984375 
9 0.296875 0.015625 8 0.265625 0.015625 41 0.296875 0.046875 10 0.328125 0.015625 977 0.296875 0.984375 
10 0.328125 0.015625 9 0.296875 0.015625 42 0.328125 0.046875 11 0.359375 0.015625 978 0.328125 0.984375 
11 0.359375 0.015625 10 0.328125 0.015625 43 0.359375 0.046875 12 0.390625 0.015625 979 0.359375 0.984375 
14 0.453125 0.015625 13 0.421875 0.015625 46 0.453125 0.046875 15 0.484375 0.015625 982 0.453125 0.984375 
15 0.484375 0.015625 14 0.453125 0.015625 47 0.484375 0.046875 16 0.515625 0.015625 983 0.484375 0.984375 
17 0.546875 0.015625 16 0.515625 0.015625 49 0.546875 0.046875 18 0.578125 0.015625 985 0.546875 0.984375 
18 0.578125 0.015625 17 0.546875 0.015625 50 0.578125 0.046875 19 0.609375 0.015625 986 0.578125 0.984375 
22 0.703125 0.015625 21 0.671875 0.015625 54 0.703125 0.046875 23 0.734375 0.015625 990 0.703125 0.984375 
24 0.765625 0.015625 23 0.734375 0.015625 56 0.765625 0.046875 25 0.796875 0.015625 992 0.765625 0.984375 
30 0.953125 0.015625 29 0.921875 0.015625 62 0.953125 0.046875 31 0.984375 0.015625 998 0.953125 0.984375 
31 0.984375 0.015625 30 0.953125 0.015625 63 0.984375 0.046875 0 0.015625 0.015625 999 0.984375 0.984375 
34 0.078125 0.046875 33 0.046875 0.046875 66 0.078125 0.078125 35 0.109375 0.046875 2 0.078125 0.015625 
35 0.109375 0.046875 34 0.078125 0.046875 67 0.109375 0.078125 36 0.140625 0.046875 3 0.109375 0.015625 
36 0.140625 0.046875 35 0.109375 0.046875 68 0.140625 0.078125 37 0.171875 0.046875 4 0.140625 0.015625 
39 0.234375 0.046875 38 0.203125 0.046875 71 0.234375 0.078125 40 0.265625 0.046875 7 0.234375 0.015625 
41 0.296875 0.046875 40 0.265625 0.046875 73 0.296875 0.078125 42 0.328125 0.046875 9 0.296875 0.015625 
44 0.390625 0.046875 43 0.359375 0.046875 76 0.390625 0.078125 45 0.421875 0.046875 12 0.390625 0.015625 
45 0.421875 0.046875 44 0.390625 0.046875 77 0.421875 0.078125 46 0.453125 0.046875 13 0.421875 0.015625 
46 0.453125 0.046875 45 0.421875 0.046875 78 0.453125 0.078125 47 0.484375 0.046875 14 0.453125 0.015625 
47 0.484375 0.046875 46 0.453125 0.046875 79 0.484375 0.078125 48 0.515625 0.046875 15 0.484375 0.015625 
51 0.609375 0.046875 50 0.578125 0.046875 83 0.609375 0.078125 52 0.640625 0.046875 19 0.609375 0.015625 
54 0.703125 0.046875 53 0.671875 0.046875 86 0.703125 0.078125 55 0.734375 0.046875 22 0.703125 0.015625 
56 0.765625 0.046875 55 0.734375 0.046875 88 0.765625 0.078125 57 0.796875 0.046875 24 0.765625 0.015625 
57 0.796875 0.046875 56 0.765625 0.046875 89 0.796875 0.078125 58 0.828125 0.046875 25 0.796875 0.015625 
58 0.828125 0.046875 57 0.796875 0.046875 90 0.828125 0.078125 59 0.859375 0.046875 26 0.828125 0.015625 
59 0.859375 0.046875 58 0.828125 0.046875 91 0.859375 0.078125 60 0.890625 0.046875 27 0.859375 0.015625 
60 0.890625 0.046875 59 0.859375 0.046875 92 0.890625 0.078125 61 0.921875 0.046875 28 0.890625 0.015625 
63 0.984375 0.046875 62 0.953125 0.046875 95 0.984375 0.078125 32 0.015625 0.046875 31 0.984375 0.015625 
65 0.046875 0.078125 64 0.015625 0.078125 97 0.046875 0.109375 66 0.078125 0.078125 33 0.046875 0.046875 
67 0.109375 0.078125 66 0.078125 0.078125 98 0.109375 0.109375 68 0.140625 0.078125 35 0.109375 0.046875 
68 0.140625 0.078125 67 0.109375 0.078125 99 0.140625 0.109375 69 0.171875 0.078125 36 0.140625 0.046875 
69 0.171875 0.078125 68 0.140625 0.078125 100 0.171875 0.109375 70 0.203125 0.078125 37 0.171875 0.046875 
72 0.265625 0.078125 71 0.234375 0.078125 103 0.265625 0.109375 73 0.296875 0.078125 40 0.265625 0.046875 
74 0.328125 0.078125 73 0.296875 0.078125 105 0.328125 0.109375 75 0.359375 0.078125 42 0.328125 0.046875 
77 0.421875 0.078125 76 0.390625 0.078125 108 0.421875 0.109375 78 0.453125 0.078125 45 0.421875 0.046875 
79 0.484375 0.078125 78 0.453125 0.078125 110 0.484375 0.109375 80 0.515625 0.078125 47 0.484375 0.046875 
80 0.515625 0.078125 79 0.484375 0.078125 111 0.515625 0.109375 81 0.546875 0.078125 48 0.515625 0.046875 
83 0.609375 0.078125 82 0.578125 0.078125 114 0.609375 0.109375 84 0.640625 0.078125 51 0.609375 0.046875 
84 0.640625 0.078125 83 0.609375 0.078125 115 0.640625 0.109375 85 0.671875 0.078125 52 0.640625 0.046875 
86 0.703125 0.078125 85 0.671875 0.078125 117 0.703125 0.109375 87 0.734375 0.078125 54 0.703125 0.046875 
87 0.734375 0.078125 86 0.703125 0.078125 118 0.734375 0.109375 88 0.765625 0.078125 55 0.734375 0.046875 
88 0.765625 0.078125 87 0.734375 0.078125 119 0.765625 0.109375 89 0.796875 0.078125 56 0.765625 0.046875 
89 0.796875 0.078125 88 0.765625 0.078125 120 0.796875 0.109375 90 0.828125 0.078125 57 0.796875 0.046875 
92 0.890625 0.078125 91 0.859375 0.078125 123 0.890625 0.109375 93 0.921875 0.078125 60 0.890625 0.046875 
94 0.953125 0.078125 93 0.921875 0.078125 125 0.953125 0.109375 95 0.984375 0.078125 62 0.953125 0.046875 
99 0.140625 0.109375 98 0.109375 0.109375 130 0.140625 0.140625 100 0.171875 0.109375 68 0.140625 0.078125 
100 0.171875 0.109375 99 0.140625 0.109375 131 0.171875 0.140625 101 0.203125 0.109375 69 0.171875 0.078125 
103 0.265625 0.109375 102 0.234375 0.109375 134 0.265625 0.140625 104 0.296875 0.109375 72 0.265625 0.078125 
105 0.328125 0.109375 104 0.296875 0.109375 136 0.328125 0.140625 106 0.359375 0.109375 74 0.328125 0.078125 
106 0.359375 0.109375 105 0.328125 0.109375 137 0.359375 0.140625 107 0.390625 0.109375 75 0.359375 0.078125 
109 0.453125 0.109375 108 0.421875 0.109375 140 0.453125 0.140625 110 0.484375 0.109375 78 0.453125 0.078125 
110 0.484375 0.109375 109 0.453125 0.109375 141 0.484375 0.140625 111 0.515625 0.109375 79 0.484375 0.078125 
113 0.578125 0.109375 112 0.546875 0.109375 143 0.578125 0.140625 114 0.609375 0.109375 82 0.578125 0.078125 
117 0.703125 0.109375 116 0.671875 0.109375 147 0.703125 0.140625 118 0.734375 0.109375 86 0.703125 0.078125 
118 0.734375 0.109375 117 0.703125 0.109375 148 0.734375 0.140625 119 0.765625 0.109375 87 0.734375 0.078125 
119 0.765625 0.109375 118 0.734375 0.109375 149 0.765625 0.140625 120 0.796875 0.109375 88 0.765625 0.078125 
120 0.796875 0.109375 119 0.765625 0.109375 150 0.796875 0.140625 121 0.828125 0.109375 89 0.796875 0.078125 
124 0.921875 0.109375 123 0.890625 0.109375 154 0.921875 0.140625 125 0.953125 0.109375 93 0.921875 0.078125 
125 0.953125 0.109375 124 0.921875 0.109375 155 0.953125 0.140625 126 0.984375 0.109375 94 0.953125 0.078125 
126 0.984375 0.109375 125 0.953125 0.109375 156 0.984375 0.140625 96 0.015625 0.109375 95 0.984375 0.078125 
127 0.015625 0.140625 156 0.984375 0.140625 157 0.015625 0.171875 128 0.046875 0.140625 96 0.015625 0.109375 
130 0.140625 0.140625 129 0.109375 0.140625 161 0.140625 0.171875 131 0.171875 0.140625 99 0.140625 0.109375 
132 0.203125 0.140625 131 0.171875 0.140625 163 0.203125 0.171875 133 0.234375 0.140625 101 0.203125 0.109375 
135 0.296875 0.140625 134 0.265625 0.140625 166 0.296875 0.171875 136 0.328125 0.140625 104 0.296875 0.109375 
137 0.359375 0.140625 136 0.328125 0.140625 168 0.359375 0.171875 138 0.390625 0.140625 106 0.359375 0.109375 
139 0.421875 0.140625 138 0.390625 0.140625 170 0.421875 0.171875 140 0.453125 0.140625 108 0.421875 0.109375 
140 0.453125 0.140625 139 0.421875 0.140625 171 0.453125 0.171875 141 0.484375 0.140625 109 0.453125 0.109375 
143 0.578125 0.140625 142 0.546875 0.140625 175 0.578125 0.171875 144 0.609375 0.140625 113 0.578125 0.109375 
144 0.609375 0.140625 143 0.578125 0.140625 176 0.609375 0.171875 145 0.640625 0.140625 114 0.609375 0.109375 
147 0.703125 0.140625 146 0.671875 0.140625 179 0.703125 0.171875 148 0.734375 0.140625 117 0.703125 0.109375 
148 0.734375 0.140625 147 0.703125 0.140625 180 0.734375 0.171875 149 0.765625 0.140625 118 0.734375 0.109375 
150 0.796875 0.140625 149 0.765625 0.140625 182 0.796875 0.171875 151 0.828125 0.140625 120 0.796875 0.109375 
151 0.828125 0.140625 150 0.796875 0.140625 183 0.828125 0.171875 152 0.859375 0.140625 121 0.828125 0.109375 
152 0.859375 0.140625 151 0.828125 0.140625 184 0.859375 0.171875 153 0.890625 0.140625 122 0.859375 0.109375 
158 0.046875 0.171875 157 0.015625 0.171875 188 0.046875 0.203125 159 0.078125 0.171875 128 0.046875 0.140625 
160 0.109375 0.171875 159 0.078125 0.171875 190 0.109375 0.203125 161 0.140625 0.171875 129 0.109375 0.140625 
161 0.140625 0.171875 160 0.109375 0.171875 191 0.140625 0.203125 162 0.171875 0.171875 130 0.140625 0.140625 
165 0.265625 0.171875 164 0.234375 0.171875 195 0.265625 0.203125 166 0.296875 0.171875 134 0.265625 0.140625 
166 0.296875 0.171875 165 0.265625 0.171875 196 0.296875 0.203125 167 0.328125 0.171875 135 0.296875 0.140625 
169 0.390625 0.171875 168 0.359375 0.171875 198 0.390625 0.203125 170 0.421875 0.171875 138 0.390625 0.140625 
170 0.421875 0.171875 169 0.390625 0.171875 199 0.421875 0.203125 171 0.453125 0.171875 139 0.421875 0.140625 
171 0.453125 0.171875 170 0.421875 0.171875 200 0.453125 0.203125 172 0.484375 0.171875 140 0.453125 0.140625 
172 0.484375 0.171875 171 0.453125 0.171875 201 0.484375 0.203125 173 0.515625 0.171875 141 0.484375 0.140625 
175 0.578125 0.171875 174 0.546875 0.171875 204 0.578125 0.203125 176 0.609375 0.171875 143 0.578125 0.140625 
177 0.640625 0.171875 176 0.609375 0.171875 206 0.640625 0.203125 178 0.671875 0.171875 145 0.640625 0.140625 
178 0.671875 0.171875 177 0.640625 0.171875 207 0.671875 0.203125 179 0.703125 0.171875 146 0.671875 0.140625 
179 0.703125 0.171875 178 0.671875 0.171875 208 0.703125 0.203125 180 0.734375 0.171875 147 0.703125 0.140625 
180 0.734375 0.171875 179 0.703125 0.171875 209 0.734375 0.203125 181 0.765625 0.171875 148 0.734375 0.140625 
181 0.765625 0.171875 180 0.734375 0.171875 210 0.765625 0.203125 182 0.796875 0.171875 149 0.765625 0.140625 
185 0.890625 0.171875 184 0.859375 0.171875 214 0.890625 0.203125 186 0.921875 0.171875 153 0.890625 0.140625 
189 0.078125 0.203125 188 0.046875 0.203125 220 0.078125 0.234375 190 0.109375 0.203125 159 0.078125 0.171875 
190 0.109375 0.203125 189 0.078125 0.203125 221 0.109375 0.234375 191 0.140625 0.203125 160 0.109375 0.171875 
191 0.140625 0.203125 190 0.109375 0.203125 222 0.140625 0.234375 192 0.171875 0.203125 161 0.140625 0.171875 
192 0.171875 0.203125 191 0.140625 0.203125 223 0.171875 0.234375 193 0.203125 0.203125 162 0.171875 0.171875 
193 0.203125 0.203125 192 0.171875 0.203125 224 0.203125 0.234375 194 0.234375 0.203125 163 0.203125 0.171875 
194 0.234375 0.203125 193 0.203125 0.203125 225 0.234375 0.234375 195 0.265625 0.203125 164 0.234375 0.171875 
198 0.390625 0.203125 197 0.359375 0.203125 230 0.390625 0.234375 199 0.421875 0.203125 169 0.390625 0.171875 
200 0.453125 0.203125 199 0.421875 0.203125 232 0.453125 0.234375 201 0.484375 0.203125 171 0.453125 0.171875 
201 0.484375 0.203125 200 0.453125 0.203125 233 0.484375 0.234375 202 0.515625 0.203125 172 0.484375 0.171875 
203 0.546875 0.203125 202 0.515625 0.203125 235 0.546875 0.234375 204 0.578125 0.203125 174 0.546875 0.171875 
205 0.609375 0.203125 204 0.578125 0.203125 237 0.609375 0.234375 206 0.640625 0.203125 176 0.609375 0.171875 
209 0.734375 0.203125 208 0.703125 0.203125 241 0.734375 0.234375 210 0.765625 0.203125 180 0.734375 0.171875 
210 0.765625 0.203125 209 0.734375 0.203125 242 0.765625 0.234375 211 0.796875 0.203125 181 0.765625 0.171875 
211 0.796875 0.203125 210 0.765625 0.203125 243 0.796875 0.234375 212 0.828125 0.203125 182 0.796875 0.171875 
212 0.828125 0.203125 211 0.796875 0.203125 244 0.828125 0.234375 213 0.859375 0.203125 183 0.828125 0.171875 
213 0.859375 0.203125 212 0.828125 0.203125 245 0.859375 0.234375 214 0.890625 0.203125 184 0.859375 0.171875 
214 0.890625 0.203125 213 0.859375 0.203125 246 0.890625 0.234375 215 0.921875 0.203125 185 0.890625 0.171875 
218 0.015625 0.234375 249 0.984375 0.234375 250 0.015625 0.265625 219 0.046875 0.234375 187 0.015625 0.203125 
221 0.109375 0.234375 220 0.078125 0.234375 253 0.109375 0.265625 222 0.140625 0.234375 190 0.109375 0.203125 
224 0.203125 0.234375 223 0.171875 0.234375 256 0.203125 0.265625 225 0.234375 0.234375 193 0.203125 0.203125 
225 0.234375 0.234375 224 0.203125 0.234375 257 0.234375 0.265625 226 0.265625 0.234375 194 0.234375 0.203125 
227 0.296875 0.234375 226 0.265625 0.234375 259 0.296875 0.265625 228 0.328125 0.234375 196 0.296875 0.203125 
229 0.359375 0.234375 228 0.328125 0.234375 261 0.359375 0.265625 230 0.390625 0.234375 197 0.359375 0.203125 
230 0.390625 0.234375 229 0.359375 0.234375 262 0.390625 0.265625 231 0.421875 0.234375 198 0.390625 0.203125 
236 0.578125 0.234375 235 0.546875 0.234375 268 0.578125 0.265625 237 0.609375 0.234375 204 0.578125 0.203125 
238 0.640625 0.234375 237 0.609375 0.234375 270 0.640625 0.265625 239 0.671875 0.234375 206 0.640625 0.203125 
240 0.703125 0.234375 239 0.671875 0.234375 272 0.703125 0.265625 241 0.734375 0.234375 208 0.703125 0.203125 
242 0.765625 0.234375 241 0.734375 0.234375 274 0.765625 0.265625 243 0.796875 0.234375 210 0.765625 0.203125 
243 0.796875 0.234375 242 0.765625 0.234375 275 0.796875 0.265625 244 0.828125 0.234375 211 0.796875 0.203125 
246 0.890625 0.234375 245 0.859375 0.234375 278 0.890625 0.265625 247 0.921875 0.234375 214 0.890625 0.203125 
248 0.953125 0.234375 247 0.921875 0.234375 280 0.953125 0.265625 249 0.984375 0.234375 216 0.953125 0.203125 
249 0.984375 0.234375 248 0.953125 0.234375 281 0.984375 0.265625 218 0.015625 0.234375 217 0.984375 0.203125 
251 0.046875 0.265625 250 0.015625 0.265625 283 0.046875 0.296875 252 0.078125 0.265625 219 0.046875 0.234375 
252 0.078125 0.265625 251 0.046875 0.265625 284 0.078125 0.296875 253 0.109375 0.265625 220 0.078125 0.234375 
253 0.109375 0.265625 252 0.078125 0.265625 285 0.109375 0.296875 254 0.140625 0.265625 221 0.109375 0.234375 
255 0.171875 0.265625 254 0.140625 0.265625 287 0.171875 0.296875 256 0.203125 0.265625 223 0.171875 0.234375 
258 0.265625 0.265625 257 0.234375 0.265625 290 0.265625 0.296875 259 0.296875 0.265625 226 0.265625 0.234375 
259 0.296875 0.265625 258 0.265625 0.265625 291 0.296875 0.296875 260 0.328125 0.265625 227 0.296875 0.234375 
261 0.359375 0.265625 260 0.328125 0.265625 293 0.359375 0.296875 262 0.390625 0.265625 229 0.359375 0.234375 
263 0.421875 0.265625 262 0.390625 0.265625 295 0.421875 0.296875 264 0.453125 0.265625 231 0.421875 0.234375 
264 0.453125 0.265625 263 0.421875 0.265625 296 0.453125 0.296875 265 0.484375 0.265625 232 0.453125 0.234375 
265 0.484375 0.265625 264 0.453125 0.265625 297 0.484375 0.296875 266 0.515625 0.265625 233 0.484375 0.234375 
266 0.515625 0.265625 265 0.484375 0.265625 298 0.515625 0.296875 267 0.546875 0.265625 234 0.515625 0.234375 
268 0.578125 0.265625 267 0.546875 0.265625 300 0.578125 0.296875 269 0.609375 0.265625 236 0.578125 0.234375 
271 0.671875 0.265625 270 0.640625 0.265625 303 0.671875 0.296875 272 0.703125 0.265625 239 0.671875 0.234375 
275 0.796875 0.265625 274 0.765625 0.265625 307 0.796875 0.296875 276 0.828125 0.265625 243 0.796875 0.234375 
277 0.859375 0.265625 276 0.828125 0.265625 309 0.859375 0.296875 278 0.890625 0.265625 245 0.859375 0.234375 
278 0.890625 0.265625 277 0.859375 0.265625 310 0.890625 0.296875 279 0.921875 0.265625 246 0.890625 0.234375 
279 0.921875 0.265625 278 0.890625 0.265625 311 0.921875 0.296875 280 0.953125 0.265625 247 0.921875 0.234375 
280 0.953125 0.265625 279 0.921875 0.265625 312 0.953125 0.296875 281 0.984375 0.265625 248 0.953125 0.234375 
281 0.984375 0.265625 280 0.953125 0.265625 313 0.984375 0.296875 250 0.015625 0.265625 249 0.984375 0.234375 
283 0.046875 0.296875 282 0.015625 0.296875 315 0.046875 0.328125 284 0.078125 0.296875 251 0.046875 0.265625 
286 0.140625 0.296875 285 0.109375 0.296875 317 0.140625 0.328125 287 0.171875 0.296875 254 0.140625 0.265625 
287 0.171875 0.296875 286 0.140625 0.296875 318 0.171875 0.328125 288 0.203125 0.296875 255 0.171875 0.265625 
290 0.265625 0.296875 289 0.234375 0.296875 321 0.265625 0.328125 291 0.296875 0.296875 258 0.265625 0.265625 
291 0.296875 0.296875 290 0.265625 0.296875 322 0.296875 0.328125 292 0.328125 0.296875 259 0.296875 0.265625 
294 0.390625 0.296875 293 0.359375 0.296875 325 0.390625 0.328125 295 0.421875 0.296875 262 0.390625 0.265625 
295 0.421875 0.296875 294 0.390625 0.296875 326 0.421875 0.328125 296 0.453125 0.296875 263 0.421875 0.265625 
297 0.484375 0.296875 296 0.453125 0.296875 328 0.484375 0.328125 298 0.515625 0.296875 265 0.484375 0.265625 
298 0.515625 0.296875 297 0.484375 0.296875 329 0.515625 0.328125 299 0.546875 0.296875 266 0.515625 0.265625 
299 0.546875 0.296875 298 0.515625 0.296875 330 0.546875 0.328125 300 0.578125 0.296875 267 0.546875 0.265625 
302 0.640625 0.296875 301 0.609375 0.296875 333 0.640625 0.328125 303 0.671875 0.296875 270 0.640625 0.265625 
304 0.703125 0.296875 303 0.671875 0.296875 335 0.703125 0.328125 305 0.734375 0.296875 272 0.703125 0.265625 
305 0.734375 0.296875 304 0.703125 0.296875 336 0.734375 0.328125 306 0.765625 0.296875 273 0.734375 0.265625 
307 0.796875 0.296875 306 0.765625 0.296875 338 0.796875 0.328125 308 0.828125 0.296875 275 0.796875 0.265625 
308 0.828125 0.296875 307 0.796875 0.296875 339 0.828125 0.328125 309 0.859375 0.296875 276 0.828125 0.265625 
309 0.859375 0.296875 308 0.828125 0.296875 340 0.859375 0.328125 310 0.890625 0.296875 277 0.859375 0.265625 
317 0.140625 0.328125 316 0.109375 0.328125 349 0.140625 0.359375 318 0.171875 0.328125 286 0.140625 0.296875 
320 0.234375 0.328125 319 0.203125 0.328125 352 0.234375 0.359375 321 0.265625 0.328125 289 0.234375 0.296875 
323 0.328125 0.328125 322 0.296875 0.328125 355 0.328125 0.359375 324 0.359375 0.328125 292 0.328125 0.296875 
324 0.359375 0.328125 323 0.328125 0.328125 356 0.359375 0.359375 325 0.390625 0.328125 293 0.359375 0.296875 
327 0.453125 0.328125 326 0.421875 0.328125 359 0.453125 0.359375 328 0.484375 0.328125 296 0.453125 0.296875 
328 0.484375 0.328125 327 0.453125 0.328125 360 0.484375 0.359375 329 0.515625 0.328125 297 0.484375 0.296875 
330 0.546875 0.328125 329 0.515625 0.328125 362 0.546875 0.359375 331 0.578125 0.328125 299 0.546875 0.296875 
331 0.578125 0.328125 330 0.546875 0.328125 363 0.578125 0.359375 332 0.609375 0.328125 300 0.578125 0.296875 
332 0.609375 0.328125 331 0.578125 0.328125 364 0.609375 0.359375 333 0.640625 0.328125 301 0.609375 0.296875 
339 0.828125 0.328125 338 0.796875 0.328125 371 0.828125 0.359375 340 0.859375 0.328125 308 0.828125 0.296875 
340 0.859375 0.328125 339 0.828125 0.328125 372 0.859375 0.359375 341 0.890625 0.328125 309 0.859375 0.296875 
343 0.953125 0.328125 342 0.921875 0.328125 375 0.953125 0.359375 344 0.984375 0.328125 312 0.953125 0.296875 
345 0.015625 0.359375 376 0.984375 0.359375 377 0.015625 0.390625 346 0.046875 0.359375 314 0.015625 0.328125 
350 0.171875 0.359375 349 0.140625 0.359375 382 0.171875 0.390625 351 0.203125 0.359375 318 0.171875 0.328125 
352 0.234375 0.359375 351 0.203125 0.359375 384 0.234375 0.390625 353 0.265625 0.359375 320 0.234375 0.328125 
355 0.328125 0.359375 354 0.296875 0.359375 387 0.328125 0.390625 356 0.359375 0.359375 323 0.328125 0.328125 
356 0.359375 0.359375 355 0.328125 0.359375 388 0.359375 0.390625 357 0.390625 0.359375 324 0.359375 0.328125 
357 0.390625 0.359375 356 0.359375 0.359375 389 0.390625 0.390625 358 0.421875 0.359375 325 0.390625 0.328125 
359 0.453125 0.359375 358 0.421875 0.359375 391 0.453125 0.390625 360 0.484375 0.359375 327 0.453125 0.328125 
360 0.484375 0.359375 359 0.453125 0.359375 392 0.484375 0.390625 361 0.515625 0.359375 328 0.484375 0.328125 
361 0.515625 0.359375 360 0.484375 0.359375 393 0.515625 0.390625 362 0.546875 0.359375 329 0.515625 0.328125 
364 0.609375 0.359375 363 0.578125 0.359375 396 0.609375 0.390625 365 0.640625 0.359375 332 0.609375 0.328125 
365 0.640625 0.359375 364 0.609375 0.359375 397 0.640625 0.390625 366 0.671875 0.359375 333 0.640625 0.328125 
366 0.671875 0.359375 365 0.640625 0.359375 398 0.671875 0.390625 367 0.703125 0.359375 334 0.671875 0.328125 
367 0.703125 0.359375 366 0.671875 0.359375 399 0.703125 0.390625 368 0.734375 0.359375 335 0.703125 0.328125 
368 0.734375 0.359375 367 0.703125 0.359375 400 0.734375 0.390625 369 0.765625 0.359375 336 0.734375 0.328125 
369 0.765625 0.359375 368 0.734375 0.359375 401 0.765625 0.390625 370 0.796875 0.359375 337 0.765625 0.328125 
370 0.796875 0.359375 369 0.765625 0.359375 402 0.796875 0.390625 371 0.828125 0.359375 338 0.796875 0.328125 
372 0.859375 0.359375 371 0.828125 0.359375 404 0.859375 0.390625 373 0.890625 0.359375 340 0.859375 0.328125 
373 0.890625 0.359375 372 0.859375 0.359375 405 0.890625 0.390625 374 0.921875 0.359375 341 0.890625 0.328125 
379 0.078125 0.390625 378 0.046875 0.390625 411 0.078125 0.421875 380 0.109375 0.390625 347 0.078125 0.359375 
380 0.109375 0.390625 379 0.078125 0.390625 412 0.109375 0.421875 381 0.140625 0.390625 348 0.109375 0.359375 
382 0.171875 0.390625 381 0.140625 0.390625 414 0.171875 0.421875 383 0.203125 0.390625 350 0.171875 0.359375 
384 0.234375 0.390625 383 0.203125 0.390625 416 0.234375 0.421875 385 0.265625 0.390625 352 0.234375 0.359375 
385 0.265625 0.390625 384 0.234375 0.390625 417 0.265625 0.421875 386 0.296875 0.390625 353 0.265625 0.359375 
386 0.296875 0.390625 385 0.265625 0.390625 418 0.296875 0.421875 387 0.328125 0.390625 354 0.296875 0.359375 
388 0.359375 0.390625 387 0.328125 0.390625 420 0.359375 0.421875 389 0.390625 0.390625 356 0.359375 0.359375 
392 0.484375 0.390625 391 0.453125 0.390625 424 0.484375 0.421875 393 0.515625 0.390625 360 0.484375 0.359375 
393 0.515625 0.390625 392 0.484375 0.390625 425 0.515625 0.421875 394 0.546875 0.390625 361 0.515625 0.359375 
394 0.546875 0.390625 393 0.515625 0.390625 426 0.546875 0.421875 395 0.578125 0.390625 362 0.546875 0.359375 
397 0.640625 0.390625 396 0.609375 0.390625 428 0.640625 0.421875 398 0.671875 0.390625 365 0.640625 0.359375 
401 0.765625 0.390625 400 0.734375 0.390625 432 0.765625 0.421875 402 0.796875 0.390625 369 0.765625 0.359375 
402 0.796875 0.390625 401 0.765625 0.390625 433 0.796875 0.421875 403 0.828125 0.390625 370 0.796875 0.359375 
404 0.859375 0.390625 403 0.828125 0.390625 435 0.859375 0.421875 405 0.890625 0.390625 372 0.859375 0.359375 
405 0.890625 0.390625 404 0.859375 0.390625 436 0.890625 0.421875 406 0.921875 0.390625 373 0.890625 0.359375 
408 0.984375 0.390625 407 0.953125 0.390625 439 0.984375 0.421875 377 0.015625 0.390625 376 0.984375 0.359375 
409 0.015625 0.421875 439 0.984375 0.421875 440 0.015625 0.453125 410 0.046875 0.421875 377 0.015625 0.390625 
410 0.046875 0.421875 409 0.015625 0.421875 441 0.046875 0.453125 411 0.078125 0.421875 378 0.046875 0.390625 
416 0.234375 0.421875 415 0.203125 0.421875 447 0.234375 0.453125 417 0.265625 0.421875 384 0.234375 0.390625 
419 0.328125 0.421875 418 0.296875 0.421875 450 0.328125 0.453125 420 0.359375 0.421875 387 0.328125 0.390625 
421 0.390625 0.421875 420 0.359375 0.421875 452 0.390625 0.453125 422 0.421875 0.421875 389 0.390625 0.390625 
422 0.421875 0.421875 421 0.390625 0.421875 453 0.421875 0.453125 423 0.453125 0.421875 390 0.421875 0.390625 
423 0.453125 0.421875 422 0.421875 0.421875 454 0.453125 0.453125 424 0.484375 0.421875 391 0.453125 0.390625 
424 0.484375 0.421875 423 0.453125 0.421875 455 0.484375 0.453125 425 0.515625 0.421875 392 0.484375 0.390625 
425 0.515625 0.421875 424 0.484375 0.421875 456 0.515625 0.453125 426 0.546875 0.421875 393 0.515625 0.390625 
426 0.546875 0.421875 425 0.515625 0.421875 457 0.546875 0.453125 427 0.578125 0.421875 394 0.546875 0.390625 
429 0.671875 0.421875 428 0.640625 0.421875 461 0.671875 0.453125 430 0.703125 0.421875 398 0.671875 0.390625 
431 0.734375 0.421875 430 0.703125 0.421875 463 0.734375 0.453125 432 0.765625 0.421875 400 0.734375 0.390625 
432 0.765625 0.421875 431 0.734375 0.421875 464 0.765625 0.453125 433 0.796875 0.421875 401 0.765625 0.390625 
434 0.828125 0.421875 433 0.796875 0.421875 466 0.828125 0.453125 435 0.859375 0.421875 403 0.828125 0.390625 
436 0.890625 0.421875 435 0.859375 0.421875 468 0.890625 0.453125 437 0.921875 0.421875 405 0.890625 0.390625 
440 0.015625 0.453125 471 0.984375 0.453125 472 0.015625 0.484375 441 0.046875 0.453125 409 0.015625 0.421875 
443 0.109375 0.453125 442 0.078125 0.453125 475 0.109375 0.484375 444 0.140625 0.453125 412 0.109375 0.421875 
444 0.140625 0.453125 443 0.109375 0.453125 476 0.140625 0.484375 445 0.171875 0.453125 413 0.140625 0.421875 
445 0.171875 0.453125 444 0.140625 0.453125 477 0.171875 0.484375 446 0.203125 0.453125 414 0.171875 0.421875 
446 0.203125 0.453125 445 0.171875 0.453125 478 0.203125 0.484375 447 0.234375 0.453125 415 0.203125 0.421875 
448 0.265625 0.453125 447 0.234375 0.453125 480 0.265625 0.484375 449 0.296875 0.453125 417 0.265625 0.421875 
451 0.359375 0.453125 450 0.328125 0.453125 483 0.359375 0.484375 452 0.390625 0.453125 420 0.359375 0.421875 
453 0.421875 0.453125 452 0.390625 0.453125 485 0.421875 0.484375 454 0.453125 0.453125 422 0.421875 0.421875 
454 0.453125 0.453125 453 0.421875 0.453125 486 0.453125 0.484375 455 0.484375 0.453125 423 0.453125 0.421875 
456 0.515625 0.453125 455 0.484375 0.453125 488 0.515625 0.484375 457 0.546875 0.453125 425 0.515625 0.421875 
457 0.546875 0.453125 456 0.515625 0.453125 489 0.546875 0.484375 458 0.578125 0.453125 426 0.546875 0.421875 
458 0.578125 0.453125 457 0.546875 0.453125 490 0.578125 0.484375 459 0.609375 0.453125 427 0.578125 0.421875 
460 0.640625 0.453125 459 0.609375 0.453125 492 0.640625 0.484375 461 0.671875 0.453125 428 0.640625 0.421875 
463 0.734375 0.453125 462 0.703125 0.453125 495 0.734375 0.484375 464 0.765625 0.453125 431 0.734375 0.421875 
464 0.765625 0.453125 463 0.734375 0.453125 496 0.765625 0.484375 465 0.796875 0.453125 432 0.765625 0.421875 
467 0.859375 0.453125 466 0.828125 0.453125 498 0.859375 0.484375 468 0.890625 0.453125 435 0.859375 0.421875 
468 0.890625 0.453125 467 0.859375 0.453125 499 0.890625 0.484375 469 0.921875 0.453125 436 0.890625 0.421875 
469 0.921875 0.453125 468 0.890625 0.453125 500 0.921875 0.484375 470 0.953125 0.453125 437 0.921875 0.421875 
470 0.953125 0.453125 469 0.921875 0.453125 501 0.953125 0.484375 471 0.984375 0.453125 438 0.953125 0.421875 
472 0.015625 0.484375 502 0.984375 0.484375 503 0.015625 0.515625 473 0.046875 0.484375 440 0.015625 0.453125 
473 0.046875 0.484375 472 0.015625 0.484375 504 0.046875 0.515625 474 0.078125 0.484375 441 0.046875 0.453125 
474 0.078125 0.484375 473 0.046875 0.484375 505 0.078125 0.515625 475 0.109375 0.484375 442 0.078125 0.453125 
475 0.109375 0.484375 474 0.078125 0.484375 506 0.109375 0.515625 476 0.140625 0.484375 443 0.109375 0.453125 
478 0.203125 0.484375 477 0.171875 0.484375 509 0.203125 0.515625 479 0.234375 0.484375 446 0.203125 0.453125 
480 0.265625 0.484375 479 0.234375 0.484375 511 0.265625 0.515625 481 0.296875 0.484375 448 0.265625 0.453125 
481 0.296875 0.484375 480 0.265625 0.484375 512 0.296875 0.515625 482 0.328125 0.484375 449 0.296875 0.453125 
483 0.359375 0.484375 482 0.328125 0.484375 514 0.359375 0.515625 484 0.390625 0.484375 451 0.359375 0.453125 
484 0.390625 0.484375 483 0.359375 0.484375 515 0.390625 0.515625 485 0.421875 0.484375 452 0.390625 0.453125 
485 0.421875 0.484375 484 0.390625 0.484375 516 0.421875 0.515625 486 0.453125 0.484375 453 0.421875 0.453125 
486 0.453125 0.484375 485 0.421875 0.484375 517 0.453125 0.515625 487 0.484375 0.484375 454 0.453125 0.453125 
487 0.484375 0.484375 486 0.453125 0.484375 518 0.484375 0.515625 488 0.515625 0.484375 455 0.484375 0.453125 
493 0.671875 0.484375 492 0.640625 0.484375 524 0.671875 0.515625 494 0.703125 0.484375 461 0.671875 0.453125 
499 0.890625 0.484375 498 0.859375 0.484375 531 0.890625 0.515625 500 0.921875 0.484375 468 0.890625 0.453125 
500 0.921875 0.484375 499 0.890625 0.484375 532 0.921875 0.515625 501 0.953125 0.484375 469 0.921875 0.453125 
504 0.046875 0.515625 503 0.015625 0.515625 536 0.046875 0.546875 505 0.078125 0.515625 473 0.046875 0.484375 
506 0.109375 0.515625 505 0.078125 0.515625 538 0.109375 0.546875 507 0.140625 0.515625 475 0.109375 0.484375 
508 0.171875 0.515625 507 0.140625 0.515625 540 0.171875 0.546875 509 0.203125 0.515625 477 0.171875 0.484375 
509 0.203125 0.515625 508 0.171875 0.515625 541 0.203125 0.546875 510 0.234375 0.515625 478 0.203125 0.484375 
511 0.265625 0.515625 510 0.234375 0.515625 543 0.265625 0.546875 512 0.296875 0.515625 480 0.265625 0.484375 
512 0.296875 0.515625 511 0.265625 0.515625 544 0.296875 0.546875 513 0.328125 0.515625 481 0.296875 0.484375 
513 0.328125 0.515625 512 0.296875 0.515625 545 0.328125 0.546875 514 0.359375 0.515625 482 0.328125 0.484375 
515 0.390625 0.515625 514 0.359375 0.515625 547 0.390625 0.546875 516 0.421875 0.515625 484 0.390625 0.484375 
517 0.453125 0.515625 516 0.421875 0.515625 549 0.453125 0.546875 518 0.484375 0.515625 486 0.453125 0.484375 
521 0.578125 0.515625 520 0.546875 0.515625 553 0.578125 0.546875 522 0.609375 0.515625 490 0.578125 0.484375 
522 0.609375 0.515625 521 0.578125 0.515625 554 0.609375 0.546875 523 0.640625 0.515625 491 0.609375 0.484375 
523 0.640625 0.515625 522 0.609375 0.515625 555 0.640625 0.546875 524 0.671875 0.515625 492 0.640625 0.484375 
525 0.703125 0.515625 524 0.671875 0.515625 557 0.703125 0.546875 526 0.734375 0.515625 494 0.703125 0.484375 
526 0.734375 0.515625 525 0.703125 0.515625 558 0.734375 0.546875 527 0.765625 0.515625 495 0.734375 0.484375 
527 0.765625 0.515625 526 0.734375 0.515625 559 0.765625 0.546875 528 0.796875 0.515625 496 0.765625 0.484375 
529 0.828125 0.515625 528 0.796875 0.515625 561 0.828125 0.546875 530 0.859375 0.515625 497 0.828125 0.484375 
530 0.859375 0.515625 529 0.828125 0.515625 562 0.859375 0.546875 531 0.890625 0.515625 498 0.859375 0.484375 
532 0.921875 0.515625 531 0.890625 0.515625 563 0.921875 0.546875 533 0.953125 0.515625 500 0.921875 0.484375 
534 0.984375 0.515625 533 0.953125 0.515625 565 0.984375 0.546875 503 0.015625 0.515625 502 0.984375 0.484375 
535 0.015625 0.546875 565 0.984375 0.546875 566 0.015625 0.578125 536 0.046875 0.546875 503 0.015625 0.515625 
536 0.046875 0.546875 535 0.015625 0.546875 567 0.046875 0.578125 537 0.078125 0.546875 504 0.046875 0.515625 
537 0.078125 0.546875 536 0.046875 0.546875 568 0.078125 0.578125 538 0.109375 0.546875 505 0.078125 0.515625 
539 0.140625 0.546875 538 0.109375 0.546875 570 0.140625 0.578125 540 0.171875 0.546875 507 0.140625 0.515625 
540 0.171875 0.546875 539 0.140625 0.546875 571 0.171875 0.578125 541 0.203125 0.546875 508 0.171875 0.515625 
541 0.203125 0.546875 540 0.171875 0.546875 572 0.203125 0.578125 542 0.234375 0.546875 509 0.203125 0.515625 
542 0.234375 0.546875 541 0.203125 0.546875 573 0.234375 0.578125 543 0.265625 0.546875 510 0.234375 0.515625 
544 0.296875 0.546875 543 0.265625 0.546875 575 0.296875 0.578125 545 0.328125 0.546875 512 0.296875 0.515625 
545 0.328125 0.546875 544 0.296875 0.546875 576 0.328125 0.578125 546 0.359375 0.546875 513 0.328125 0.515625 
546 0.359375 0.546875 545 0.328125 0.546875 577 0.359375 0.578125 547 0.390625 0.546875 514 0.359375 0.515625 
547 0.390625 0.546875 546 0.359375 0.546875 578 0.390625 0.578125 548 0.421875 0.546875 515 0.390625 0.515625 
549 0.453125 0.546875 548 0.421875 0.546875 580 0.453125 0.578125 550 0.484375 0.546875 517 0.453125 0.515625 
551 0.515625 0.546875 550 0.484375 0.546875 582 0.515625 0.578125 552 0.546875 0.546875 519 0.515625 0.515625 
554 0.609375 0.546875 553 0.578125 0.546875 585 0.609375 0.578125 555 0.640625 0.546875 522 0.609375 0.515625 
555 0.640625 0.546875 554 0.609375 0.546875 586 0.640625 0.578125 556 0.671875 0.546875 523 0.640625 0.515625 
556 0.671875 0.546875 555 0.640625 0.546875 587 0.671875 0.578125 557 0.703125 0.546875 524 0.671875 0.515625 
560 0.796875 0.546875 559 0.765625 0.546875 591 0.796875 0.578125 561 0.828125 0.546875 528 0.796875 0.515625 
561 0.828125 0.546875 560 0.796875 0.546875 592 0.828125 0.578125 562 0.859375 0.546875 529 0.828125 0.515625 
566 0.015625 0.578125 597 0.984375 0.578125 598 0.015625 0.609375 567 0.046875 0.578125 535 0.015625 0.546875 
568 0.078125 0.578125 567 0.046875 0.578125 600 0.078125 0.609375 569 0.109375 0.578125 537 0.078125 0.546875 
569 0.109375 0.578125 568 0.078125 0.578125 601 0.109375 0.609375 570 0.140625 0.578125 538 0.109375 0.546875 
573 0.234375 0.578125 572 0.203125 0.578125 605 0.234375 0.609375 574 0.265625 0.578125 542 0.234375 0.546875 
575 0.296875 0.578125 574 0.265625 0.578125 606 0.296875 0.609375 576 0.328125 0.578125 544 0.296875 0.546875 
576 0.328125 0.578125 575 0.296875 0.578125 607 0.328125 0.609375 577 0.359375 0.578125 545 0.328125 0.546875 
577 0.359375 0.578125 576 0.328125 0.578125 608 0.359375 0.609375 578 0.390625 0.578125 546 0.359375 0.546875 
578 0.390625 0.578125 577 0.359375 0.578125 609 0.390625 0.609375 579 0.421875 0.578125 547 0.390625 0.546875 
583 0.546875 0.578125 582 0.515625 0.578125 614 0.546875 0.609375 584 0.578125 0.578125 552 0.546875 0.546875 
584 0.578125 0.578125 583 0.546875 0.578125 615 0.578125 0.609375 585 0.609375 0.578125 553 0.578125 0.546875 
587 0.671875 0.578125 586 0.640625 0.578125 618 0.671875 0.609375 588 0.703125 0.578125 556 0.671875 0.546875 
590 0.765625 0.578125 589 0.734375 0.578125 620 0.765625 0.609375 591 0.796875 0.578125 559 0.765625 0.546875 
592 0.828125 0.578125 591 0.796875 0.578125 622 0.828125 0.609375 593 0.859375 0.578125 561 0.828125 0.546875 
593 0.859375 0.578125 592 0.828125 0.578125 623 0.859375 0.609375 594 0.890625 0.578125 562 0.859375 0.546875 
595 0.921875 0.578125 594 0.890625 0.578125 625 0.921875 0.609375 596 0.953125 0.578125 563 0.921875 0.546875 
596 0.953125 0.578125 595 0.921875 0.578125 626 0.953125 0.609375 597 0.984375 0.578125 564 0.953125 0.546875 
597 0.984375 0.578125 596 0.953125 0.578125 627 0.984375 0.609375 566 0.015625 0.578125 565 0.984375 0.546875 
598 0.015625 0.609375 627 0.984375 0.609375 628 0.015625 0.640625 599 0.046875 0.609375 566 0.015625 0.578125 
599 0.046875 0.609375 598 0.015625 0.609375 629 0.046875 0.640625 600 0.078125 0.609375 567 0.046875 0.578125 
601 0.109375 0.609375 600 0.078125 0.609375 631 0.109375 0.640625 602 0.140625 0.609375 569 0.109375 0.578125 
602 0.140625 0.609375 601 0.109375 0.609375 632 0.140625 0.640625 603 0.171875 0.609375 570 0.140625 0.578125 
603 0.171875 0.609375 602 0.140625 0.609375 633 0.171875 0.640625 604 0.203125 0.609375 571 0.171875 0.578125 
607 0.328125 0.609375 606 0.296875 0.609375 638 0.328125 0.640625 608 0.359375 0.609375 576 0.328125 0.578125 
608 0.359375 0.609375 607 0.328125 0.609375 639 0.359375 0.640625 609 0.390625 0.609375 577 0.359375 0.578125 
609 0.390625 0.609375 608 0.359375 0.609375 640 0.390625 0.640625 610 0.421875 0.609375 578 0.390625 0.578125 
610 0.421875 0.609375 609 0.390625 0.609375 641 0.421875 0.640625 611 0.453125 0.609375 579 0.421875 0.578125 
611 0.453125 0.609375 610 0.421875 0.609375 642 0.453125 0.640625 612 0.484375 0.609375 580 0.453125 0.578125 
612 0.484375 0.609375 611 0.453125 0.609375 643 0.484375 0.640625 613 0.515625 0.609375 581 0.484375 0.578125 
613 0.515625 0.609375 612 0.484375 0.609375 644 0.515625 0.640625 614 0.546875 0.609375 582 0.515625 0.578125 
615 0.578125 0.609375 614 0.546875 0.609375 646 0.578125 0.640625 616 0.609375 0.609375 584 0.578125 0.578125 
616 0.609375 0.609375 615 0.578125 0.609375 647 0.609375 0.640625 617 0.640625 0.609375 585 0.609375 0.578125 
618 0.671875 0.609375 617 0.640625 0.609375 649 0.671875 0.640625 619 0.703125 0.609375 587 0.671875 0.578125 
627 0.984375 0.609375 626 0.953125 0.609375 659 0.984375 0.640625 598 0.015625 0.609375 597 0.984375 0.578125 
630 0.078125 0.640625 629 0.046875 0.640625 662 0.078125 0.671875 631 0.109375 0.640625 600 0.078125 0.609375 
632 0.140625 0.640625 631 0.109375 0.640625 664 0.140625 0.671875 633 0.171875 0.640625 602 0.140625 0.609375 
633 0.171875 0.640625 632 0.140625 0.640625 665 0.171875 0.671875 634 0.203125 0.640625 603 0.171875 0.609375 
634 0.203125 0.640625 633 0.171875 0.640625 666 0.203125 0.671875 635 0.234375 0.640625 604 0.203125 0.609375 
637 0.296875 0.640625 636 0.265625 0.640625 669 0.296875 0.671875 638 0.328125 0.640625 606 0.296875 0.609375 
640 0.390625 0.640625 639 0.359375 0.640625 672 0.390625 0.671875 641 0.421875 0.640625 609 0.390625 0.609375 
643 0.484375 0.640625 642 0.453125 0.640625 675 0.484375 0.671875 644 0.515625 0.640625 612 0.484375 0.609375 
644 0.515625 0.640625 643 0.484375 0.640625 676 0.515625 0.671875 645 0.546875 0.640625 613 0.515625 0.609375 
652 0.765625 0.640625 651 0.734375 0.640625 682 0.765625 0.671875 653 0.796875 0.640625 620 0.765625 0.609375 
653 0.796875 0.640625 652 0.765625 0.640625 683 0.796875 0.671875 654 0.828125 0.640625 621 0.796875 0.609375 
654 0.828125 0.640625 653 0.796875 0.640625 684 0.828125 0.671875 655 0.859375 0.640625 622 0.828125 0.609375 
656 0.890625 0.640625 655 0.859375 0.640625 686 0.890625 0.671875 657 0.921875 0.640625 624 0.890625 0.609375 
658 0.953125 0.640625 657 0.921875 0.640625 688 0.953125 0.671875 659 0.984375 0.640625 626 0.953125 0.609375 
659 0.984375 0.640625 658 0.953125 0.640625 689 0.984375 0.671875 628 0.015625 0.640625 627 0.984375 0.609375 
660 0.015625 0.671875 689 0.984375 0.671875 690 0.015625 0.703125 661 0.046875 0.671875 628 0.015625 0.640625 
662 0.078125 0.671875 661 0.046875 0.671875 692 0.078125 0.703125 663 0.109375 0.671875 630 0.078125 0.640625 
663 0.109375 0.671875 662 0.078125 0.671875 693 0.109375 0.703125 664 0.140625 0.671875 631 0.109375 0.640625 
664 0.140625 0.671875 663 0.109375 0.671875 694 0.140625 0.703125 665 0.171875 0.671875 632 0.140625 0.640625 
665 0.171875 0.671875 664 0.140625 0.671875 695 0.171875 0.703125 666 0.203125 0.671875 633 0.171875 0.640625 
666 0.203125 0.671875 665 0.171875 0.671875 696 0.203125 0.703125 667 0.234375 0.671875 634 0.203125 0.640625 
667 0.234375 0.671875 666 0.203125 0.671875 697 0.234375 0.703125 668 0.265625 0.671875 635 0.234375 0.640625 
668 0.265625 0.671875 667 0.234375 0.671875 698 0.265625 0.703125 669 0.296875 0.671875 636 0.265625 0.640625 
671 0.359375 0.671875 670 0.328125 0.671875 701 0.359375 0.703125 672 0.390625 0.671875 639 0.359375 0.640625 
672 0.390625 0.671875 671 0.359375 0.671875 702 0.390625 0.703125 673 0.421875 0.671875 640 0.390625 0.640625 
673 0.421875 0.671875 672 0.390625 0.671875 703 0.421875 0.703125 674 0.453125 0.671875 641 0.421875 0.640625 
674 0.453125 0.671875 673 0.421875 0.671875 704 0.453125 0.703125 675 0.484375 0.671875 642 0.453125 0.640625 
678 0.640625 0.671875 677 0.609375 0.671875 710 0.640625 0.703125 679 0.671875 0.671875 648 0.640625 0.640625 
680 0.703125 0.671875 679 0.671875 0.671875 712 0.703125 0.703125 681 0.734375 0.671875 650 0.703125 0.640625 
681 0.734375 0.671875 680 0.703125 0.671875 713 0.734375 0.703125 682 0.765625 0.671875 651 0.734375 0.640625 
682 0.765625 0.671875 681 0.734375 0.671875 714 0.765625 0.703125 683 0.796875 0.671875 652 0.765625 0.640625 
684 0.828125 0.671875 683 0.796875 0.671875 716 0.828125 0.703125 685 0.859375 0.671875 654 0.828125 0.640625 
685 0.859375 0.671875 684 0.828125 0.671875 717 0.859375 0.703125 686 0.890625 0.671875 655 0.859375 0.640625 
686 0.890625 0.671875 685 0.859375 0.671875 718 0.890625 0.703125 687 0.921875 0.671875 656 0.890625 0.640625 
687 0.921875 0.671875 686 0.890625 0.671875 719 0.921875 0.703125 688 0.953125 0.671875 657 0.921875 0.640625 
689 0.984375 0.671875 688 0.953125 0.671875 721 0.984375 0.703125 660 0.015625 0.671875 659 0.984375 0.640625 
690 0.015625 0.703125 721 0.984375 0.703125 722 0.015625 0.734375 691 0.046875 0.703125 660 0.015625 0.671875 
691 0.046875 0.703125 690 0.015625 0.703125 723 0.046875 0.734375 692 0.078125 0.703125 661 0.046875 0.671875 
697 0.234375 0.703125 696 0.203125 0.703125 729 0.234375 0.734375 698 0.265625 0.703125 667 0.234375 0.671875 
698 0.265625 0.703125 697 0.234375 0.703125 730 0.265625 0.734375 699 0.296875 0.703125 668 0.265625 0.671875 
700 0.328125 0.703125 699 0.296875 0.703125 731 0.328125 0.734375 701 0.359375 0.703125 670 0.328125 0.671875 
702 0.390625 0.703125 701 0.359375 0.703125 733 0.390625 0.734375 703 0.421875 0.703125 672 0.390625 0.671875 
703 0.421875 0.703125 702 0.390625 0.703125 734 0.421875 0.734375 704 0.453125 0.703125 673 0.421875 0.671875 
706 0.515625 0.703125 705 0.484375 0.703125 737 0.515625 0.734375 707 0.546875 0.703125 676 0.515625 0.671875 
713 0.734375 0.703125 712 0.703125 0.703125 744 0.734375 0.734375 714 0.765625 0.703125 681 0.734375 0.671875 
714 0.765625 0.703125 713 0.734375 0.703125 745 0.765625 0.734375 715 0.796875 0.703125 682 0.765625 0.671875 
717 0.859375 0.703125 716 0.828125 0.703125 747 0.859375 0.734375 718 0.890625 0.703125 685 0.859375 0.671875 
718 0.890625 0.703125 717 0.859375 0.703125 748 0.890625 0.734375 719 0.921875 0.703125 686 0.890625 0.671875 
719 0.921875 0.703125 718 0.890625 0.703125 749 0.921875 0.734375 720 0.953125 0.703125 687 0.921875 0.671875 
721 0.984375 0.703125 720 0.953125 0.703125 751 0.984375 0.734375 690 0.015625 0.703125 689 0.984375 0.671875 
726 0.140625 0.734375 725 0.109375 0.734375 756 0.140625 0.765625 727 0.171875 0.734375 694 0.140625 0.703125 
727 0.171875 0.734375 726 0.140625 0.734375 757 0.171875 0.765625 728 0.203125 0.734375 695 0.171875 0.703125 
732 0.359375 0.734375 731 0.328125 0.734375 763 0.359375 0.765625 733 0.390625 0.734375 701 0.359375 0.703125 
733 0.390625 0.734375 732 0.359375 0.734375 764 0.390625 0.765625 734 0.421875 0.734375 702 0.390625 0.703125 
736 0.484375 0.734375 735 0.453125 0.734375 767 0.484375 0.765625 737 0.515625 0.734375 705 0.484375 0.703125 
738 0.546875 0.734375 737 0.515625 0.734375 769 0.546875 0.765625 739 0.578125 0.734375 707 0.546875 0.703125 
739 0.578125 0.734375 738 0.546875 0.734375 770 0.578125 0.765625 740 0.609375 0.734375 708 0.578125 0.703125 
740 0.609375 0.734375 739 0.578125 0.734375 771 0.609375 0.765625 741 0.640625 0.734375 709 0.609375 0.703125 
741 0.640625 0.734375 740 0.609375 0.734375 772 0.640625 0.765625 742 0.671875 0.734375 710 0.640625 0.703125 
742 0.671875 0.734375 741 0.640625 0.734375 773 0.671875 0.765625 743 0.703125 0.734375 711 0.671875 0.703125 
747 0.859375 0.734375 746 0.828125 0.734375 779 0.859375 0.765625 748 0.890625 0.734375 717 0.859375 0.703125 
748 0.890625 0.734375 747 0.859375 0.734375 780 0.890625 0.765625 749 0.921875 0.734375 718 0.890625 0.703125 
749 0.921875 0.734375 748 0.890625 0.734375 781 0.921875 0.765625 750 0.953125 0.734375 719 0.921875 0.703125 
751 0.984375 0.734375 750 0.953125 0.734375 783 0.984375 0.765625 722 0.015625 0.734375 721 0.984375 0.703125 
752 0.015625 0.765625 783 0.984375 0.765625 784 0.015625 0.796875 753 0.046875 0.765625 722 0.015625 0.734375 
754 0.078125 0.765625 753 0.046875 0.765625 786 0.078125 0.796875 755 0.109375 0.765625 724 0.078125 0.734375 
757 0.171875 0.765625 756 0.140625 0.765625 789 0.171875 0.796875 758 0.203125 0.765625 727 0.171875 0.734375 
760 0.265625 0.765625 759 0.234375 0.765625 792 0.265625 0.796875 761 0.296875 0.765625 730 0.265625 0.734375 
762 0.328125 0.765625 761 0.296875 0.765625 794 0.328125 0.796875 763 0.359375 0.765625 731 0.328125 0.734375 
766 0.453125 0.765625 765 0.421875 0.765625 798 0.453125 0.796875 767 0.484375 0.765625 735 0.453125 0.734375 
770 0.578125 0.765625 769 0.546875 0.765625 802 0.578125 0.796875 771 0.609375 0.765625 739 0.578125 0.734375 
775 0.734375 0.765625 774 0.703125 0.765625 807 0.734375 0.796875 776 0.765625 0.765625 744 0.734375 0.734375 
776 0.765625 0.765625 775 0.734375 0.765625 808 0.765625 0.796875 777 0.796875 0.765625 745 0.765625 0.734375 
779 0.859375 0.765625 778 0.828125 0.765625 811 0.859375 0.796875 780 0.890625 0.765625 747 0.859375 0.734375 
780 0.890625 0.765625 779 0.859375 0.765625 812 0.890625 0.796875 781 0.921875 0.765625 748 0.890625 0.734375 
781 0.921875 0.765625 780 0.890625 0.765625 813 0.921875 0.796875 782 0.953125 0.765625 749 0.921875 0.734375 
784 0.015625 0.796875 815 0.984375 0.796875 816 0.015625 0.828125 785 0.046875 0.796875 752 0.015625 0.765625 
785 0.046875 0.796875 784 0.015625 0.796875 817 0.046875 0.828125 786 0.078125 0.796875 753 0.046875 0.765625 
786 0.078125 0.796875 785 0.046875 0.796875 818 0.078125 0.828125 787 0.109375 0.796875 754 0.078125 0.765625 
787 0.109375 0.796875 786 0.078125 0.796875 819 0.109375 0.828125 788 0.140625 0.796875 755 0.109375 0.765625 
789 0.171875 0.796875 788 0.140625 0.796875 821 0.171875 0.828125 790 0.203125 0.796875 757 0.171875 0.765625 
790 0.203125 0.796875 789 0.171875 0.796875 822 0.203125 0.828125 791 0.234375 0.796875 758 0.203125 0.765625 
791 0.234375 0.796875 790 0.203125 0.796875 823 0.234375 0.828125 792 0.265625 0.796875 759 0.234375 0.765625 
792 0.265625 0.796875 791 0.234375 0.796875 824 0.265625 0.828125 793 0.296875 0.796875 760 0.265625 0.765625 
793 0.296875 0.796875 792 0.265625 0.796875 825 0.296875 0.828125 794 0.328125 0.796875 761 0.296875 0.765625 
796 0.390625 0.796875 795 0.359375 0.796875 826 0.390625 0.828125 797 0.421875 0.796875 764 0.390625 0.765625 
798 0.453125 0.796875 797 0.421875 0.796875 828 0.453125 0.828125 799 0.484375 0.796875 766 0.453125 0.765625 
799 0.484375 0.796875 798 0.453125 0.796875 829 0.484375 0.828125 800 0.515625 0.796875 767 0.484375 0.765625 
800 0.515625 0.796875 799 0.484375 0.796875 830 0.515625 0.828125 801 0.546875 0.796875 768 0.515625 0.765625 
801 0.546875 0.796875 800 0.515625 0.796875 831 0.546875 0.828125 802 0.578125 0.796875 769 0.546875 0.765625 
805 0.671875 0.796875 804 0.640625 0.796875 835 0.671875 0.828125 806 0.703125 0.796875 773 0.671875 0.765625 
809 0.796875 0.796875 808 0.765625 0.796875 839 0.796875 0.828125 810 0.828125 0.796875 777 0.796875 0.765625 
810 0.828125 0.796875 809 0.796875 0.796875 840 0.828125 0.828125 811 0.859375 0.796875 778 0.828125 0.765625 
813 0.921875 0.796875 812 0.890625 0.796875 843 0.921875 0.828125 814 0.953125 0.796875 781 0.921875 0.765625 
815 0.984375 0.796875 814 0.953125 0.796875 845 0.984375 0.828125 784 0.015625 0.796875 783 0.984375 0.765625 
818 0.078125 0.828125 817 0.046875 0.828125 847 0.078125 0.859375 819 0.109375 0.828125 786 0.078125 0.796875 
819 0.109375 0.828125 818 0.078125 0.828125 848 0.109375 0.859375 820 0.140625 0.828125 787 0.109375 0.796875 
820 0.140625 0.828125 819 0.109375 0.828125 849 0.140625 0.859375 821 0.171875 0.828125 788 0.140625 0.796875 
824 0.265625 0.828125 823 0.234375 0.828125 853 0.265625 0.859375 825 0.296875 0.828125 792 0.265625 0.796875 
828 0.453125 0.828125 827 0.421875 0.828125 856 0.453125 0.859375 829 0.484375 0.828125 798 0.453125 0.796875 
830 0.515625 0.828125 829 0.484375 0.828125 858 0.515625 0.859375 831 0.546875 0.828125 800 0.515625 0.796875 
831 0.546875 0.828125 830 0.515625 0.828125 859 0.546875 0.859375 832 0.578125 0.828125 801 0.546875 0.796875 
833 0.609375 0.828125 832 0.578125 0.828125 861 0.609375 0.859375 834 0.640625 0.828125 803 0.609375 0.796875 
835 0.671875 0.828125 834 0.640625 0.828125 863 0.671875 0.859375 836 0.703125 0.828125 805 0.671875 0.796875 
837 0.734375 0.828125 836 0.703125 0.828125 865 0.734375 0.859375 838 0.765625 0.828125 807 0.734375 0.796875 
840 0.828125 0.828125 839 0.796875 0.828125 868 0.828125 0.859375 841 0.859375 0.828125 810 0.828125 0.796875 
841 0.859375 0.828125 840 0.828125 0.828125 869 0.859375 0.859375 842 0.890625 0.828125 811 0.859375 0.796875 
842 0.890625 0.828125 841 0.859375 0.828125 870 0.890625 0.859375 843 0.921875 0.828125 812 0.890625 0.796875 
844 0.953125 0.828125 843 0.921875 0.828125 871 0.953125 0.859375 845 0.984375 0.828125 814 0.953125 0.796875 
845 0.984375 0.828125 844 0.953125 0.828125 872 0.984375 0.859375 816 0.015625 0.828125 815 0.984375 0.796875 
847 0.078125 0.859375 846 0.046875 0.859375 875 0.078125 0.890625 848 0.109375 0.859375 818 0.078125 0.828125 
848 0.109375 0.859375 847 0.078125 0.859375 876 0.109375 0.890625 849 0.140625 0.859375 819 0.109375 0.828125 
851 0.203125 0.859375 850 0.171875 0.859375 879 0.203125 0.890625 852 0.234375 0.859375 822 0.203125 0.828125 
860 0.578125 0.859375 859 0.546875 0.859375 891 0.578125 0.890625 861 0.609375 0.859375 832 0.578125 0.828125 
861 0.609375 0.859375 860 0.578125 0.859375 892 0.609375 0.890625 862 0.640625 0.859375 833 0.609375 0.828125 
862 0.640625 0.859375 861 0.609375 0.859375 893 0.640625 0.890625 863 0.671875 0.859375 834 0.640625 0.828125 
864 0.703125 0.859375 863 0.671875 0.859375 895 0.703125 0.890625 865 0.734375 0.859375 836 0.703125 0.828125 
867 0.796875 0.859375 866 0.765625 0.859375 898 0.796875 0.890625 868 0.828125 0.859375 839 0.796875 0.828125 
868 0.828125 0.859375 867 0.796875 0.859375 899 0.828125 0.890625 869 0.859375 0.859375 840 0.828125 0.828125 
869 0.859375 0.859375 868 0.828125 0.859375 900 0.859375 0.890625 870 0.890625 0.859375 841 0.859375 0.828125 
875 0.078125 0.890625 874 0.046875 0.890625 906 0.078125 0.921875 876 0.109375 0.890625 847 0.078125 0.859375 
876 0.109375 0.890625 875 0.078125 0.890625 907 0.109375 0.921875 877 0.140625 0.890625 848 0.109375 0.859375 
880 0.234375 0.890625 879 0.203125 0.890625 911 0.234375 0.921875 881 0.265625 0.890625 852 0.234375 0.859375 
881 0.265625 0.890625 880 0.234375 0.890625 912 0.265625 0.921875 882 0.296875 0.890625 853 0.265625 0.859375 
884 0.359375 0.890625 883 0.328125 0.890625 915 0.359375 0.921875 885 0.390625 0.890625 854 0.359375 0.859375 
885 0.390625 0.890625 884 0.359375 0.890625 916 0.390625 0.921875 886 0.421875 0.890625 855 0.390625 0.859375 
888 0.484375 0.890625 887 0.453125 0.890625 919 0.484375 0.921875 889 0.515625 0.890625 857 0.484375 0.859375 
890 0.546875 0.890625 889 0.515625 0.890625 921 0.546875 0.921875 891 0.578125 0.890625 859 0.546875 0.859375 
891 0.578125 0.890625 890 0.546875 0.890625 922 0.578125 0.921875 892 0.609375 0.890625 860 0.578125 0.859375 
892 0.609375 0.890625 891 0.578125 0.890625 923 0.609375 0.921875 893 0.640625 0.890625 861 0.609375 0.859375 
893 0.640625 0.890625 892 0.609375 0.890625 924 0.640625 0.921875 894 0.671875 0.890625 862 0.640625 0.859375 
894 0.671875 0.890625 893 0.640625 0.890625 925 0.671875 0.921875 895 0.703125 0.890625 863 0.671875 0.859375 
895 0.703125 0.890625 894 0.671875 0.890625 926 0.703125 0.921875 896 0.734375 0.890625 864 0.703125 0.859375 
896 0.734375 0.890625 895 0.703125 0.890625 927 0.734375 0.921875 897 0.765625 0.890625 865 0.734375 0.859375 
898 0.796875 0.890625 897 0.765625 0.890625 929 0.796875 0.921875 899 0.828125 0.890625 867 0.796875 0.859375 
899 0.828125 0.890625 898 0.796875 0.890625 930 0.828125 0.921875 900 0.859375 0.890625 868 0.828125 0.859375 
900 0.859375 0.890625 899 0.828125 0.890625 931 0.859375 0.921875 901 0.890625 0.890625 869 0.859375 0.859375 
903 0.984375 0.890625 902 0.953125 0.890625 935 0.984375 0.921875 873 0.015625 0.890625 872 0.984375 0.859375 
908 0.140625 0.921875 907 0.109375 0.921875 940 0.140625 0.953125 909 0.171875 0.921875 877 0.140625 0.890625 
909 0.171875 0.921875 908 0.140625 0.921875 941 0.171875 0.953125 910 0.203125 0.921875 878 0.171875 0.890625 
911 0.234375 0.921875 910 0.203125 0.921875 943 0.234375 0.953125 912 0.265625 0.921875 880 0.234375 0.890625 
912 0.265625 0.921875 911 0.234375 0.921875 944 0.265625 0.953125 913 0.296875 0.921875 881 0.265625 0.890625 
914 0.328125 0.921875 913 0.296875 0.921875 946 0.328125 0.953125 915 0.359375 0.921875 883 0.328125 0.890625 
916 0.390625 0.921875 915 0.359375 0.921875 948 0.390625 0.953125 917 0.421875 0.921875 885 0.390625 0.890625 
917 0.421875 0.921875 916 0.390625 0.921875 949 0.421875 0.953125 918 0.453125 0.921875 886 0.421875 0.890625 
919 0.484375 0.921875 918 0.453125 0.921875 951 0.484375 0.953125 920 0.515625 0.921875 888 0.484375 0.890625 
920 0.515625 0.921875 919 0.484375 0.921875 952 0.515625 0.953125 921 0.546875 0.921875 889 0.515625 0.890625 
921 0.546875 0.921875 920 0.515625 0.921875 953 0.546875 0.953125 922 0.578125 0.921875 890 0.546875 0.890625 
922 0.578125 0.921875 921 0.546875 0.921875 954 0.578125 0.953125 923 0.609375 0.921875 891 0.578125 0.890625 
923 0.609375 0.921875 922 0.578125 0.921875 955 0.609375 0.953125 924 0.640625 0.921875 892 0.609375 0.890625 
925 0.671875 0.921875 924 0.640625 0.921875 957 0.671875 0.953125 926 0.703125 0.921875 894 0.671875 0.890625 
927 0.734375 0.921875 926 0.703125 0.921875 959 0.734375 0.953125 928 0.765625 0.921875 896 0.734375 0.890625 
929 0.796875 0.921875 928 0.765625 0.921875 961 0.796875 0.953125 930 0.828125 0.921875 898 0.796875 0.890625 
931 0.859375 0.921875 930 0.828125 0.921875 963 0.859375 0.953125 932 0.890625 0.921875 900 0.859375 0.890625 
934 0.953125 0.921875 933 0.921875 0.921875 966 0.953125 0.953125 935 0.984375 0.921875 902 0.953125 0.890625 
935 0.984375 0.921875 934 0.953125 0.921875 967 0.984375 0.953125 904 0.015625 0.921875 903 0.984375 0.890625 
937 0.046875 0.953125 936 0.015625 0.953125 969 0.046875 0.984375 938 0.078125 0.953125 905 0.046875 0.921875 
938 0.078125 0.953125 937 0.046875 0.953125 970 0.078125 0.984375 939 0.109375 0.953125 906 0.078125 0.921875 
940 0.140625 0.953125 939 0.109375 0.953125 972 0.140625 0.984375 941 0.171875 0.953125 908 0.140625 0.921875 
941 0.171875 0.953125 940 0.140625 0.953125 973 0.171875 0.984375 942 0.203125 0.953125 909 0.171875 0.921875 
942 0.203125 0.953125 941 0.171875 0.953125 974 0.203125 0.984375 943 0.234375 0.953125 910 0.203125 0.921875 
944 0.265625 0.953125 943 0.234375 0.953125 976 0.265625 0.984375 945 0.296875 0.953125 912 0.265625 0.921875 
945 0.296875 0.953125 944 0.265625 0.953125 977 0.296875 0.984375 946 0.328125 0.953125 913 0.296875 0.921875 
947 0.359375 0.953125 946 0.328125 0.953125 979 0.359375 0.984375 948 0.390625 0.953125 915 0.359375 0.921875 
950 0.453125 0.953125 949 0.421875 0.953125 982 0.453125 0.984375 951 0.484375 0.953125 918 0.453125 0.921875 
951 0.484375 0.953125 950 0.453125 0.953125 983 0.484375 0.984375 952 0.515625 0.953125 919 0.484375 0.921875 
953 0.546875 0.953125 952 0.515625 0.953125 985 0.546875 0.984375 954 0.578125 0.953125 921 0.546875 0.921875 
960 0.765625 0.953125 959 0.734375 0.953125 992 0.765625 0.984375 961 0.796875 0.953125 928 0.765625 0.921875 
961 0.796875 0.953125 960 0.765625 0.953125 993 0.796875 0.984375 962 0.828125 0.953125 929 0.796875 0.921875 
962 0.828125 0.953125 961 0.796875 0.953125 994 0.828125 0.984375 963 0.859375 0.953125 930 0.828125 0.921875 
964 0.890625 0.953125 963 0.859375 0.953125 996 0.890625 0.984375 965 0.921875 0.953125 932 0.890625 0.921875 
967 0.984375 0.953125 966 0.953125 0.953125 999 0.984375 0.984375 936 0.015625 0.953125 935 0.984375 0.921875 
969 0.046875 0.984375 968 0.015625 0.984375 1 0.046875 0.015625 970 0.078125 0.984375 937 0.046875 0.953125 
970 0.078125 0.984375 969 0.046875 0.984375 2 0.078125 0.015625 971 0.109375 0.984375 938 0.078125 0.953125 
973 0.171875 0.984375 972 0.140625 0.984375 5 0.171875 0.015625 974 0.203125 0.984375 941 0.171875 0.953125 
974 0.203125 0.984375 973 0.171875 0.984375 6 0.203125 0.015625 975 0.234375 0.984375 942 0.203125 0.953125 
978 0.328125 0.984375 977 0.296875 0.984375 10 0.328125 0.015625 979 0.359375 0.984375 946 0.328125 0.953125 
979 0.359375 0.984375 978 0.328125 0.984375 11 0.359375 0.015625 980 0.390625 0.984375 947 0.359375 0.953125 
981 0.421875 0.984375 980 0.390625 0.984375 13 0.421875 0.015625 982 0.453125 0.984375 949 0.421875 0.953125 
984 0.515625 0.984375 983 0.484375 0.984375 16 0.515625 0.015625 985 0.546875 0.984375 952 0.515625 0.953125 
985 0.546875 0.984375 984 0.515625 0.984375 17 0.546875 0.015625 986 0.578125 0.984375 953 0.546875 0.953125 
986 0.578125 0.984375 985 0.546875 0.984375 18 0.578125 0.015625 987 0.609375 0.984375 954 0.578125 0.953125 
988 0.640625 0.984375 987 0.609375 0.984375 20 0.640625 0.015625 989 0.671875 0.984375 956 0.640625 0.953125 
990 0.703125 0.984375 989 0.671875 0.984375 22 0.703125 0.015625 991 0.734375 0.984375 958 0.703125 0.953125 
995 0.859375 0.984375 994 0.828125 0.984375 27 0.859375 0.015625 996 0.890625 0.984375 963 0.859375 0.953125 
996 0.890625 0.984375 995 0.859375 0.984375 28 0.890625 0.015625 997 0.921875 0.984375 964 0.890625 0.953125 
999 0.984375 0.984375 998 0.953125 0.984375 31 0.984375 0.015625 968 0.015625 0.984375 967 0.984375 0.953125 
