dx 0.015625
dy 0.015625
numResidualPts 409
numStatePts 1710
0 0.507812 0.507812 2 0.492188 0.507812 3 0.507812 0.523438 1 0.523438 0.507812 4 0.507812 0.492188 
4 0.507812 0.492188 6 0.492188 0.492188 0 0.507812 0.507812 5 0.523438 0.492188 7 0.507812 0.476562 
13 0.554688 0.492188 9 0.539062 0.492188 8 0.554688 0.507812 20 0.570312 0.492188 21 0.554688 0.476562 
16 0.492188 0.554688 25 0.476562 0.554688 27 0.492188 0.570312 11 0.507812 0.554688 10 0.492188 0.539062 
18 0.507812 0.445312 28 0.492188 0.445312 12 0.507812 0.460938 22 0.523438 0.445312 29 0.507812 0.429688 
21 0.554688 0.476562 14 0.539062 0.476562 13 0.554688 0.492188 31 0.570312 0.476562 32 0.554688 0.460938 
26 0.476562 0.460938 36 0.460938 0.460938 15 0.476562 0.476562 17 0.492188 0.460938 37 0.476562 0.445312 
30 0.601562 0.507812 19 0.585938 0.507812 39 0.601562 0.523438 38 0.617188 0.507812 40 0.601562 0.492188 
33 0.523438 0.429688 29 0.507812 0.429688 22 0.523438 0.445312 43 0.539062 0.429688 45 0.523438 0.414062 
35 0.429688 0.523438 47 0.414062 0.523438 48 0.429688 0.539062 24 0.445312 0.523438 23 0.429688 0.507812 
46 0.398438 0.507812 56 0.382812 0.507812 57 0.398438 0.523438 34 0.414062 0.507812 58 0.398438 0.492188 
54 0.554688 0.585938 42 0.539062 0.585938 70 0.554688 0.601562 69 0.570312 0.585938 41 0.554688 0.570312 
55 0.523438 0.617188 51 0.507812 0.617188 72 0.523438 0.632812 71 0.539062 0.617188 44 0.523438 0.601562 
59 0.476562 0.601562 75 0.460938 0.601562 76 0.476562 0.617188 50 0.492188 0.601562 49 0.476562 0.585938 
65 0.632812 0.492188 53 0.617188 0.492188 52 0.632812 0.507812 81 0.648438 0.492188 82 0.632812 0.476562 
78 0.492188 0.632812 92 0.476562 0.632812 94 0.492188 0.648438 62 0.507812 0.632812 60 0.492188 0.617188 
79 0.492188 0.382812 93 0.476562 0.382812 61 0.492188 0.398438 63 0.507812 0.382812 95 0.492188 0.367188 
80 0.664062 0.507812 64 0.648438 0.507812 99 0.664062 0.523438 98 0.679688 0.507812 100 0.664062 0.492188 
83 0.617188 0.460938 67 0.601562 0.460938 66 0.617188 0.476562 104 0.632812 0.460938 105 0.617188 0.445312 
85 0.585938 0.585938 69 0.570312 0.585938 108 0.585938 0.601562 106 0.601562 0.585938 68 0.585938 0.570312 
89 0.382812 0.476562 112 0.367188 0.476562 73 0.382812 0.492188 74 0.398438 0.476562 113 0.382812 0.460938 
93 0.476562 0.382812 117 0.460938 0.382812 77 0.476562 0.398438 79 0.492188 0.382812 118 0.476562 0.367188 
102 0.648438 0.476562 82 0.632812 0.476562 81 0.648438 0.492188 123 0.664062 0.476562 125 0.648438 0.460938 
106 0.601562 0.585938 85 0.585938 0.585938 128 0.601562 0.601562 126 0.617188 0.585938 84 0.601562 0.570312 
109 0.539062 0.367188 88 0.523438 0.367188 86 0.539062 0.382812 129 0.554688 0.367188 131 0.539062 0.351562 
110 0.523438 0.664062 96 0.507812 0.664062 132 0.523438 0.679688 130 0.539062 0.664062 87 0.523438 0.648438 
111 0.523438 0.351562 97 0.507812 0.351562 88 0.523438 0.367188 131 0.539062 0.351562 133 0.523438 0.335938 
116 0.445312 0.617188 137 0.429688 0.617188 139 0.445312 0.632812 91 0.460938 0.617188 90 0.445312 0.601562 
119 0.492188 0.351562 141 0.476562 0.351562 95 0.492188 0.367188 97 0.507812 0.351562 143 0.492188 0.335938 
124 0.648438 0.554688 103 0.632812 0.554688 147 0.648438 0.570312 146 0.664062 0.554688 101 0.648438 0.539062 
127 0.617188 0.429688 107 0.601562 0.429688 105 0.617188 0.445312 148 0.632812 0.429688 150 0.617188 0.414062 
134 0.398438 0.429688 152 0.382812 0.429688 114 0.398438 0.445312 115 0.414062 0.429688 153 0.398438 0.414062 
143 0.492188 0.335938 158 0.476562 0.335938 119 0.492188 0.351562 120 0.507812 0.335938 159 0.492188 0.320312 
145 0.679688 0.539062 122 0.664062 0.539062 163 0.679688 0.554688 161 0.695312 0.539062 121 0.679688 0.523438 
153 0.398438 0.414062 170 0.382812 0.414062 134 0.398438 0.429688 136 0.414062 0.414062 172 0.398438 0.398438 
154 0.414062 0.617188 171 0.398438 0.617188 173 0.414062 0.632812 137 0.429688 0.617188 135 0.414062 0.601562 
155 0.414062 0.398438 172 0.398438 0.398438 136 0.414062 0.414062 138 0.429688 0.398438 174 0.414062 0.382812 
157 0.476562 0.679688 175 0.460938 0.679688 176 0.476562 0.695312 142 0.492188 0.679688 140 0.476562 0.664062 
161 0.695312 0.539062 145 0.679688 0.539062 185 0.695312 0.554688 184 0.710938 0.539062 144 0.695312 0.523438 
167 0.617188 0.617188 151 0.601562 0.617188 189 0.617188 0.632812 188 0.632812 0.617188 149 0.617188 0.601562 
173 0.414062 0.632812 197 0.398438 0.632812 199 0.414062 0.648438 156 0.429688 0.632812 154 0.414062 0.617188 
179 0.507812 0.726562 203 0.492188 0.726562 204 0.507812 0.742188 194 0.523438 0.726562 160 0.507812 0.710938 
186 0.695312 0.460938 164 0.679688 0.460938 162 0.695312 0.476562 209 0.710938 0.460938 210 0.695312 0.445312 
187 0.664062 0.585938 166 0.648438 0.585938 212 0.664062 0.601562 211 0.679688 0.585938 165 0.664062 0.570312 
193 0.539062 0.710938 169 0.523438 0.710938 223 0.539062 0.726562 222 0.554688 0.710938 168 0.539062 0.695312 
201 0.460938 0.695312 234 0.445312 0.695312 235 0.460938 0.710938 176 0.476562 0.695312 175 0.460938 0.679688 
202 0.476562 0.304688 236 0.460938 0.304688 177 0.476562 0.320312 178 0.492188 0.304688 237 0.476562 0.289062 
204 0.507812 0.742188 238 0.492188 0.742188 240 0.507812 0.757812 224 0.523438 0.742188 179 0.507812 0.726562 
205 0.507812 0.273438 239 0.492188 0.273438 180 0.507812 0.289062 225 0.523438 0.273438 241 0.507812 0.257812 
206 0.742188 0.523438 182 0.726562 0.523438 244 0.742188 0.539062 242 0.757812 0.523438 181 0.742188 0.507812 
207 0.742188 0.492188 183 0.726562 0.492188 181 0.742188 0.507812 243 0.757812 0.492188 245 0.742188 0.476562 
208 0.710938 0.554688 185 0.695312 0.554688 248 0.710938 0.570312 246 0.726562 0.554688 184 0.710938 0.539062 
219 0.585938 0.335938 191 0.570312 0.335938 190 0.585938 0.351562 253 0.601562 0.335938 255 0.585938 0.320312 
221 0.570312 0.320312 192 0.554688 0.320312 191 0.570312 0.335938 255 0.585938 0.320312 256 0.570312 0.304688 
226 0.273438 0.523438 259 0.257812 0.523438 260 0.273438 0.539062 196 0.289062 0.523438 195 0.273438 0.507812 
231 0.398438 0.367188 267 0.382812 0.367188 198 0.398438 0.382812 200 0.414062 0.367188 268 0.398438 0.351562 
250 0.664062 0.617188 214 0.648438 0.617188 280 0.664062 0.632812 278 0.679688 0.617188 212 0.664062 0.601562 
251 0.664062 0.398438 215 0.648438 0.398438 213 0.664062 0.414062 279 0.679688 0.398438 281 0.664062 0.382812 
252 0.617188 0.351562 217 0.601562 0.351562 216 0.617188 0.367188 282 0.632812 0.351562 283 0.617188 0.335938 
254 0.585938 0.695312 220 0.570312 0.695312 285 0.585938 0.710938 284 0.601562 0.695312 218 0.585938 0.679688 
263 0.304688 0.570312 292 0.289062 0.570312 294 0.304688 0.585938 228 0.320312 0.570312 227 0.304688 0.554688 
266 0.335938 0.414062 296 0.320312 0.414062 229 0.335938 0.429688 230 0.351562 0.414062 297 0.335938 0.398438 
269 0.414062 0.335938 299 0.398438 0.335938 232 0.414062 0.351562 233 0.429688 0.335938 300 0.414062 0.320312 
274 0.742188 0.460938 247 0.726562 0.460938 245 0.742188 0.476562 305 0.757812 0.460938 306 0.742188 0.445312 
275 0.710938 0.585938 249 0.695312 0.585938 308 0.710938 0.601562 307 0.726562 0.585938 248 0.710938 0.570312 
286 0.539062 0.257812 258 0.523438 0.257812 257 0.539062 0.273438 321 0.554688 0.257812 322 0.539062 0.242188 
291 0.273438 0.460938 325 0.257812 0.460938 261 0.273438 0.476562 262 0.289062 0.460938 326 0.273438 0.445312 
293 0.289062 0.445312 326 0.273438 0.445312 262 0.289062 0.460938 264 0.304688 0.445312 327 0.289062 0.429688 
295 0.304688 0.429688 327 0.289062 0.429688 264 0.304688 0.445312 265 0.320312 0.429688 328 0.304688 0.414062 
301 0.445312 0.289062 337 0.429688 0.289062 270 0.445312 0.304688 271 0.460938 0.289062 339 0.445312 0.273438 
304 0.757812 0.554688 273 0.742188 0.554688 346 0.757812 0.570312 345 0.773438 0.554688 272 0.757812 0.539062 
309 0.710938 0.414062 277 0.695312 0.414062 276 0.710938 0.429688 347 0.726562 0.414062 348 0.710938 0.398438 
311 0.679688 0.632812 280 0.664062 0.632812 351 0.679688 0.648438 349 0.695312 0.632812 278 0.679688 0.617188 
312 0.679688 0.382812 281 0.664062 0.382812 279 0.679688 0.398438 350 0.695312 0.382812 352 0.679688 0.367188 
323 0.210938 0.507812 366 0.195312 0.507812 367 0.210938 0.523438 287 0.226562 0.507812 368 0.210938 0.492188 
324 0.257812 0.554688 369 0.242188 0.554688 371 0.257812 0.570312 290 0.273438 0.554688 288 0.257812 0.539062 
325 0.257812 0.460938 370 0.242188 0.460938 289 0.257812 0.476562 291 0.273438 0.460938 372 0.257812 0.445312 
328 0.304688 0.414062 373 0.289062 0.414062 295 0.304688 0.429688 296 0.320312 0.414062 374 0.304688 0.398438 
331 0.335938 0.382812 375 0.320312 0.382812 297 0.335938 0.398438 298 0.351562 0.382812 377 0.335938 0.367188 
340 0.460938 0.757812 381 0.445312 0.757812 382 0.460938 0.773438 303 0.476562 0.757812 302 0.460938 0.742188 
349 0.695312 0.632812 311 0.679688 0.632812 389 0.695312 0.648438 388 0.710938 0.632812 310 0.695312 0.617188 
353 0.664062 0.664062 314 0.648438 0.664062 393 0.664062 0.679688 391 0.679688 0.664062 313 0.664062 0.648438 
355 0.632812 0.695312 316 0.617188 0.695312 395 0.632812 0.710938 394 0.648438 0.695312 315 0.632812 0.679688 
360 0.601562 0.289062 318 0.585938 0.289062 317 0.601562 0.304688 398 0.617188 0.289062 399 0.601562 0.273438 
362 0.570312 0.757812 320 0.554688 0.757812 401 0.570312 0.773438 400 0.585938 0.757812 319 0.570312 0.742188 
363 0.554688 0.242188 322 0.539062 0.242188 321 0.554688 0.257812 402 0.570312 0.242188 403 0.554688 0.226562 
375 0.320312 0.382812 409 0.304688 0.382812 329 0.320312 0.398438 331 0.335938 0.382812 411 0.320312 0.367188 
376 0.335938 0.648438 410 0.320312 0.648438 412 0.335938 0.664062 332 0.351562 0.648438 330 0.335938 0.632812 
378 0.382812 0.320312 413 0.367188 0.320312 333 0.382812 0.335938 334 0.398438 0.320312 414 0.382812 0.304688 
379 0.414062 0.726562 415 0.398438 0.726562 416 0.414062 0.742188 336 0.429688 0.726562 335 0.414062 0.710938 
381 0.445312 0.757812 417 0.429688 0.757812 418 0.445312 0.773438 340 0.460938 0.757812 338 0.445312 0.742188 
383 0.476562 0.226562 419 0.460938 0.226562 341 0.476562 0.242188 343 0.492188 0.226562 421 0.476562 0.210938 
384 0.492188 0.804688 420 0.476562 0.804688 422 0.492188 0.820312 344 0.507812 0.804688 342 0.492188 0.789062 
393 0.664062 0.679688 354 0.648438 0.679688 432 0.664062 0.695312 430 0.679688 0.679688 353 0.664062 0.664062 
396 0.632812 0.304688 358 0.617188 0.304688 356 0.632812 0.320312 433 0.648438 0.304688 435 0.632812 0.289062 
397 0.617188 0.726562 359 0.601562 0.726562 436 0.617188 0.742188 434 0.632812 0.726562 357 0.617188 0.710938 
400 0.585938 0.757812 362 0.570312 0.757812 438 0.585938 0.773438 437 0.601562 0.757812 361 0.585938 0.742188 
404 0.539062 0.210938 365 0.523438 0.210938 364 0.539062 0.226562 439 0.554688 0.210938 440 0.539062 0.195312 
406 0.195312 0.523438 443 0.179688 0.523438 444 0.195312 0.539062 367 0.210938 0.523438 366 0.195312 0.507812 
416 0.414062 0.742188 452 0.398438 0.742188 453 0.414062 0.757812 380 0.429688 0.742188 379 0.414062 0.726562 
424 0.507812 0.179688 458 0.492188 0.179688 385 0.507812 0.195312 441 0.523438 0.179688 459 0.507812 0.164062 
425 0.789062 0.445312 387 0.773438 0.445312 386 0.789062 0.460938 460 0.804688 0.445312 461 0.789062 0.429688 
428 0.710938 0.648438 389 0.695312 0.648438 464 0.710938 0.664062 463 0.726562 0.648438 388 0.710938 0.632812 
429 0.695312 0.351562 392 0.679688 0.351562 390 0.695312 0.367188 465 0.710938 0.351562 466 0.695312 0.335938 
442 0.164062 0.507812 476 0.148438 0.507812 477 0.164062 0.523438 405 0.179688 0.507812 478 0.164062 0.492188 
445 0.242188 0.585938 479 0.226562 0.585938 480 0.242188 0.601562 408 0.257812 0.585938 407 0.242188 0.570312 
450 0.367188 0.304688 485 0.351562 0.304688 413 0.367188 0.320312 414 0.382812 0.304688 486 0.367188 0.289062 
453 0.414062 0.757812 487 0.398438 0.757812 488 0.414062 0.773438 417 0.429688 0.757812 416 0.414062 0.742188 
457 0.492188 0.835938 491 0.476562 0.835938 492 0.492188 0.851562 423 0.507812 0.835938 422 0.492188 0.820312 
462 0.742188 0.632812 427 0.726562 0.632812 496 0.742188 0.648438 495 0.757812 0.632812 426 0.742188 0.617188 
466 0.695312 0.335938 431 0.679688 0.335938 429 0.695312 0.351562 499 0.710938 0.335938 500 0.695312 0.320312 
470 0.601562 0.773438 438 0.585938 0.773438 504 0.601562 0.789062 503 0.617188 0.773438 437 0.601562 0.757812 
475 0.523438 0.164062 459 0.507812 0.164062 441 0.523438 0.179688 509 0.539062 0.164062 510 0.523438 0.148438 
481 0.242188 0.414062 519 0.226562 0.414062 446 0.242188 0.429688 447 0.257812 0.414062 521 0.242188 0.398438 
484 0.351562 0.710938 523 0.335938 0.710938 524 0.351562 0.726562 449 0.367188 0.710938 448 0.351562 0.695312 
486 0.367188 0.289062 525 0.351562 0.289062 450 0.367188 0.304688 451 0.382812 0.289062 526 0.367188 0.273438 
488 0.414062 0.773438 527 0.398438 0.773438 528 0.414062 0.789062 454 0.429688 0.773438 453 0.414062 0.757812 
490 0.460938 0.820312 529 0.445312 0.820312 530 0.460938 0.835938 456 0.476562 0.820312 455 0.460938 0.804688 
501 0.648438 0.273438 468 0.632812 0.273438 467 0.648438 0.289062 535 0.664062 0.273438 536 0.648438 0.257812 
502 0.632812 0.257812 469 0.617188 0.257812 468 0.632812 0.273438 536 0.648438 0.257812 537 0.632812 0.242188 
505 0.585938 0.210938 472 0.570312 0.210938 471 0.585938 0.226562 541 0.601562 0.210938 543 0.585938 0.195312 
507 0.570312 0.195312 473 0.554688 0.195312 472 0.570312 0.210938 543 0.585938 0.195312 545 0.570312 0.179688 
509 0.539062 0.164062 475 0.523438 0.164062 474 0.539062 0.179688 546 0.554688 0.164062 547 0.539062 0.148438 
522 0.257812 0.382812 556 0.242188 0.382812 482 0.257812 0.398438 483 0.273438 0.382812 557 0.257812 0.367188 
528 0.414062 0.789062 558 0.398438 0.789062 559 0.414062 0.804688 489 0.429688 0.789062 488 0.414062 0.773438 
532 0.789062 0.617188 494 0.773438 0.617188 566 0.789062 0.632812 565 0.804688 0.617188 493 0.789062 0.601562 
533 0.773438 0.632812 495 0.757812 0.632812 567 0.773438 0.648438 566 0.789062 0.632812 494 0.773438 0.617188 
534 0.726562 0.679688 498 0.710938 0.679688 570 0.726562 0.695312 568 0.742188 0.679688 497 0.726562 0.664062 
544 0.570312 0.835938 508 0.554688 0.835938 577 0.570312 0.851562 576 0.585938 0.835938 506 0.570312 0.820312 
551 0.148438 0.539062 579 0.132812 0.539062 581 0.148438 0.554688 513 0.164062 0.539062 511 0.148438 0.523438 
552 0.148438 0.476562 580 0.132812 0.476562 512 0.148438 0.492188 514 0.164062 0.476562 582 0.148438 0.460938 
553 0.164062 0.460938 582 0.148438 0.460938 514 0.164062 0.476562 515 0.179688 0.460938 583 0.164062 0.445312 
554 0.195312 0.429688 585 0.179688 0.429688 516 0.195312 0.445312 517 0.210938 0.429688 587 0.195312 0.414062 
555 0.226562 0.617188 588 0.210938 0.617188 589 0.226562 0.632812 520 0.242188 0.617188 518 0.226562 0.601562 
562 0.507812 0.898438 596 0.492188 0.898438 597 0.507812 0.914062 578 0.523438 0.898438 531 0.507812 0.882812 
574 0.632812 0.226562 539 0.617188 0.226562 537 0.632812 0.242188 608 0.648438 0.226562 610 0.632812 0.210938 
575 0.617188 0.804688 540 0.601562 0.804688 611 0.617188 0.820312 609 0.632812 0.804688 538 0.617188 0.789062 
576 0.585938 0.835938 544 0.570312 0.835938 613 0.585938 0.851562 612 0.601562 0.835938 542 0.585938 0.820312 
578 0.523438 0.898438 562 0.507812 0.898438 615 0.523438 0.914062 614 0.539062 0.898438 548 0.523438 0.882812 
579 0.132812 0.539062 616 0.117188 0.539062 618 0.132812 0.554688 551 0.148438 0.539062 549 0.132812 0.523438 
580 0.132812 0.476562 617 0.117188 0.476562 550 0.132812 0.492188 552 0.148438 0.476562 619 0.132812 0.460938 
595 0.476562 0.132812 630 0.460938 0.132812 560 0.476562 0.148438 561 0.492188 0.132812 632 0.476562 0.117188 
600 0.882812 0.554688 564 0.867188 0.554688 635 0.882812 0.570312 634 0.898438 0.554688 563 0.882812 0.539062 
603 0.742188 0.320312 571 0.726562 0.320312 569 0.742188 0.335938 638 0.757812 0.320312 639 0.742188 0.304688 
605 0.679688 0.757812 573 0.664062 0.757812 641 0.679688 0.773438 640 0.695312 0.757812 572 0.679688 0.742188 
620 0.179688 0.601562 647 0.164062 0.601562 649 0.179688 0.617188 586 0.195312 0.601562 584 0.179688 0.585938 
622 0.210938 0.632812 650 0.195312 0.632812 651 0.210938 0.648438 589 0.226562 0.632812 588 0.210938 0.617188 
624 0.335938 0.757812 656 0.320312 0.757812 657 0.335938 0.773438 591 0.351562 0.757812 590 0.335938 0.742188 
626 0.382812 0.804688 659 0.367188 0.804688 661 0.382812 0.820312 593 0.398438 0.804688 592 0.382812 0.789062 
628 0.398438 0.820312 661 0.382812 0.820312 663 0.398438 0.835938 594 0.414062 0.820312 593 0.398438 0.804688 
633 0.914062 0.539062 599 0.898438 0.539062 667 0.914062 0.554688 666 0.929688 0.539062 598 0.914062 0.523438 
636 0.882812 0.445312 602 0.867188 0.445312 601 0.882812 0.460938 669 0.898438 0.445312 670 0.882812 0.429688 
640 0.695312 0.757812 605 0.679688 0.757812 678 0.695312 0.773438 677 0.710938 0.757812 604 0.695312 0.742188 
642 0.664062 0.789062 607 0.648438 0.789062 682 0.664062 0.804688 680 0.679688 0.789062 606 0.664062 0.773438 
650 0.195312 0.632812 690 0.179688 0.632812 691 0.195312 0.648438 622 0.210938 0.632812 621 0.195312 0.617188 
656 0.320312 0.757812 694 0.304688 0.757812 695 0.320312 0.773438 624 0.335938 0.757812 623 0.320312 0.742188 
660 0.367188 0.210938 697 0.351562 0.210938 625 0.367188 0.226562 627 0.382812 0.210938 699 0.367188 0.195312 
665 0.460938 0.898438 706 0.445312 0.898438 707 0.460938 0.914062 631 0.476562 0.898438 629 0.460938 0.882812 
670 0.882812 0.429688 637 0.867188 0.429688 636 0.882812 0.445312 715 0.898438 0.429688 716 0.882812 0.414062 
683 0.648438 0.820312 644 0.632812 0.820312 725 0.648438 0.835938 723 0.664062 0.820312 643 0.648438 0.804688 
688 0.132812 0.429688 741 0.117188 0.429688 645 0.132812 0.445312 646 0.148438 0.429688 743 0.132812 0.414062 
689 0.148438 0.414062 743 0.132812 0.414062 646 0.148438 0.429688 648 0.164062 0.414062 745 0.148438 0.398438 
692 0.226562 0.335938 747 0.210938 0.335938 652 0.226562 0.351562 653 0.242188 0.335938 748 0.226562 0.320312 
693 0.242188 0.320312 748 0.226562 0.320312 653 0.242188 0.335938 654 0.257812 0.320312 749 0.242188 0.304688 
694 0.304688 0.757812 752 0.289062 0.757812 753 0.304688 0.773438 656 0.320312 0.757812 655 0.304688 0.742188 
697 0.351562 0.210938 754 0.335938 0.210938 658 0.351562 0.226562 660 0.367188 0.210938 756 0.351562 0.195312 
700 0.382812 0.835938 757 0.367188 0.835938 759 0.382812 0.851562 663 0.398438 0.835938 661 0.382812 0.820312 
701 0.382812 0.179688 758 0.367188 0.179688 662 0.382812 0.195312 664 0.398438 0.179688 760 0.382812 0.164062 
714 0.914062 0.570312 668 0.898438 0.570312 771 0.914062 0.585938 770 0.929688 0.570312 667 0.914062 0.554688 
717 0.851562 0.382812 672 0.835938 0.382812 671 0.851562 0.398438 773 0.867188 0.382812 774 0.851562 0.367188 
718 0.804688 0.335938 674 0.789062 0.335938 673 0.804688 0.351562 775 0.820312 0.335938 776 0.804688 0.320312 
720 0.742188 0.273438 676 0.726562 0.273438 675 0.742188 0.289062 777 0.757812 0.273438 778 0.742188 0.257812 
721 0.695312 0.226562 681 0.679688 0.226562 679 0.695312 0.242188 779 0.710938 0.226562 780 0.695312 0.210938 
732 0.554688 0.085938 685 0.539062 0.085938 684 0.554688 0.101562 791 0.570312 0.085938 792 0.554688 0.070312 
739 0.101562 0.445312 796 0.085938 0.445312 686 0.101562 0.460938 687 0.117188 0.445312 797 0.101562 0.429688 
746 0.179688 0.648438 801 0.164062 0.648438 802 0.179688 0.664062 691 0.195312 0.648438 690 0.179688 0.632812 
755 0.351562 0.820312 813 0.335938 0.820312 814 0.351562 0.835938 698 0.367188 0.820312 696 0.351562 0.804688 
762 0.414062 0.882812 816 0.398438 0.882812 818 0.414062 0.898438 704 0.429688 0.882812 702 0.414062 0.867188 
763 0.414062 0.132812 817 0.398438 0.132812 703 0.414062 0.148438 705 0.429688 0.132812 819 0.414062 0.117188 
765 0.492188 0.960938 821 0.476562 0.960938 822 0.492188 0.976562 709 0.507812 0.960938 708 0.492188 0.945312 
768 0.976562 0.523438 711 0.960938 0.523438 826 0.976562 0.539062 825 0.992188 0.523438 710 0.976562 0.507812 
769 0.960938 0.476562 713 0.945312 0.476562 712 0.960938 0.492188 827 0.976562 0.476562 828 0.960938 0.460938 
772 0.898438 0.414062 716 0.882812 0.414062 715 0.898438 0.429688 830 0.914062 0.414062 831 0.898438 0.398438 
776 0.804688 0.320312 719 0.789062 0.320312 718 0.804688 0.335938 836 0.820312 0.320312 837 0.804688 0.304688 
781 0.679688 0.195312 724 0.664062 0.195312 722 0.679688 0.210938 838 0.695312 0.195312 840 0.679688 0.179688 
782 0.664062 0.835938 725 0.648438 0.835938 841 0.664062 0.851562 839 0.679688 0.835938 723 0.664062 0.820312 
783 0.648438 0.164062 727 0.632812 0.164062 726 0.648438 0.179688 842 0.664062 0.164062 844 0.648438 0.148438 
788 0.585938 0.914062 730 0.570312 0.914062 850 0.585938 0.929688 848 0.601562 0.914062 728 0.585938 0.898438 
789 0.585938 0.101562 731 0.570312 0.101562 729 0.585938 0.117188 849 0.601562 0.101562 851 0.585938 0.085938 
793 0.023438 0.507812 824 0.007812 0.507812 854 0.023438 0.523438 733 0.039062 0.507812 855 0.023438 0.492188 
794 0.054688 0.539062 856 0.039062 0.539062 857 0.054688 0.554688 735 0.070312 0.539062 734 0.054688 0.523438 
795 0.085938 0.570312 858 0.070312 0.570312 860 0.085938 0.585938 738 0.101562 0.570312 736 0.085938 0.554688 
796 0.085938 0.445312 859 0.070312 0.445312 737 0.085938 0.460938 739 0.101562 0.445312 861 0.085938 0.429688 
797 0.101562 0.429688 861 0.085938 0.429688 739 0.101562 0.445312 741 0.117188 0.429688 863 0.101562 0.414062 
798 0.117188 0.601562 862 0.101562 0.601562 864 0.117188 0.617188 742 0.132812 0.601562 740 0.117188 0.585938 
799 0.132812 0.617188 864 0.117188 0.617188 866 0.132812 0.632812 744 0.148438 0.617188 742 0.132812 0.601562 
807 0.257812 0.273438 873 0.242188 0.273438 750 0.257812 0.289062 751 0.273438 0.273438 874 0.257812 0.257812 
817 0.398438 0.132812 881 0.382812 0.132812 761 0.398438 0.148438 763 0.414062 0.132812 883 0.398438 0.117188 
819 0.414062 0.117188 883 0.398438 0.117188 763 0.414062 0.132812 764 0.429688 0.117188 885 0.414062 0.101562 
823 0.492188 0.039062 887 0.476562 0.039062 766 0.492188 0.054688 767 0.507812 0.039062 889 0.492188 0.023438 
846 0.632812 0.132812 786 0.617188 0.132812 784 0.632812 0.148438 898 0.648438 0.132812 900 0.632812 0.117188 
847 0.617188 0.898438 787 0.601562 0.898438 901 0.617188 0.914062 899 0.632812 0.898438 785 0.617188 0.882812 
848 0.601562 0.914062 788 0.585938 0.914062 902 0.601562 0.929688 901 0.617188 0.914062 787 0.601562 0.898438 
850 0.585938 0.929688 790 0.570312 0.929688 903 0.585938 0.945312 902 0.601562 0.929688 788 0.585938 0.914062 
866 0.132812 0.632812 909 0.117188 0.632812 911 0.132812 0.648438 800 0.148438 0.632812 799 0.132812 0.617188 
869 0.179688 0.335938 912 0.164062 0.335938 803 0.179688 0.351562 804 0.195312 0.335938 914 0.179688 0.320312 
871 0.210938 0.304688 915 0.195312 0.304688 805 0.210938 0.320312 806 0.226562 0.304688 916 0.210938 0.289062 
875 0.273438 0.773438 918 0.257812 0.773438 919 0.273438 0.789062 809 0.289062 0.773438 808 0.273438 0.757812 
876 0.289062 0.226562 920 0.273438 0.226562 810 0.289062 0.242188 811 0.304688 0.226562 921 0.289062 0.210938 
877 0.304688 0.210938 921 0.289062 0.210938 811 0.304688 0.226562 812 0.320312 0.210938 922 0.304688 0.195312 
878 0.351562 0.851562 924 0.335938 0.851562 926 0.351562 0.867188 815 0.367188 0.851562 814 0.351562 0.835938 
884 0.414062 0.914062 930 0.398438 0.914062 932 0.414062 0.929688 820 0.429688 0.914062 818 0.414062 0.898438 
886 0.476562 0.976562 934 0.460938 0.976562 935 0.476562 0.992188 822 0.492188 0.976562 821 0.476562 0.960938 
890 0.929688 0.414062 830 0.914062 0.414062 829 0.929688 0.429688 938 0.945312 0.414062 939 0.929688 0.398438 
891 0.882812 0.367188 833 0.867188 0.367188 832 0.882812 0.382812 940 0.898438 0.367188 941 0.882812 0.351562 
892 0.851562 0.679688 835 0.835938 0.679688 944 0.851562 0.695312 942 0.867188 0.679688 834 0.851562 0.664062 
897 0.648438 0.882812 845 0.632812 0.882812 956 0.648438 0.898438 954 0.664062 0.882812 843 0.648438 0.867188 
904 0.539062 0.023438 853 0.523438 0.023438 852 0.539062 0.039062 959 0.554688 0.023438 960 0.539062 0.007812 
905 0.054688 0.570312 962 0.039062 0.570312 964 0.054688 0.585938 858 0.070312 0.570312 857 0.054688 0.554688 
906 0.085938 0.601562 965 0.070312 0.601562 967 0.085938 0.617188 862 0.101562 0.601562 860 0.085938 0.585938 
907 0.085938 0.414062 966 0.070312 0.414062 861 0.085938 0.429688 863 0.101562 0.414062 968 0.085938 0.398438 
908 0.101562 0.617188 967 0.085938 0.617188 969 0.101562 0.632812 864 0.117188 0.617188 862 0.101562 0.601562 
910 0.117188 0.382812 970 0.101562 0.382812 865 0.117188 0.398438 867 0.132812 0.382812 971 0.117188 0.367188 
913 0.179688 0.695312 972 0.164062 0.695312 974 0.179688 0.710938 870 0.195312 0.695312 868 0.179688 0.679688 
917 0.226562 0.273438 976 0.210938 0.273438 872 0.226562 0.289062 873 0.242188 0.273438 977 0.226562 0.257812 
927 0.367188 0.132812 986 0.351562 0.132812 879 0.367188 0.148438 881 0.382812 0.132812 988 0.367188 0.117188 
928 0.382812 0.898438 987 0.367188 0.898438 989 0.382812 0.914062 882 0.398438 0.898438 880 0.382812 0.882812 
935 0.476562 0.992188 992 0.460938 0.992188 994 0.476562 0.007812 888 0.492188 0.992188 886 0.476562 0.976562 
936 0.476562 0.023438 993 0.460938 0.023438 887 0.476562 0.039062 889 0.492188 0.023438 994 0.476562 0.007812 
944 0.851562 0.695312 893 0.835938 0.695312 1004 0.851562 0.710938 1002 0.867188 0.695312 892 0.851562 0.679688 
946 0.835938 0.304688 895 0.820312 0.304688 894 0.835938 0.320312 1005 0.851562 0.304688 1006 0.835938 0.289062 
948 0.820312 0.289062 896 0.804688 0.289062 895 0.820312 0.304688 1006 0.835938 0.289062 1008 0.820312 0.273438 
973 0.164062 0.320312 1024 0.148438 0.320312 912 0.164062 0.335938 914 0.179688 0.320312 1025 0.164062 0.304688 
975 0.179688 0.304688 1025 0.164062 0.304688 914 0.179688 0.320312 915 0.195312 0.304688 1026 0.179688 0.289062 
984 0.320312 0.164062 1033 0.304688 0.164062 923 0.320312 0.179688 925 0.335938 0.164062 1035 0.320312 0.148438 
988 0.367188 0.117188 1036 0.351562 0.117188 927 0.367188 0.132812 929 0.382812 0.117188 1037 0.367188 0.101562 
990 0.382812 0.101562 1037 0.367188 0.101562 929 0.382812 0.117188 931 0.398438 0.101562 1038 0.382812 0.085938 
991 0.414062 0.945312 1039 0.398438 0.945312 1040 0.414062 0.960938 933 0.429688 0.945312 932 0.414062 0.929688 
994 0.476562 0.007812 1043 0.460938 0.007812 936 0.476562 0.023438 937 0.492188 0.007812 935 0.476562 0.992188 
1002 0.867188 0.695312 944 0.851562 0.695312 1054 0.867188 0.710938 1052 0.882812 0.695312 942 0.867188 0.679688 
1003 0.867188 0.320312 945 0.851562 0.320312 943 0.867188 0.335938 1053 0.882812 0.320312 1055 0.867188 0.304688 
1007 0.820312 0.742188 949 0.804688 0.742188 1057 0.820312 0.757812 1056 0.835938 0.742188 947 0.820312 0.726562 
1011 0.757812 0.210938 951 0.742188 0.210938 950 0.757812 0.226562 1059 0.773438 0.210938 1060 0.757812 0.195312 
1012 0.726562 0.835938 953 0.710938 0.835938 1062 0.726562 0.851562 1061 0.742188 0.835938 952 0.726562 0.820312 
1017 0.664062 0.117188 957 0.648438 0.117188 955 0.664062 0.132812 1066 0.679688 0.117188 1068 0.664062 0.101562 
1018 0.648438 0.914062 958 0.632812 0.914062 1069 0.648438 0.929688 1067 0.664062 0.914062 956 0.648438 0.898438 
1023 0.023438 0.445312 1045 0.007812 0.445312 961 0.023438 0.460938 963 0.039062 0.445312 1073 0.023438 0.429688 
1025 0.164062 0.304688 1074 0.148438 0.304688 973 0.164062 0.320312 975 0.179688 0.304688 1075 0.164062 0.289062 
1027 0.210938 0.257812 1076 0.195312 0.257812 976 0.210938 0.273438 977 0.226562 0.257812 1077 0.210938 0.242188 
1030 0.273438 0.195312 1079 0.257812 0.195312 978 0.273438 0.210938 980 0.289062 0.195312 1081 0.273438 0.179688 
1031 0.289062 0.835938 1080 0.273438 0.835938 1082 0.289062 0.851562 981 0.304688 0.835938 979 0.289062 0.820312 
1032 0.289062 0.179688 1081 0.273438 0.179688 980 0.289062 0.195312 982 0.304688 0.179688 1083 0.289062 0.164062 
1034 0.320312 0.867188 1084 0.304688 0.867188 1086 0.320312 0.882812 985 0.335938 0.867188 983 0.320312 0.851562 
1046 0.992188 0.585938 996 0.976562 0.585938 1094 0.992188 0.601562 1092 0.007812 0.585938 995 0.992188 0.570312 
1048 0.945312 0.632812 998 0.929688 0.632812 1096 0.945312 0.648438 1095 0.960938 0.632812 997 0.945312 0.617188 
1049 0.929688 0.367188 1000 0.914062 0.367188 999 0.929688 0.382812 1097 0.945312 0.367188 1098 0.929688 0.351562 
1050 0.914062 0.351562 1001 0.898438 0.351562 1000 0.914062 0.367188 1098 0.929688 0.351562 1099 0.914062 0.335938 
1058 0.804688 0.242188 1010 0.789062 0.242188 1009 0.804688 0.257812 1105 0.820312 0.242188 1106 0.804688 0.226562 
1063 0.726562 0.164062 1014 0.710938 0.164062 1013 0.726562 0.179688 1109 0.742188 0.164062 1110 0.726562 0.148438 
1064 0.695312 0.882812 1016 0.679688 0.882812 1112 0.695312 0.898438 1111 0.710938 0.882812 1015 0.695312 0.867188 
1070 0.648438 0.085938 1021 0.632812 0.085938 1019 0.648438 0.101562 1115 0.664062 0.085938 1117 0.648438 0.070312 
1071 0.632812 0.945312 1022 0.617188 0.945312 1118 0.632812 0.960938 1116 0.648438 0.945312 1020 0.632812 0.929688 
1078 0.242188 0.210938 1123 0.226562 0.210938 1028 0.242188 0.226562 1029 0.257812 0.210938 1124 0.242188 0.195312 
1088 0.351562 0.101562 1131 0.335938 0.101562 1036 0.351562 0.117188 1037 0.367188 0.101562 1132 0.351562 0.085938 
1091 0.429688 0.992188 1135 0.414062 0.992188 1136 0.429688 0.007812 1042 0.445312 0.992188 1041 0.429688 0.976562 
1092 0.007812 0.585938 1046 0.992188 0.585938 1137 0.007812 0.601562 1072 0.023438 0.585938 1044 0.007812 0.570312 
1093 0.007812 0.429688 1047 0.992188 0.429688 1045 0.007812 0.445312 1073 0.023438 0.429688 1138 0.007812 0.414062 
1100 0.898438 0.320312 1053 0.882812 0.320312 1051 0.898438 0.335938 1144 0.914062 0.320312 1146 0.898438 0.304688 
1113 0.679688 0.914062 1067 0.664062 0.914062 1154 0.679688 0.929688 1153 0.695312 0.914062 1065 0.679688 0.898438 
1124 0.242188 0.195312 1163 0.226562 0.195312 1078 0.242188 0.210938 1079 0.257812 0.195312 1164 0.242188 0.179688 
1127 0.289062 0.148438 1166 0.273438 0.148438 1083 0.289062 0.164062 1085 0.304688 0.148438 1167 0.289062 0.132812 
1128 0.304688 0.132812 1167 0.289062 0.132812 1085 0.304688 0.148438 1087 0.320312 0.132812 1168 0.304688 0.117188 
1134 0.398438 0.039062 1172 0.382812 0.039062 1089 0.398438 0.054688 1090 0.414062 0.039062 1173 0.398438 0.023438 
1137 0.007812 0.601562 1094 0.992188 0.601562 1174 0.007812 0.617188 1122 0.023438 0.601562 1092 0.007812 0.585938 
1140 0.960938 0.648438 1096 0.945312 0.648438 1177 0.960938 0.664062 1175 0.976562 0.648438 1095 0.960938 0.632812 
1142 0.929688 0.335938 1099 0.914062 0.335938 1098 0.929688 0.351562 1178 0.945312 0.335938 1179 0.929688 0.320312 
1147 0.867188 0.742188 1102 0.851562 0.742188 1183 0.867188 0.757812 1182 0.882812 0.742188 1101 0.867188 0.726562 
1148 0.835938 0.773438 1104 0.820312 0.773438 1185 0.835938 0.789062 1184 0.851562 0.773438 1103 0.835938 0.757812 
1152 0.757812 0.851562 1108 0.742188 0.851562 1190 0.757812 0.867188 1188 0.773438 0.851562 1107 0.757812 0.835938 
1154 0.679688 0.929688 1114 0.664062 0.929688 1194 0.679688 0.945312 1193 0.695312 0.929688 1113 0.679688 0.914062 
1155 0.648438 0.054688 1119 0.632812 0.054688 1117 0.648438 0.070312 1195 0.664062 0.054688 1196 0.648438 0.039062 
1156 0.617188 0.023438 1121 0.601562 0.023438 1120 0.617188 0.039062 1197 0.632812 0.023438 1198 0.617188 0.007812 
1165 0.273438 0.867188 1206 0.257812 0.867188 1208 0.273438 0.882812 1126 0.289062 0.867188 1125 0.273438 0.851562 
1169 0.320312 0.914062 1211 0.304688 0.914062 1213 0.320312 0.929688 1130 0.335938 0.914062 1129 0.320312 0.898438 
1171 0.351562 0.070312 1214 0.335938 0.070312 1132 0.351562 0.085938 1133 0.367188 0.070312 1215 0.351562 0.054688 
1176 0.976562 0.367188 1141 0.960938 0.367188 1139 0.976562 0.382812 1219 0.992188 0.367188 1221 0.976562 0.351562 
1179 0.929688 0.320312 1144 0.914062 0.320312 1142 0.929688 0.335938 1223 0.945312 0.320312 1225 0.929688 0.304688 
1180 0.914062 0.710938 1145 0.898438 0.710938 1226 0.914062 0.726562 1224 0.929688 0.710938 1143 0.914062 0.695312 
1186 0.835938 0.226562 1150 0.820312 0.226562 1149 0.835938 0.242188 1229 0.851562 0.226562 1230 0.835938 0.210938 
1187 0.820312 0.210938 1151 0.804688 0.210938 1150 0.820312 0.226562 1230 0.835938 0.210938 1231 0.820312 0.195312 
1199 0.023438 0.632812 1218 0.007812 0.632812 1238 0.023438 0.648438 1158 0.039062 0.632812 1157 0.023438 0.617188 
1200 0.054688 0.664062 1239 0.039062 0.664062 1240 0.054688 0.679688 1160 0.070312 0.664062 1159 0.054688 0.648438 
1201 0.101562 0.710938 1241 0.085938 0.710938 1242 0.101562 0.726562 1162 0.117188 0.710938 1161 0.101562 0.695312 
1210 0.289062 0.117188 1250 0.273438 0.117188 1167 0.289062 0.132812 1168 0.304688 0.117188 1251 0.289062 0.101562 
1212 0.304688 0.101562 1251 0.289062 0.101562 1168 0.304688 0.117188 1170 0.320312 0.101562 1252 0.304688 0.085938 
1227 0.898438 0.742188 1182 0.882812 0.742188 1260 0.898438 0.757812 1259 0.914062 0.742188 1181 0.898438 0.726562 
1228 0.867188 0.773438 1184 0.851562 0.773438 1262 0.867188 0.789062 1261 0.882812 0.773438 1183 0.867188 0.757812 
1232 0.773438 0.148438 1191 0.757812 0.148438 1189 0.773438 0.164062 1265 0.789062 0.148438 1267 0.773438 0.132812 
1233 0.757812 0.882812 1192 0.742188 0.882812 1268 0.757812 0.898438 1266 0.773438 0.882812 1190 0.757812 0.867188 
1237 0.695312 0.945312 1194 0.679688 0.945312 1271 0.695312 0.960938 1270 0.710938 0.945312 1193 0.695312 0.929688 
1247 0.195312 0.820312 1280 0.179688 0.820312 1282 0.195312 0.835938 1204 0.210938 0.820312 1202 0.195312 0.804688 
1248 0.195312 0.195312 1281 0.179688 0.195312 1203 0.195312 0.210938 1205 0.210938 0.195312 1283 0.195312 0.179688 
1249 0.257812 0.132812 1286 0.242188 0.132812 1207 0.257812 0.148438 1209 0.273438 0.132812 1287 0.257812 0.117188 
1253 0.335938 0.054688 1289 0.320312 0.054688 1214 0.335938 0.070312 1215 0.351562 0.054688 1290 0.335938 0.039062 
1256 0.367188 0.023438 1292 0.351562 0.023438 1216 0.367188 0.039062 1217 0.382812 0.023438 1293 0.367188 0.007812 
1257 0.976562 0.679688 1222 0.960938 0.679688 1295 0.976562 0.695312 1294 0.992188 0.679688 1220 0.976562 0.664062 
1267 0.773438 0.132812 1234 0.757812 0.132812 1232 0.773438 0.148438 1307 0.789062 0.132812 1308 0.773438 0.117188 
1269 0.726562 0.929688 1236 0.710938 0.929688 1311 0.726562 0.945312 1310 0.742188 0.929688 1235 0.726562 0.914062 
1277 0.148438 0.226562 1320 0.132812 0.226562 1243 0.148438 0.242188 1245 0.164062 0.226562 1322 0.148438 0.210938 
1278 0.164062 0.804688 1321 0.148438 0.804688 1323 0.164062 0.820312 1246 0.179688 0.804688 1244 0.164062 0.789062 
1288 0.289062 0.085938 1329 0.273438 0.085938 1251 0.289062 0.101562 1252 0.304688 0.085938 1331 0.289062 0.070312 
1291 0.351562 0.992188 1333 0.335938 0.992188 1334 0.351562 0.007812 1255 0.367188 0.992188 1254 0.351562 0.976562 
1297 0.929688 0.742188 1259 0.914062 0.742188 1338 0.929688 0.757812 1337 0.945312 0.742188 1258 0.929688 0.726562 
1306 0.835938 0.835938 1264 0.820312 0.835938 1346 0.835938 0.851562 1345 0.851562 0.835938 1263 0.835938 0.820312 
1314 0.023438 0.679688 1335 0.007812 0.679688 1350 0.023438 0.695312 1273 0.039062 0.679688 1272 0.023438 0.664062 
1315 0.039062 0.320312 1351 0.023438 0.320312 1274 0.039062 0.335938 1275 0.054688 0.320312 1353 0.039062 0.304688 
1321 0.148438 0.804688 1356 0.132812 0.804688 1358 0.148438 0.820312 1278 0.164062 0.804688 1276 0.148438 0.789062 
1324 0.164062 0.195312 1359 0.148438 0.195312 1279 0.164062 0.210938 1281 0.179688 0.195312 1360 0.164062 0.179688 
1326 0.210938 0.148438 1361 0.195312 0.148438 1284 0.210938 0.164062 1285 0.226562 0.148438 1363 0.210938 0.132812 
1332 0.320312 0.039062 1367 0.304688 0.039062 1289 0.320312 0.054688 1290 0.335938 0.039062 1368 0.320312 0.023438 
1336 0.976562 0.710938 1296 0.960938 0.710938 1370 0.976562 0.726562 1369 0.992188 0.710938 1295 0.976562 0.695312 
1338 0.929688 0.757812 1298 0.914062 0.757812 1372 0.929688 0.773438 1371 0.945312 0.757812 1297 0.929688 0.742188 
1341 0.898438 0.789062 1301 0.882812 0.789062 1376 0.898438 0.804688 1374 0.914062 0.789062 1299 0.898438 0.773438 
1342 0.898438 0.226562 1302 0.882812 0.226562 1300 0.898438 0.242188 1375 0.914062 0.226562 1377 0.898438 0.210938 
1343 0.882812 0.210938 1304 0.867188 0.210938 1302 0.882812 0.226562 1377 0.898438 0.210938 1379 0.882812 0.195312 
1344 0.867188 0.820312 1305 0.851562 0.820312 1380 0.867188 0.835938 1378 0.882812 0.820312 1303 0.867188 0.804688 
1347 0.773438 0.101562 1309 0.757812 0.101562 1308 0.773438 0.117188 1382 0.789062 0.101562 1383 0.773438 0.085938 
1349 0.710938 0.976562 1313 0.695312 0.976562 1385 0.710938 0.992188 1384 0.726562 0.976562 1312 0.710938 0.960938 
1354 0.070312 0.742188 1388 0.054688 0.742188 1390 0.070312 0.757812 1318 0.085938 0.742188 1316 0.070312 0.726562 
1355 0.070312 0.273438 1389 0.054688 0.273438 1317 0.070312 0.289062 1319 0.085938 0.273438 1391 0.070312 0.257812 
1357 0.132812 0.210938 1394 0.117188 0.210938 1320 0.132812 0.226562 1322 0.148438 0.210938 1395 0.132812 0.195312 
1362 0.210938 0.882812 1399 0.195312 0.882812 1401 0.210938 0.898438 1327 0.226562 0.882812 1325 0.210938 0.867188 
1366 0.273438 0.945312 1403 0.257812 0.945312 1404 0.273438 0.960938 1330 0.289062 0.945312 1328 0.273438 0.929688 
1373 0.929688 0.242188 1340 0.914062 0.242188 1339 0.929688 0.257812 1408 0.945312 0.242188 1410 0.929688 0.226562 
1377 0.898438 0.210938 1343 0.882812 0.210938 1342 0.898438 0.226562 1411 0.914062 0.210938 1412 0.898438 0.195312 
1384 0.726562 0.976562 1349 0.710938 0.976562 1419 0.726562 0.992188 1418 0.742188 0.976562 1348 0.726562 0.960938 
1386 0.023438 0.710938 1405 0.007812 0.710938 1420 0.023438 0.726562 1352 0.039062 0.710938 1350 0.023438 0.695312 
1402 0.242188 0.085938 1428 0.226562 0.085938 1364 0.242188 0.101562 1365 0.257812 0.085938 1429 0.242188 0.070312 
1409 0.929688 0.789062 1374 0.914062 0.789062 1435 0.929688 0.804688 1433 0.945312 0.789062 1372 0.929688 0.773438 
1410 0.929688 0.226562 1375 0.914062 0.226562 1373 0.929688 0.242188 1434 0.945312 0.226562 1436 0.929688 0.210938 
1415 0.804688 0.101562 1382 0.789062 0.101562 1381 0.804688 0.117188 1438 0.820312 0.101562 1439 0.804688 0.085938 
1422 0.039062 0.273438 1445 0.023438 0.273438 1387 0.039062 0.289062 1389 0.054688 0.273438 1447 0.039062 0.257812 
1423 0.054688 0.757812 1446 0.039062 0.757812 1448 0.054688 0.773438 1390 0.070312 0.757812 1388 0.054688 0.742188 
1424 0.054688 0.257812 1447 0.039062 0.257812 1389 0.054688 0.273438 1391 0.070312 0.257812 1449 0.054688 0.242188 
1425 0.085938 0.226562 1450 0.070312 0.226562 1392 0.085938 0.242188 1393 0.101562 0.226562 1451 0.085938 0.210938 
1426 0.148438 0.164062 1452 0.132812 0.164062 1396 0.148438 0.179688 1397 0.164062 0.164062 1453 0.148438 0.148438 
1427 0.179688 0.132812 1454 0.164062 0.132812 1398 0.179688 0.148438 1400 0.195312 0.132812 1455 0.179688 0.117188 
1432 0.976562 0.257812 1407 0.960938 0.257812 1406 0.976562 0.273438 1463 0.992188 0.257812 1465 0.976562 0.242188 
1437 0.851562 0.132812 1414 0.835938 0.132812 1413 0.851562 0.148438 1472 0.867188 0.132812 1473 0.851562 0.117188 
1440 0.789062 0.945312 1417 0.773438 0.945312 1477 0.789062 0.960938 1476 0.804688 0.945312 1416 0.789062 0.929688 
1444 0.023438 0.742188 1461 0.007812 0.742188 1479 0.023438 0.757812 1421 0.039062 0.742188 1420 0.023438 0.726562 
1456 0.226562 0.070312 1488 0.210938 0.070312 1428 0.226562 0.085938 1429 0.242188 0.070312 1489 0.226562 0.054688 
1459 0.273438 0.992188 1490 0.257812 0.992188 1492 0.273438 0.007812 1431 0.289062 0.992188 1430 0.273438 0.976562 
1478 0.742188 0.007812 1443 0.726562 0.007812 1442 0.742188 0.023438 1504 0.757812 0.007812 1441 0.742188 0.992188 
1489 0.226562 0.054688 1513 0.210938 0.054688 1456 0.226562 0.070312 1457 0.242188 0.054688 1514 0.226562 0.039062 
1491 0.257812 0.023438 1515 0.242188 0.023438 1458 0.257812 0.039062 1460 0.273438 0.023438 1516 0.257812 0.007812 
1493 0.992188 0.773438 1464 0.976562 0.773438 1518 0.992188 0.789062 1517 0.007812 0.773438 1462 0.992188 0.757812 
1494 0.976562 0.789062 1466 0.960938 0.789062 1519 0.976562 0.804688 1518 0.992188 0.789062 1464 0.976562 0.773438 
1495 0.960938 0.804688 1467 0.945312 0.804688 1520 0.960938 0.820312 1519 0.976562 0.804688 1466 0.960938 0.789062 
1498 0.914062 0.164062 1470 0.898438 0.164062 1468 0.914062 0.179688 1522 0.929688 0.164062 1524 0.914062 0.148438 
1499 0.898438 0.867188 1471 0.882812 0.867188 1525 0.898438 0.882812 1523 0.914062 0.867188 1469 0.898438 0.851562 
1502 0.835938 0.085938 1475 0.820312 0.085938 1474 0.835938 0.101562 1526 0.851562 0.085938 1528 0.835938 0.070312 
1505 0.054688 0.804688 1531 0.039062 0.804688 1532 0.054688 0.820312 1481 0.070312 0.804688 1480 0.054688 0.789062 
1508 0.132812 0.132812 1534 0.117188 0.132812 1482 0.132812 0.148438 1483 0.148438 0.132812 1535 0.132812 0.117188 
1509 0.164062 0.101562 1536 0.148438 0.101562 1484 0.164062 0.117188 1485 0.179688 0.101562 1537 0.164062 0.085938 
1511 0.195312 0.945312 1538 0.179688 0.945312 1540 0.195312 0.960938 1487 0.210938 0.945312 1486 0.195312 0.929688 
1513 0.210938 0.054688 1541 0.195312 0.054688 1488 0.210938 0.070312 1489 0.226562 0.054688 1542 0.210938 0.039062 
1521 0.960938 0.195312 1497 0.945312 0.195312 1496 0.960938 0.210938 1544 0.976562 0.195312 1545 0.960938 0.179688 
1524 0.914062 0.148438 1500 0.898438 0.148438 1498 0.914062 0.164062 1546 0.929688 0.148438 1547 0.914062 0.132812 
1527 0.835938 0.945312 1503 0.820312 0.945312 1551 0.835938 0.960938 1550 0.851562 0.945312 1501 0.835938 0.929688 
1533 0.101562 0.148438 1553 0.085938 0.148438 1506 0.101562 0.164062 1507 0.117188 0.148438 1555 0.101562 0.132812 
1539 0.179688 0.070312 1561 0.164062 0.070312 1510 0.179688 0.085938 1512 0.195312 0.070312 1562 0.179688 0.054688 
1543 0.226562 0.023438 1563 0.210938 0.023438 1514 0.226562 0.039062 1515 0.242188 0.023438 1564 0.226562 0.007812 
1552 0.820312 0.976562 1530 0.804688 0.976562 1567 0.820312 0.992188 1566 0.835938 0.976562 1529 0.820312 0.960938 
1562 0.179688 0.054688 1575 0.164062 0.054688 1539 0.179688 0.070312 1541 0.195312 0.054688 1576 0.179688 0.039062 
1565 0.882812 0.929688 1549 0.867188 0.929688 1580 0.882812 0.945312 1579 0.898438 0.929688 1548 0.882812 0.914062 
1566 0.835938 0.976562 1552 0.820312 0.976562 1584 0.835938 0.992188 1583 0.851562 0.976562 1551 0.835938 0.960938 
1572 0.101562 0.898438 1588 0.085938 0.898438 1590 0.101562 0.914062 1556 0.117188 0.898438 1554 0.101562 0.882812 
1573 0.117188 0.101562 1591 0.101562 0.101562 1557 0.117188 0.117188 1558 0.132812 0.101562 1593 0.117188 0.085938 
1574 0.148438 0.945312 1594 0.132812 0.945312 1596 0.148438 0.960938 1560 0.164062 0.945312 1559 0.148438 0.929688 
1585 0.039062 0.851562 1601 0.023438 0.851562 1602 0.039062 0.867188 1569 0.054688 0.851562 1568 0.039062 0.835938 
1586 0.070312 0.882812 1603 0.054688 0.882812 1604 0.070312 0.898438 1571 0.085938 0.882812 1570 0.070312 0.867188 
1597 0.992188 0.164062 1578 0.976562 0.164062 1577 0.992188 0.179688 1610 0.007812 0.164062 1611 0.992188 0.148438 
1600 0.882812 0.054688 1582 0.867188 0.054688 1581 0.882812 0.070312 1616 0.898438 0.054688 1617 0.882812 0.039062 
1605 0.070312 0.117188 1618 0.054688 0.117188 1587 0.070312 0.132812 1589 0.085938 0.117188 1619 0.070312 0.101562 
1606 0.101562 0.929688 1620 0.085938 0.929688 1621 0.101562 0.945312 1592 0.117188 0.929688 1590 0.101562 0.914062 
1607 0.117188 0.070312 1622 0.101562 0.070312 1593 0.117188 0.085938 1595 0.132812 0.070312 1624 0.117188 0.054688 
1615 0.914062 0.070312 1599 0.898438 0.070312 1598 0.914062 0.085938 1632 0.929688 0.070312 1634 0.914062 0.054688 
1625 0.132812 0.976562 1639 0.117188 0.976562 1641 0.132812 0.992188 1609 0.148438 0.976562 1608 0.132812 0.960938 
1629 0.960938 0.914062 1613 0.945312 0.914062 1648 0.960938 0.929688 1647 0.976562 0.914062 1612 0.960938 0.898438 
1630 0.945312 0.929688 1614 0.929688 0.929688 1650 0.945312 0.945312 1648 0.960938 0.929688 1613 0.945312 0.914062 
1639 0.117188 0.976562 1662 0.101562 0.976562 1663 0.117188 0.992188 1625 0.132812 0.976562 1623 0.117188 0.960938 
1643 0.148438 0.007812 1665 0.132812 0.007812 1627 0.148438 0.023438 1628 0.164062 0.007812 1626 0.148438 0.992188 
1652 0.929688 0.960938 1633 0.914062 0.960938 1670 0.929688 0.976562 1669 0.945312 0.960938 1631 0.929688 0.945312 
1658 0.039062 0.101562 1672 0.023438 0.101562 1635 0.039062 0.117188 1636 0.054688 0.101562 1674 0.039062 0.085938 
1661 0.070312 0.070312 1675 0.054688 0.070312 1637 0.070312 0.085938 1638 0.085938 0.070312 1676 0.070312 0.054688 
1664 0.117188 0.023438 1678 0.101562 0.023438 1640 0.117188 0.039062 1642 0.132812 0.023438 1679 0.117188 0.007812 
1665 0.132812 0.007812 1679 0.117188 0.007812 1642 0.132812 0.023438 1643 0.148438 0.007812 1641 0.132812 0.992188 
1666 0.007812 0.117188 1646 0.992188 0.117188 1644 0.007812 0.132812 1656 0.023438 0.117188 1681 0.007812 0.101562 
1667 0.992188 0.914062 1647 0.976562 0.914062 1682 0.992188 0.929688 1680 0.007812 0.914062 1645 0.992188 0.898438 
1668 0.960938 0.070312 1651 0.945312 0.070312 1649 0.960938 0.085938 1684 0.976562 0.070312 1686 0.960938 0.054688 
1671 0.898438 0.007812 1655 0.882812 0.007812 1654 0.898438 0.023438 1687 0.914062 0.007812 1653 0.898438 0.992188 
1673 0.039062 0.929688 1688 0.023438 0.929688 1690 0.039062 0.945312 1659 0.054688 0.929688 1657 0.039062 0.914062 
1674 0.039062 0.085938 1689 0.023438 0.085938 1658 0.039062 0.101562 1660 0.054688 0.085938 1691 0.039062 0.070312 
1692 0.085938 0.023438 1697 0.070312 0.023438 1677 0.085938 0.039062 1678 0.101562 0.023438 1698 0.085938 0.007812 
1693 0.992188 0.945312 1683 0.976562 0.945312 1700 0.992188 0.960938 1699 0.007812 0.945312 1682 0.992188 0.929688 
1695 0.976562 0.960938 1685 0.960938 0.960938 1702 0.976562 0.976562 1700 0.992188 0.960938 1683 0.976562 0.945312 
1701 0.992188 0.054688 1696 0.976562 0.054688 1694 0.992188 0.070312 1703 0.007812 0.054688 1704 0.992188 0.039062 
1708 0.007812 0.023438 1706 0.992188 0.023438 1705 0.007812 0.039062 1707 0.023438 0.023438 1709 0.007812 0.007812 
