0 0
1 1
2 2
3 3
4 4
5 7
6 10
7 12
8 13
9 15
10 21
11 23
12 24
13 27
14 29
15 36
16 37
17 38
18 40
19 41
20 43
21 45
22 49
23 50
24 51
25 55
26 56
27 57
28 58
29 60
30 61
31 65
32 67
33 71
34 72
35 73
36 78
37 80
38 85
39 86
40 87
41 92
42 94
43 95
44 96
45 97
46 98
47 99
48 101
49 107
50 109
51 111
52 113
53 115
54 122
55 126
56 128
57 129
58 130
59 139
60 141
61 142
62 143
63 144
64 145
65 147
66 149
67 151
68 152
69 154
70 156
71 158
72 160
73 164
74 166
75 173
76 175
77 176
78 177
79 178
80 181
81 183
82 185
83 187
84 188
85 190
86 197
87 198
88 199
89 204
90 211
91 213
92 215
93 216
94 217
95 218
96 219
97 220
98 221
99 222
100 223
101 224
102 225
103 226
104 227
105 229
106 230
107 231
108 232
109 239
110 240
111 241
112 246
113 248
114 250
115 252
116 255
117 258
118 260
119 262
120 264
121 266
122 268
123 269
124 270
125 271
126 274
127 275
128 276
129 283
130 284
131 285
132 286
133 287
134 298
135 299
136 300
137 301
138 302
139 303
140 307
141 308
142 309
143 310
144 314
145 316
146 318
147 320
148 323
149 324
150 325
151 326
152 348
153 350
154 351
155 352
156 353
157 359
158 360
159 362
160 363
161 368
162 369
163 370
164 371
165 372
166 374
167 378
168 388
169 390
170 404
171 405
172 406
173 407
174 408
175 413
176 415
177 416
178 418
179 419
180 420
181 421
182 422
183 423
184 424
185 426
186 427
187 430
188 434
189 436
190 441
191 443
192 445
193 446
194 448
195 450
196 451
197 465
198 466
199 467
200 468
201 473
202 476
203 477
204 479
205 480
206 482
207 483
208 486
209 487
210 489
211 490
212 492
213 493
214 494
215 495
216 499
217 501
218 502
219 503
220 504
221 505
222 506
223 508
224 510
225 511
226 513
227 517
228 519
229 522
230 524
231 530
232 532
233 534
234 535
235 537
236 538
237 540
238 541
239 542
240 543
241 544
242 546
243 547
244 548
245 549
246 550
247 551
248 552
249 554
250 558
251 559
252 565
253 567
254 568
255 569
256 571
257 575
258 577
259 579
260 581
261 582
262 584
263 585
264 586
265 588
266 590
267 596
268 598
269 600
270 604
271 606
272 616
273 618
274 619
275 622
276 623
277 625
278 626
279 627
280 628
281 629
282 633
283 635
284 636
285 638
286 645
287 648
288 651
289 652
290 653
291 654
292 655
293 656
294 657
295 658
296 660
297 662
298 664
299 670
300 672
301 676
302 677
303 679
304 690
305 691
306 693
307 694
308 696
309 697
310 698
311 700
312 701
313 702
314 704
315 706
316 708
317 711
318 713
319 714
320 716
321 717
322 719
323 722
324 727
325 728
326 730
327 732
328 734
329 736
330 737
331 738
332 739
333 744
334 746
335 747
336 749
337 750
338 751
339 752
340 753
341 756
342 757
343 758
344 759
345 766
346 768
347 773
348 775
349 776
350 777
351 778
352 779
353 780
354 782
355 784
356 785
357 786
358 787
359 788
360 789
361 790
362 792
363 795
364 797
365 799
366 800
367 801
368 802
369 805
370 806
371 807
372 808
373 812
374 814
375 816
376 817
377 818
378 824
379 827
380 829
381 831
382 833
383 836
384 837
385 840
386 847
387 849
388 856
389 858
390 859
391 860
392 861
393 862
394 864
395 866
396 867
397 868
398 869
399 871
400 872
401 874
402 875
403 877
404 879
405 882
406 883
407 889
408 891
409 898
410 899
411 900
412 901
413 906
414 908
415 909
416 911
417 913
418 915
419 918
420 919
421 920
422 921
423 923
424 924
425 933
426 938
427 940
428 942
429 945
430 946
431 947
432 948
433 951
434 952
435 953
436 954
437 956
438 958
439 963
440 965
441 967
442 968
443 969
444 971
445 977
446 978
447 980
448 991
449 993
450 994
451 996
452 997
453 999
454 1001
455 1005
456 1007
457 1009
458 1010
459 1012
460 1021
461 1023
462 1028
463 1030
464 1032
465 1033
466 1035
467 1041
468 1043
469 1045
470 1046
471 1049
472 1051
473 1053
474 1055
475 1057
476 1058
477 1059
478 1060
479 1067
480 1069
481 1070
482 1072
483 1074
484 1083
485 1084
486 1086
487 1089
488 1091
489 1093
490 1097
491 1099
492 1101
493 1116
494 1118
495 1120
496 1122
497 1124
498 1126
499 1127
500 1129
501 1135
502 1137
503 1138
504 1140
505 1143
506 1144
507 1145
508 1146
509 1149
510 1151
511 1153
512 1154
513 1155
514 1156
515 1158
516 1160
517 1162
518 1163
519 1164
520 1165
521 1166
522 1168
523 1177
524 1179
525 1180
526 1182
527 1185
528 1187
529 1191
530 1193
531 1199
532 1214
533 1216
534 1222
535 1231
536 1233
537 1235
538 1236
539 1237
540 1238
541 1239
542 1240
543 1241
544 1242
545 1243
546 1245
547 1247
548 1248
549 1251
550 1252
551 1253
552 1254
553 1256
554 1260
555 1263
556 1266
557 1268
558 1285
559 1287
560 1296
561 1298
562 1299
563 1304
564 1306
565 1314
566 1316
567 1318
568 1322
569 1323
570 1324
571 1325
572 1330
573 1332
574 1337
575 1338
576 1342
577 1344
578 1350
579 1355
580 1356
581 1357
582 1358
583 1360
584 1361
585 1362
586 1363
587 1364
588 1365
589 1367
590 1381
591 1383
592 1387
593 1389
594 1391
595 1400
596 1401
597 1403
598 1406
599 1408
600 1410
601 1411
602 1413
603 1429
604 1434
605 1436
606 1438
607 1440
608 1441
609 1442
610 1443
611 1444
612 1446
613 1448
614 1454
615 1456
616 1461
617 1462
618 1463
619 1464
620 1469
621 1471
622 1473
623 1487
624 1489
625 1494
626 1495
627 1496
628 1497
629 1505
630 1506
631 1507
632 1508
633 1516
634 1518
635 1520
636 1521
637 1523
638 1537
639 1539
640 1544
641 1546
642 1548
643 1550
644 1552
645 1576
646 1578
647 1579
648 1580
649 1581
650 1583
651 1585
652 1588
653 1590
654 1592
655 1597
656 1599
657 1601
658 1604
659 1605
660 1606
661 1607
662 1608
663 1609
664 1610
665 1617
666 1628
667 1630
668 1632
669 1633
670 1635
671 1639
672 1641
673 1645
674 1647
675 1653
676 1655
677 1656
678 1658
679 1659
680 1660
681 1661
682 1662
683 1664
684 1677
685 1679
686 1688
687 1690
688 1692
689 1694
690 1697
691 1699
692 1704
693 1706
694 1713
695 1715
696 1719
697 1720
698 1721
699 1722
700 1723
701 1724
702 1727
703 1728
704 1729
705 1730
706 1731
707 1733
708 1737
709 1739
710 1741
711 1742
712 1743
713 1745
714 1748
715 1751
716 1753
717 1757
718 1763
719 1765
720 1771
721 1777
722 1779
723 1780
724 1781
725 1782
726 1783
727 1785
728 1790
729 1791
730 1792
731 1793
732 1795
733 1800
734 1801
735 1803
736 1805
737 1806
738 1807
739 1808
740 1809
741 1810
742 1811
743 1812
744 1813
745 1814
746 1817
747 1822
748 1824
749 1826
750 1828
751 1830
752 1831
753 1833
754 1838
755 1839
756 1840
757 1841
758 1842
759 1843
760 1844
761 1846
762 1847
763 1848
764 1850
765 1857
766 1858
767 1860
768 1862
769 1865
770 1868
771 1870
772 1873
773 1877
774 1879
775 1883
776 1885
777 1891
778 1893
779 1897
780 1899
781 1901
782 1902
783 1905
784 1907
785 1908
786 1909
787 1910
788 1912
789 1913
790 1914
791 1915
792 1917
793 1922
794 1925
795 1929
796 1930
797 1932
798 1933
799 1935
800 1937
801 1939
802 1941
803 1942
804 1944
805 1946
806 1948
807 1952
808 1953
809 1955
810 1956
811 1958
812 1960
813 1961
814 1963
815 1965
816 1969
817 1970
818 1971
819 1972
820 1973
821 1979
822 1981
823 1982
824 1985
825 1986
826 1988
827 1989
828 1991
829 1995
830 1997
831 1999
832 2001
833 2003
834 2004
835 2006
836 2009
837 2011
838 2025
839 2026
840 2027
841 2028
842 2029
843 2030
844 2031
845 2032
846 2033
847 2034
848 2036
849 2037
850 2038
851 2039
852 2045
853 2047
854 2048
855 2049
856 2050
857 2052
858 2054
859 2055
860 2056
861 2057
862 2058
863 2059
864 2060
865 2061
866 2062
867 2063
868 2068
869 2069
870 2070
871 2073
872 2075
873 2077
874 2079
875 2080
876 2083
877 2085
878 2090
879 2093
880 2094
881 2095
882 2096
883 2097
884 2098
885 2099
886 2106
887 2107
888 2108
889 2109
890 2122
891 2128
892 2131
893 2133
894 2134
895 2136
896 2138
897 2157
898 2158
899 2159
900 2160
901 2161
902 2163
903 2165
904 2172
905 2178
906 2182
907 2183
908 2184
909 2186
910 2187
911 2188
912 2193
913 2194
914 2195
915 2197
916 2199
917 2201
918 2204
919 2206
920 2207
921 2209
922 2211
923 2213
924 2214
925 2215
926 2216
927 2219
928 2220
929 2221
930 2222
931 2223
932 2224
933 2226
934 2230
935 2232
936 2233
937 2234
938 2244
939 2246
940 2250
941 2252
942 2253
943 2254
944 2255
945 2256
946 2258
947 2259
948 2260
949 2261
950 2268
951 2270
952 2271
953 2273
954 2279
955 2280
956 2281
957 2282
958 2283
959 2294
960 2295
961 2297
962 2298
963 2299
964 2300
965 2302
966 2303
967 2304
968 2305
969 2306
970 2307
971 2309
972 2314
973 2315
974 2316
975 2317
976 2321
977 2323
978 2329
979 2330
980 2331
981 2332
982 2333
983 2334
984 2335
985 2336
986 2339
987 2340
988 2341
989 2342
990 2343
991 2346
992 2352
993 2353
994 2354
995 2357
996 2359
997 2363
998 2365
999 2366
1000 2368
1001 2370
1002 2373
1003 2374
1004 2375
1005 2376
1006 2378
1007 2379
1008 2380
1009 2382
1010 2384
1011 2388
1012 2391
1013 2392
1014 2394
1015 2395
1016 2397
1017 2400
1018 2401
1019 2402
1020 2403
1021 2404
1022 2405
1023 2415
1024 2431
1025 2433
1026 2435
1027 2439
1028 2443
1029 2445
1030 2447
1031 2448
1032 2449
1033 2451
1034 2452
1035 2453
1036 2457
1037 2459
1038 2461
1039 2462
1040 2464
1041 2466
1042 2468
1043 2470
1044 2471
1045 2472
1046 2473
1047 2474
1048 2479
1049 2482
1050 2484
1051 2486
1052 2487
1053 2488
1054 2489
1055 2490
1056 2493
1057 2495
1058 2498
1059 2502
1060 2504
1061 2505
1062 2507
1063 2508
1064 2511
1065 2513
1066 2514
1067 2515
1068 2516
1069 2517
1070 2518
1071 2519
1072 2528
1073 2529
1074 2545
1075 2547
1076 2551
1077 2553
1078 2557
1079 2559
1080 2560
1081 2561
1082 2562
1083 2563
1084 2564
1085 2565
1086 2566
1087 2567
1088 2571
1089 2577
1090 2579
1091 2580
1092 2583
1093 2584
1094 2585
1095 2589
1096 2591
1097 2592
1098 2594
1099 2596
1100 2598
1101 2601
1102 2603
1103 2605
1104 2607
1105 2608
1106 2610
1107 2615
1108 2617
1109 2618
1110 2620
1111 2621
1112 2623
1113 2625
1114 2627
1115 2628
1116 2629
1117 2630
1118 2631
1119 2632
1120 2634
1121 2636
1122 2638
1123 2665
1124 2667
1125 2670
1126 2672
1127 2673
1128 2675
1129 2676
1130 2678
1131 2679
1132 2681
1133 2683
1134 2687
1135 2688
1136 2690
1137 2691
1138 2692
1139 2696
1140 2697
1141 2698
1142 2702
1143 2703
1144 2704
1145 2705
1146 2706
1147 2709
1148 2713
1149 2714
1150 2716
1151 2718
1152 2723
1153 2731
1154 2733
1155 2738
1156 2742
1157 2744
1158 2746
1159 2748
1160 2750
1161 2754
1162 2756
1163 2771
1164 2773
1165 2776
1166 2777
1167 2779
1168 2781
1169 2782
1170 2783
1171 2787
1172 2791
1173 2793
1174 2795
1175 2799
1176 2800
1177 2801
1178 2804
1179 2806
1180 2807
1181 2809
1182 2811
1183 2813
1184 2815
1185 2817
1186 2818
1187 2820
1188 2825
1189 2826
1190 2827
1191 2828
1192 2829
1193 2835
1194 2837
1195 2840
1196 2842
1197 2844
1198 2845
1199 2846
1200 2850
1201 2856
1202 2868
1203 2869
1204 2870
1205 2871
1206 2876
1207 2877
1208 2878
1209 2879
1210 2881
1211 2882
1212 2883
1213 2884
1214 2887
1215 2889
1216 2891
1217 2893
1218 2895
1219 2898
1220 2899
1221 2900
1222 2901
1223 2904
1224 2905
1225 2906
1226 2907
1227 2909
1228 2913
1229 2916
1230 2918
1231 2920
1232 2926
1233 2927
1234 2928
1235 2931
1236 2933
1237 2935
1238 2944
1239 2946
1240 2948
1241 2952
1242 2954
1243 2961
1244 2962
1245 2963
1246 2964
1247 2966
1248 2967
1249 2975
1250 2977
1251 2979
1252 2981
1253 2985
1254 2986
1255 2988
1256 2989
1257 2995
1258 3001
1259 3003
1260 3005
1261 3007
1262 3009
1263 3013
1264 3015
1265 3020
1266 3021
1267 3022
1268 3023
1269 3027
1270 3029
1271 3031
1272 3038
1273 3040
1274 3041
1275 3043
1276 3054
1277 3055
1278 3056
1279 3057
1280 3058
1281 3059
1282 3060
1283 3061
1284 3063
1285 3065
1286 3067
1287 3069
1288 3073
1289 3077
1290 3079
1291 3080
1292 3081
1293 3082
1294 3085
1295 3087
1296 3089
1297 3093
1298 3095
1299 3097
1300 3098
1301 3099
1302 3100
1303 3101
1304 3102
1305 3103
1306 3105
1307 3112
1308 3114
1309 3116
1310 3117
1311 3119
1312 3121
1313 3123
1314 3128
1315 3131
1316 3134
1317 3135
1318 3136
1319 3137
1320 3143
1321 3144
1322 3145
1323 3146
1324 3147
1325 3152
1326 3153
1327 3154
1328 3160
1329 3161
1330 3162
1331 3163
1332 3167
1333 3168
1334 3170
1335 3171
1336 3175
1337 3179
1338 3181
1339 3182
1340 3184
1341 3185
1342 3186
1343 3188
1344 3189
1345 3191
1346 3193
1347 3202
1348 3207
1349 3209
1350 3214
1351 3215
1352 3216
1353 3217
1354 3220
1355 3221
1356 3228
1357 3229
1358 3230
1359 3231
1360 3233
1361 3237
1362 3238
1363 3239
1364 3243
1365 3245
1366 3246
1367 3251
1368 3253
1369 3257
1370 3259
1371 3263
1372 3265
1373 3266
1374 3267
1375 3268
1376 3269
1377 3270
1378 3271
1379 3272
1380 3273
1381 3282
1382 3284
1383 3286
1384 3291
1385 3293
1386 3296
1387 3299
1388 3300
1389 3301
1390 3302
1391 3303
1392 3305
1393 3307
1394 3309
1395 3311
1396 3313
1397 3315
1398 3317
1399 3318
1400 3319
1401 3320
1402 3325
1403 3326
1404 3328
1405 3335
1406 3340
1407 3342
1408 3344
1409 3345
1410 3346
1411 3348
1412 3350
1413 3356
1414 3358
1415 3362
1416 3363
1417 3365
1418 3369
1419 3371
1420 3374
1421 3376
1422 3377
1423 3378
1424 3379
1425 3383
1426 3391
1427 3395
1428 3401
1429 3403
1430 3406
1431 3408
1432 3416
1433 3419
1434 3420
1435 3421
1436 3422
1437 3432
1438 3436
1439 3438
1440 3439
1441 3445
1442 3446
1443 3447
1444 3448
1445 3449
1446 3450
1447 3451
1448 3452
1449 3453
1450 3455
1451 3457
1452 3463
1453 3465
1454 3467
1455 3469
1456 3475
1457 3477
1458 3479
1459 3480
1460 3481
1461 3483
1462 3485
1463 3486
1464 3487
1465 3488
1466 3489
1467 3491
1468 3496
1469 3497
1470 3498
1471 3499
1472 3502
1473 3504
1474 3506
1475 3508
1476 3509
1477 3511
1478 3517
1479 3518
1480 3522
1481 3524
1482 3533
1483 3535
1484 3537
1485 3539
1486 3540
1487 3542
1488 3543
1489 3545
1490 3548
1491 3549
1492 3550
1493 3553
1494 3555
1495 3557
1496 3558
1497 3560
1498 3564
1499 3565
1500 3566
1501 3573
1502 3574
1503 3575
1504 3583
1505 3588
1506 3595
1507 3597
1508 3599
1509 3603
1510 3605
1511 3606
1512 3607
1513 3609
1514 3611
1515 3613
1516 3614
1517 3615
1518 3617
1519 3619
1520 3621
1521 3622
1522 3626
1523 3627
1524 3628
1525 3629
1526 3636
1527 3637
1528 3638
1529 3639
1530 3641
1531 3648
1532 3650
1533 3657
1534 3659
1535 3661
1536 3663
1537 3665
1538 3666
1539 3667
1540 3668
1541 3669
1542 3671
1543 3673
1544 3680
1545 3682
1546 3686
1547 3688
1548 3691
1549 3693
1550 3695
1551 3697
1552 3699
1553 3713
1554 3714
1555 3715
1556 3716
1557 3717
1558 3719
1559 3720
1560 3722
1561 3723
1562 3725
1563 3729
1564 3730
1565 3747
1566 3753
1567 3755
1568 3760
1569 3762
1570 3764
1571 3766
1572 3768
1573 3771
1574 3774
1575 3777
1576 3779
1577 3786
1578 3788
1579 3797
1580 3799
1581 3800
1582 3802
1583 3803
1584 3805
1585 3810
1586 3814
1587 3815
1588 3816
1589 3817
1590 3818
1591 3819
1592 3820
1593 3821
1594 3822
1595 3823
1596 3824
1597 3834
1598 3844
1599 3846
1600 3848
1601 3854
1602 3856
1603 3858
1604 3860
1605 3861
1606 3864
1607 3867
1608 3868
1609 3870
1610 3876
1611 3878
1612 3881
1613 3883
1614 3885
1615 3888
1616 3890
1617 3892
1618 3901
1619 3903
1620 3904
1621 3906
1622 3907
1623 3908
1624 3909
1625 3910
1626 3912
1627 3913
1628 3914
1629 3921
1630 3923
1631 3925
1632 3926
1633 3927
1634 3928
1635 3937
1636 3939
1637 3941
1638 3943
1639 3946
1640 3947
1641 3948
1642 3949
1643 3950
1644 3952
1645 3953
1646 3954
1647 3955
1648 3957
1649 3958
1650 3959
1651 3960
1652 3961
1653 3965
1654 3966
1655 3967
1656 3969
1657 3970
1658 3971
1659 3972
1660 3973
1661 3975
1662 3978
1663 3980
1664 3981
1665 3982
1666 3984
1667 3985
1668 3990
1669 3991
1670 3993
1671 3997
1672 3999
1673 4000
1674 4001
1675 4003
1676 4005
1677 4007
1678 4009
1679 4010
1680 4011
1681 4012
1682 4013
1683 4015
1684 4016
1685 4017
1686 4018
1687 4023
1688 4024
1689 4025
1690 4026
1691 4027
1692 4033
1693 4037
1694 4038
1695 4039
1696 4040
1697 4053
1698 4054
1699 4055
1700 4057
1701 4058
1702 4059
1703 4072
1704 4074
1705 4084
1706 4086
1707 4089
1708 4092
1709 4095
