dx 0.031250
dy 0.031250
numResidualPts 300
numStatePts 826
0 0.015625 0.015625 26 0.984375 0.015625 27 0.015625 0.046875 1 0.046875 0.015625 801 0.015625 0.984375 
1 0.046875 0.015625 0 0.015625 0.015625 28 0.046875 0.046875 2 0.078125 0.015625 802 0.046875 0.984375 
4 0.203125 0.015625 3 0.171875 0.015625 31 0.203125 0.046875 5 0.234375 0.015625 804 0.203125 0.984375 
7 0.296875 0.015625 6 0.265625 0.015625 32 0.296875 0.046875 8 0.328125 0.015625 806 0.296875 0.984375 
8 0.328125 0.015625 7 0.296875 0.015625 33 0.328125 0.046875 9 0.359375 0.015625 807 0.328125 0.984375 
9 0.359375 0.015625 8 0.328125 0.015625 34 0.359375 0.046875 10 0.390625 0.015625 808 0.359375 0.984375 
13 0.484375 0.015625 12 0.453125 0.015625 38 0.484375 0.046875 14 0.515625 0.015625 812 0.484375 0.984375 
15 0.546875 0.015625 14 0.515625 0.015625 39 0.546875 0.046875 16 0.578125 0.015625 814 0.546875 0.984375 
16 0.578125 0.015625 15 0.546875 0.015625 40 0.578125 0.046875 17 0.609375 0.015625 815 0.578125 0.984375 
20 0.765625 0.015625 19 0.734375 0.015625 46 0.765625 0.046875 21 0.796875 0.015625 819 0.765625 0.984375 
25 0.953125 0.015625 24 0.921875 0.015625 52 0.953125 0.046875 26 0.984375 0.015625 824 0.953125 0.984375 
26 0.984375 0.015625 25 0.953125 0.015625 53 0.984375 0.046875 0 0.015625 0.015625 825 0.984375 0.984375 
29 0.078125 0.046875 28 0.046875 0.046875 56 0.078125 0.078125 30 0.109375 0.046875 2 0.078125 0.015625 
35 0.390625 0.046875 34 0.359375 0.046875 62 0.390625 0.078125 36 0.421875 0.046875 10 0.390625 0.015625 
36 0.421875 0.046875 35 0.390625 0.046875 63 0.421875 0.078125 37 0.453125 0.046875 11 0.421875 0.015625 
37 0.453125 0.046875 36 0.421875 0.046875 64 0.453125 0.078125 38 0.484375 0.046875 12 0.453125 0.015625 
41 0.609375 0.046875 40 0.578125 0.046875 67 0.609375 0.078125 42 0.640625 0.046875 17 0.609375 0.015625 
44 0.703125 0.046875 43 0.671875 0.046875 68 0.703125 0.078125 45 0.734375 0.046875 18 0.703125 0.015625 
46 0.765625 0.046875 45 0.734375 0.046875 70 0.765625 0.078125 47 0.796875 0.046875 20 0.765625 0.015625 
47 0.796875 0.046875 46 0.765625 0.046875 71 0.796875 0.078125 48 0.828125 0.046875 21 0.796875 0.015625 
49 0.859375 0.046875 48 0.828125 0.046875 73 0.859375 0.078125 50 0.890625 0.046875 22 0.859375 0.015625 
50 0.890625 0.046875 49 0.859375 0.046875 74 0.890625 0.078125 51 0.921875 0.046875 23 0.890625 0.015625 
53 0.984375 0.046875 52 0.953125 0.046875 77 0.984375 0.078125 27 0.015625 0.046875 26 0.984375 0.015625 
55 0.046875 0.078125 54 0.015625 0.078125 79 0.046875 0.109375 56 0.078125 0.078125 28 0.046875 0.046875 
60 0.328125 0.078125 59 0.296875 0.078125 86 0.328125 0.109375 61 0.359375 0.078125 33 0.328125 0.046875 
63 0.421875 0.078125 62 0.390625 0.078125 89 0.421875 0.109375 64 0.453125 0.078125 36 0.421875 0.046875 
65 0.484375 0.078125 64 0.453125 0.078125 91 0.484375 0.109375 66 0.515625 0.078125 38 0.484375 0.046875 
69 0.734375 0.078125 68 0.703125 0.078125 97 0.734375 0.109375 70 0.765625 0.078125 45 0.734375 0.046875 
70 0.765625 0.078125 69 0.734375 0.078125 98 0.765625 0.109375 71 0.796875 0.078125 46 0.765625 0.046875 
71 0.796875 0.078125 70 0.765625 0.078125 99 0.796875 0.109375 72 0.828125 0.078125 47 0.796875 0.046875 
74 0.890625 0.078125 73 0.859375 0.078125 102 0.890625 0.109375 75 0.921875 0.078125 50 0.890625 0.046875 
76 0.953125 0.078125 75 0.921875 0.078125 104 0.953125 0.109375 77 0.984375 0.078125 52 0.953125 0.046875 
81 0.171875 0.109375 80 0.140625 0.109375 110 0.171875 0.140625 82 0.203125 0.109375 57 0.171875 0.078125 
84 0.265625 0.109375 83 0.234375 0.109375 111 0.265625 0.140625 85 0.296875 0.109375 58 0.265625 0.078125 
86 0.328125 0.109375 85 0.296875 0.109375 112 0.328125 0.140625 87 0.359375 0.109375 60 0.328125 0.078125 
87 0.359375 0.109375 86 0.328125 0.109375 113 0.359375 0.140625 88 0.390625 0.109375 61 0.359375 0.078125 
91 0.484375 0.109375 90 0.453125 0.109375 117 0.484375 0.140625 92 0.515625 0.109375 65 0.484375 0.078125 
96 0.703125 0.109375 95 0.671875 0.109375 123 0.703125 0.140625 97 0.734375 0.109375 68 0.703125 0.078125 
97 0.734375 0.109375 96 0.703125 0.109375 124 0.734375 0.140625 98 0.765625 0.109375 69 0.734375 0.078125 
98 0.765625 0.109375 97 0.734375 0.109375 125 0.765625 0.140625 99 0.796875 0.109375 70 0.765625 0.078125 
103 0.921875 0.109375 102 0.890625 0.109375 130 0.921875 0.140625 104 0.953125 0.109375 75 0.921875 0.078125 
104 0.953125 0.109375 103 0.921875 0.109375 131 0.953125 0.140625 105 0.984375 0.109375 76 0.953125 0.078125 
106 0.015625 0.140625 132 0.984375 0.140625 133 0.015625 0.171875 107 0.046875 0.140625 78 0.015625 0.109375 
109 0.140625 0.140625 108 0.109375 0.140625 137 0.140625 0.171875 110 0.171875 0.140625 80 0.140625 0.109375 
113 0.359375 0.140625 112 0.328125 0.140625 140 0.359375 0.171875 114 0.390625 0.140625 87 0.359375 0.109375 
115 0.421875 0.140625 114 0.390625 0.140625 142 0.421875 0.171875 116 0.453125 0.140625 89 0.421875 0.109375 
116 0.453125 0.140625 115 0.421875 0.140625 143 0.453125 0.171875 117 0.484375 0.140625 90 0.453125 0.109375 
119 0.578125 0.140625 118 0.546875 0.140625 147 0.578125 0.171875 120 0.609375 0.140625 93 0.578125 0.109375 
120 0.609375 0.140625 119 0.578125 0.140625 148 0.609375 0.171875 121 0.640625 0.140625 94 0.609375 0.109375 
123 0.703125 0.140625 122 0.671875 0.140625 151 0.703125 0.171875 124 0.734375 0.140625 96 0.703125 0.109375 
127 0.828125 0.140625 126 0.796875 0.140625 155 0.828125 0.171875 128 0.859375 0.140625 100 0.828125 0.109375 
128 0.859375 0.140625 127 0.828125 0.140625 156 0.859375 0.171875 129 0.890625 0.140625 101 0.859375 0.109375 
134 0.046875 0.171875 133 0.015625 0.171875 159 0.046875 0.203125 135 0.078125 0.171875 107 0.046875 0.140625 
136 0.109375 0.171875 135 0.078125 0.171875 161 0.109375 0.203125 137 0.140625 0.171875 108 0.109375 0.140625 
137 0.140625 0.171875 136 0.109375 0.171875 162 0.140625 0.203125 138 0.171875 0.171875 109 0.140625 0.140625 
143 0.453125 0.171875 142 0.421875 0.171875 169 0.453125 0.203125 144 0.484375 0.171875 116 0.453125 0.140625 
144 0.484375 0.171875 143 0.453125 0.171875 170 0.484375 0.203125 145 0.515625 0.171875 117 0.484375 0.140625 
149 0.640625 0.171875 148 0.609375 0.171875 174 0.640625 0.203125 150 0.671875 0.171875 121 0.640625 0.140625 
150 0.671875 0.171875 149 0.640625 0.171875 175 0.671875 0.203125 151 0.703125 0.171875 122 0.671875 0.140625 
151 0.703125 0.171875 150 0.671875 0.171875 176 0.703125 0.203125 152 0.734375 0.171875 123 0.703125 0.140625 
152 0.734375 0.171875 151 0.703125 0.171875 177 0.734375 0.203125 153 0.765625 0.171875 124 0.734375 0.140625 
153 0.765625 0.171875 152 0.734375 0.171875 178 0.765625 0.203125 154 0.796875 0.171875 125 0.765625 0.140625 
157 0.890625 0.171875 156 0.859375 0.171875 182 0.890625 0.203125 158 0.921875 0.171875 129 0.890625 0.140625 
160 0.078125 0.203125 159 0.046875 0.203125 184 0.078125 0.234375 161 0.109375 0.203125 135 0.078125 0.171875 
161 0.109375 0.203125 160 0.078125 0.203125 185 0.109375 0.234375 162 0.140625 0.203125 136 0.109375 0.171875 
162 0.140625 0.203125 161 0.109375 0.203125 186 0.140625 0.234375 163 0.171875 0.203125 137 0.140625 0.171875 
163 0.171875 0.203125 162 0.140625 0.203125 187 0.171875 0.234375 164 0.203125 0.203125 138 0.171875 0.171875 
164 0.203125 0.203125 163 0.171875 0.203125 188 0.203125 0.234375 165 0.234375 0.203125 139 0.203125 0.171875 
167 0.390625 0.203125 166 0.359375 0.203125 193 0.390625 0.234375 168 0.421875 0.203125 141 0.390625 0.171875 
169 0.453125 0.203125 168 0.421875 0.203125 195 0.453125 0.234375 170 0.484375 0.203125 143 0.453125 0.171875 
172 0.546875 0.203125 171 0.515625 0.203125 197 0.546875 0.234375 173 0.578125 0.203125 146 0.546875 0.171875 
179 0.796875 0.203125 178 0.765625 0.203125 204 0.796875 0.234375 180 0.828125 0.203125 154 0.796875 0.171875 
180 0.828125 0.203125 179 0.796875 0.203125 205 0.828125 0.234375 181 0.859375 0.203125 155 0.828125 0.171875 
181 0.859375 0.203125 180 0.828125 0.203125 206 0.859375 0.234375 182 0.890625 0.203125 156 0.859375 0.171875 
185 0.109375 0.234375 184 0.078125 0.234375 214 0.109375 0.265625 186 0.140625 0.234375 161 0.109375 0.203125 
189 0.234375 0.234375 188 0.203125 0.234375 218 0.234375 0.265625 190 0.265625 0.234375 165 0.234375 0.203125 
192 0.359375 0.234375 191 0.328125 0.234375 222 0.359375 0.265625 193 0.390625 0.234375 166 0.359375 0.203125 
193 0.390625 0.234375 192 0.359375 0.234375 223 0.390625 0.265625 194 0.421875 0.234375 167 0.390625 0.203125 
198 0.578125 0.234375 197 0.546875 0.234375 229 0.578125 0.265625 199 0.609375 0.234375 173 0.578125 0.203125 
200 0.640625 0.234375 199 0.609375 0.234375 230 0.640625 0.265625 201 0.671875 0.234375 174 0.640625 0.203125 
203 0.765625 0.234375 202 0.734375 0.234375 232 0.765625 0.265625 204 0.796875 0.234375 178 0.765625 0.203125 
204 0.796875 0.234375 203 0.765625 0.234375 233 0.796875 0.265625 205 0.828125 0.234375 179 0.796875 0.203125 
207 0.890625 0.234375 206 0.859375 0.234375 236 0.890625 0.265625 208 0.921875 0.234375 182 0.890625 0.203125 
212 0.046875 0.265625 211 0.015625 0.265625 240 0.046875 0.296875 213 0.078125 0.265625 183 0.046875 0.234375 
213 0.078125 0.265625 212 0.046875 0.265625 241 0.078125 0.296875 214 0.109375 0.265625 184 0.078125 0.234375 
216 0.171875 0.265625 215 0.140625 0.265625 244 0.171875 0.296875 217 0.203125 0.265625 187 0.171875 0.234375 
219 0.265625 0.265625 218 0.234375 0.265625 245 0.265625 0.296875 220 0.296875 0.265625 190 0.265625 0.234375 
222 0.359375 0.265625 221 0.328125 0.265625 246 0.359375 0.296875 223 0.390625 0.265625 192 0.359375 0.234375 
225 0.453125 0.265625 224 0.421875 0.265625 247 0.453125 0.296875 226 0.484375 0.265625 195 0.453125 0.234375 
227 0.515625 0.265625 226 0.484375 0.265625 249 0.515625 0.296875 228 0.546875 0.265625 196 0.515625 0.234375 
235 0.859375 0.265625 234 0.828125 0.265625 259 0.859375 0.296875 236 0.890625 0.265625 206 0.859375 0.234375 
236 0.890625 0.265625 235 0.859375 0.265625 260 0.890625 0.296875 237 0.921875 0.265625 207 0.890625 0.234375 
237 0.921875 0.265625 236 0.890625 0.265625 261 0.921875 0.296875 238 0.953125 0.265625 208 0.921875 0.234375 
238 0.953125 0.265625 237 0.921875 0.265625 262 0.953125 0.296875 239 0.984375 0.265625 209 0.953125 0.234375 
239 0.984375 0.265625 238 0.953125 0.265625 263 0.984375 0.296875 211 0.015625 0.265625 210 0.984375 0.234375 
243 0.140625 0.296875 242 0.109375 0.296875 266 0.140625 0.328125 244 0.171875 0.296875 215 0.140625 0.265625 
248 0.484375 0.296875 247 0.453125 0.296875 270 0.484375 0.328125 249 0.515625 0.296875 226 0.484375 0.265625 
249 0.515625 0.296875 248 0.484375 0.296875 271 0.515625 0.328125 250 0.546875 0.296875 227 0.515625 0.265625 
250 0.546875 0.296875 249 0.515625 0.296875 272 0.546875 0.328125 251 0.578125 0.296875 228 0.546875 0.265625 
254 0.703125 0.296875 253 0.671875 0.296875 277 0.703125 0.328125 255 0.734375 0.296875 231 0.703125 0.265625 
257 0.796875 0.296875 256 0.765625 0.296875 278 0.796875 0.328125 258 0.828125 0.296875 233 0.796875 0.265625 
258 0.828125 0.296875 257 0.796875 0.296875 279 0.828125 0.328125 259 0.859375 0.296875 234 0.828125 0.265625 
259 0.859375 0.296875 258 0.828125 0.296875 280 0.859375 0.328125 260 0.890625 0.296875 235 0.859375 0.265625 
266 0.140625 0.328125 265 0.109375 0.328125 289 0.140625 0.359375 267 0.171875 0.328125 243 0.140625 0.296875 
269 0.453125 0.328125 268 0.421875 0.328125 293 0.453125 0.359375 270 0.484375 0.328125 247 0.453125 0.296875 
270 0.484375 0.328125 269 0.453125 0.328125 294 0.484375 0.359375 271 0.515625 0.328125 248 0.484375 0.296875 
272 0.546875 0.328125 271 0.515625 0.328125 296 0.546875 0.359375 273 0.578125 0.328125 250 0.546875 0.296875 
273 0.578125 0.328125 272 0.546875 0.328125 297 0.578125 0.359375 274 0.609375 0.328125 251 0.578125 0.296875 
274 0.609375 0.328125 273 0.578125 0.328125 298 0.609375 0.359375 275 0.640625 0.328125 252 0.609375 0.296875 
283 0.953125 0.328125 282 0.921875 0.328125 308 0.953125 0.359375 284 0.984375 0.328125 262 0.953125 0.296875 
285 0.015625 0.359375 309 0.984375 0.359375 310 0.015625 0.390625 286 0.046875 0.359375 264 0.015625 0.328125 
290 0.171875 0.359375 289 0.140625 0.359375 315 0.171875 0.390625 291 0.203125 0.359375 267 0.171875 0.328125 
294 0.484375 0.359375 293 0.453125 0.359375 321 0.484375 0.390625 295 0.515625 0.359375 270 0.484375 0.328125 
295 0.515625 0.359375 294 0.484375 0.359375 322 0.515625 0.390625 296 0.546875 0.359375 271 0.515625 0.328125 
299 0.640625 0.359375 298 0.609375 0.359375 326 0.640625 0.390625 300 0.671875 0.359375 275 0.640625 0.328125 
300 0.671875 0.359375 299 0.640625 0.359375 327 0.671875 0.390625 301 0.703125 0.359375 276 0.671875 0.328125 
301 0.703125 0.359375 300 0.671875 0.359375 328 0.703125 0.390625 302 0.734375 0.359375 277 0.703125 0.328125 
305 0.859375 0.359375 304 0.828125 0.359375 333 0.859375 0.390625 306 0.890625 0.359375 280 0.859375 0.328125 
306 0.890625 0.359375 305 0.859375 0.359375 334 0.890625 0.390625 307 0.921875 0.359375 281 0.890625 0.328125 
312 0.078125 0.390625 311 0.046875 0.390625 337 0.078125 0.421875 313 0.109375 0.390625 287 0.078125 0.359375 
313 0.109375 0.390625 312 0.078125 0.390625 338 0.109375 0.421875 314 0.140625 0.390625 288 0.109375 0.359375 
318 0.359375 0.390625 317 0.328125 0.390625 345 0.359375 0.421875 319 0.390625 0.390625 292 0.359375 0.359375 
323 0.546875 0.390625 322 0.515625 0.390625 351 0.546875 0.421875 324 0.578125 0.390625 296 0.546875 0.359375 
326 0.640625 0.390625 325 0.609375 0.390625 353 0.640625 0.421875 327 0.671875 0.390625 299 0.640625 0.359375 
330 0.765625 0.390625 329 0.734375 0.390625 357 0.765625 0.421875 331 0.796875 0.390625 303 0.765625 0.359375 
335 0.015625 0.421875 364 0.984375 0.421875 365 0.015625 0.453125 336 0.046875 0.421875 310 0.015625 0.390625 
341 0.234375 0.421875 340 0.203125 0.421875 372 0.234375 0.453125 342 0.265625 0.421875 316 0.234375 0.390625 
344 0.328125 0.421875 343 0.296875 0.421875 374 0.328125 0.453125 345 0.359375 0.421875 317 0.328125 0.390625 
346 0.390625 0.421875 345 0.359375 0.421875 376 0.390625 0.453125 347 0.421875 0.421875 319 0.390625 0.390625 
348 0.453125 0.421875 347 0.421875 0.421875 378 0.453125 0.453125 349 0.484375 0.421875 320 0.453125 0.390625 
349 0.484375 0.421875 348 0.453125 0.421875 379 0.484375 0.453125 350 0.515625 0.421875 321 0.484375 0.390625 
354 0.671875 0.421875 353 0.640625 0.421875 385 0.671875 0.453125 355 0.703125 0.421875 327 0.671875 0.390625 
356 0.734375 0.421875 355 0.703125 0.421875 387 0.734375 0.453125 357 0.765625 0.421875 329 0.734375 0.390625 
357 0.765625 0.421875 356 0.734375 0.421875 388 0.765625 0.453125 358 0.796875 0.421875 330 0.765625 0.390625 
359 0.828125 0.421875 358 0.796875 0.421875 389 0.828125 0.453125 360 0.859375 0.421875 332 0.828125 0.390625 
361 0.890625 0.421875 360 0.859375 0.421875 391 0.890625 0.453125 362 0.921875 0.421875 334 0.890625 0.390625 
365 0.015625 0.453125 394 0.984375 0.453125 395 0.015625 0.484375 366 0.046875 0.453125 335 0.015625 0.421875 
369 0.140625 0.453125 368 0.109375 0.453125 399 0.140625 0.484375 370 0.171875 0.453125 339 0.140625 0.421875 
371 0.203125 0.453125 370 0.171875 0.453125 401 0.203125 0.484375 372 0.234375 0.453125 340 0.203125 0.421875 
375 0.359375 0.453125 374 0.328125 0.453125 405 0.359375 0.484375 376 0.390625 0.453125 345 0.359375 0.421875 
377 0.421875 0.453125 376 0.390625 0.453125 407 0.421875 0.484375 378 0.453125 0.453125 347 0.421875 0.421875 
378 0.453125 0.453125 377 0.421875 0.453125 408 0.453125 0.484375 379 0.484375 0.453125 348 0.453125 0.421875 
380 0.515625 0.453125 379 0.484375 0.453125 410 0.515625 0.484375 381 0.546875 0.453125 350 0.515625 0.421875 
381 0.546875 0.453125 380 0.515625 0.453125 411 0.546875 0.484375 382 0.578125 0.453125 351 0.546875 0.421875 
382 0.578125 0.453125 381 0.546875 0.453125 412 0.578125 0.484375 383 0.609375 0.453125 352 0.578125 0.421875 
384 0.640625 0.453125 383 0.609375 0.453125 413 0.640625 0.484375 385 0.671875 0.453125 353 0.640625 0.421875 
387 0.734375 0.453125 386 0.703125 0.453125 414 0.734375 0.484375 388 0.765625 0.453125 356 0.734375 0.421875 
390 0.859375 0.453125 389 0.828125 0.453125 415 0.859375 0.484375 391 0.890625 0.453125 360 0.859375 0.421875 
391 0.890625 0.453125 390 0.859375 0.453125 416 0.890625 0.484375 392 0.921875 0.453125 361 0.890625 0.421875 
393 0.953125 0.453125 392 0.921875 0.453125 418 0.953125 0.484375 394 0.984375 0.453125 363 0.953125 0.421875 
395 0.015625 0.484375 419 0.984375 0.484375 420 0.015625 0.515625 396 0.046875 0.484375 365 0.015625 0.453125 
397 0.078125 0.484375 396 0.046875 0.484375 422 0.078125 0.515625 398 0.109375 0.484375 367 0.078125 0.453125 
398 0.109375 0.484375 397 0.078125 0.484375 423 0.109375 0.515625 399 0.140625 0.484375 368 0.109375 0.453125 
403 0.265625 0.484375 402 0.234375 0.484375 428 0.265625 0.515625 404 0.296875 0.484375 373 0.265625 0.453125 
406 0.390625 0.484375 405 0.359375 0.484375 432 0.390625 0.515625 407 0.421875 0.484375 376 0.390625 0.453125 
407 0.421875 0.484375 406 0.390625 0.484375 433 0.421875 0.515625 408 0.453125 0.484375 377 0.421875 0.453125 
409 0.484375 0.484375 408 0.453125 0.484375 435 0.484375 0.515625 410 0.515625 0.484375 379 0.484375 0.453125 
416 0.890625 0.484375 415 0.859375 0.484375 441 0.890625 0.515625 417 0.921875 0.484375 391 0.890625 0.453125 
417 0.921875 0.484375 416 0.890625 0.484375 442 0.921875 0.515625 418 0.953125 0.484375 392 0.921875 0.453125 
425 0.171875 0.515625 424 0.140625 0.515625 450 0.171875 0.546875 426 0.203125 0.515625 400 0.171875 0.484375 
426 0.203125 0.515625 425 0.171875 0.515625 451 0.203125 0.546875 427 0.234375 0.515625 401 0.203125 0.484375 
428 0.265625 0.515625 427 0.234375 0.515625 453 0.265625 0.546875 429 0.296875 0.515625 403 0.265625 0.484375 
429 0.296875 0.515625 428 0.265625 0.515625 454 0.296875 0.546875 430 0.328125 0.515625 404 0.296875 0.484375 
432 0.390625 0.515625 431 0.359375 0.515625 457 0.390625 0.546875 433 0.421875 0.515625 406 0.390625 0.484375 
434 0.453125 0.515625 433 0.421875 0.515625 459 0.453125 0.546875 435 0.484375 0.515625 408 0.453125 0.484375 
437 0.578125 0.515625 436 0.546875 0.515625 462 0.578125 0.546875 438 0.609375 0.515625 412 0.578125 0.484375 
439 0.640625 0.515625 438 0.609375 0.515625 464 0.640625 0.546875 440 0.671875 0.515625 413 0.640625 0.484375 
444 0.984375 0.515625 443 0.953125 0.515625 469 0.984375 0.546875 420 0.015625 0.515625 419 0.984375 0.484375 
445 0.015625 0.546875 469 0.984375 0.546875 470 0.015625 0.578125 446 0.046875 0.546875 420 0.015625 0.515625 
446 0.046875 0.546875 445 0.015625 0.546875 471 0.046875 0.578125 447 0.078125 0.546875 421 0.046875 0.515625 
447 0.078125 0.546875 446 0.046875 0.546875 472 0.078125 0.578125 448 0.109375 0.546875 422 0.078125 0.515625 
449 0.140625 0.546875 448 0.109375 0.546875 474 0.140625 0.578125 450 0.171875 0.546875 424 0.140625 0.515625 
451 0.203125 0.546875 450 0.171875 0.546875 476 0.203125 0.578125 452 0.234375 0.546875 426 0.203125 0.515625 
456 0.359375 0.546875 455 0.328125 0.546875 481 0.359375 0.578125 457 0.390625 0.546875 431 0.359375 0.515625 
459 0.453125 0.546875 458 0.421875 0.546875 484 0.453125 0.578125 460 0.484375 0.546875 434 0.453125 0.515625 
463 0.609375 0.546875 462 0.578125 0.546875 488 0.609375 0.578125 464 0.640625 0.546875 438 0.609375 0.515625 
464 0.640625 0.546875 463 0.609375 0.546875 489 0.640625 0.578125 465 0.671875 0.546875 439 0.640625 0.515625 
465 0.671875 0.546875 464 0.640625 0.546875 490 0.671875 0.578125 466 0.703125 0.546875 440 0.671875 0.515625 
472 0.078125 0.578125 471 0.046875 0.578125 501 0.078125 0.609375 473 0.109375 0.578125 447 0.078125 0.546875 
473 0.109375 0.578125 472 0.078125 0.578125 502 0.109375 0.609375 474 0.140625 0.578125 448 0.109375 0.546875 
477 0.234375 0.578125 476 0.203125 0.578125 506 0.234375 0.609375 478 0.265625 0.578125 452 0.234375 0.546875 
479 0.296875 0.578125 478 0.265625 0.578125 507 0.296875 0.609375 480 0.328125 0.578125 454 0.296875 0.546875 
480 0.328125 0.578125 479 0.296875 0.578125 508 0.328125 0.609375 481 0.359375 0.578125 455 0.328125 0.546875 
482 0.390625 0.578125 481 0.359375 0.578125 510 0.390625 0.609375 483 0.421875 0.578125 457 0.390625 0.546875 
486 0.546875 0.578125 485 0.515625 0.578125 515 0.546875 0.609375 487 0.578125 0.578125 461 0.546875 0.546875 
487 0.578125 0.578125 486 0.546875 0.578125 516 0.578125 0.609375 488 0.609375 0.578125 462 0.578125 0.546875 
490 0.671875 0.578125 489 0.640625 0.578125 519 0.671875 0.609375 491 0.703125 0.578125 465 0.671875 0.546875 
493 0.765625 0.578125 492 0.734375 0.578125 521 0.765625 0.609375 494 0.796875 0.578125 467 0.765625 0.546875 
496 0.859375 0.578125 495 0.828125 0.578125 523 0.859375 0.609375 497 0.890625 0.578125 468 0.859375 0.546875 
499 0.015625 0.609375 526 0.984375 0.609375 527 0.015625 0.640625 500 0.046875 0.609375 470 0.015625 0.578125 
502 0.109375 0.609375 501 0.078125 0.609375 530 0.109375 0.640625 503 0.140625 0.609375 473 0.109375 0.578125 
503 0.140625 0.609375 502 0.109375 0.609375 531 0.140625 0.640625 504 0.171875 0.609375 474 0.140625 0.578125 
504 0.171875 0.609375 503 0.140625 0.609375 532 0.171875 0.640625 505 0.203125 0.609375 475 0.171875 0.578125 
508 0.328125 0.609375 507 0.296875 0.609375 537 0.328125 0.640625 509 0.359375 0.609375 480 0.328125 0.578125 
509 0.359375 0.609375 508 0.328125 0.609375 538 0.359375 0.640625 510 0.390625 0.609375 481 0.359375 0.578125 
510 0.390625 0.609375 509 0.359375 0.609375 539 0.390625 0.640625 511 0.421875 0.609375 482 0.390625 0.578125 
511 0.421875 0.609375 510 0.390625 0.609375 540 0.421875 0.640625 512 0.453125 0.609375 483 0.421875 0.578125 
514 0.515625 0.609375 513 0.484375 0.609375 542 0.515625 0.640625 515 0.546875 0.609375 485 0.515625 0.578125 
517 0.609375 0.609375 516 0.578125 0.609375 544 0.609375 0.640625 518 0.640625 0.609375 488 0.609375 0.578125 
519 0.671875 0.609375 518 0.640625 0.609375 545 0.671875 0.640625 520 0.703125 0.609375 490 0.671875 0.578125 
526 0.984375 0.609375 525 0.953125 0.609375 554 0.984375 0.640625 499 0.015625 0.609375 498 0.984375 0.578125 
529 0.078125 0.640625 528 0.046875 0.640625 557 0.078125 0.671875 530 0.109375 0.640625 501 0.078125 0.609375 
532 0.171875 0.640625 531 0.140625 0.640625 560 0.171875 0.671875 533 0.203125 0.640625 504 0.171875 0.609375 
533 0.203125 0.640625 532 0.171875 0.640625 561 0.203125 0.671875 534 0.234375 0.640625 505 0.203125 0.609375 
536 0.296875 0.640625 535 0.265625 0.640625 564 0.296875 0.671875 537 0.328125 0.640625 507 0.296875 0.609375 
542 0.515625 0.640625 541 0.484375 0.640625 570 0.515625 0.671875 543 0.546875 0.640625 514 0.515625 0.609375 
550 0.828125 0.640625 549 0.796875 0.640625 576 0.828125 0.671875 551 0.859375 0.640625 522 0.828125 0.609375 
552 0.890625 0.640625 551 0.859375 0.640625 578 0.890625 0.671875 553 0.921875 0.640625 524 0.890625 0.609375 
555 0.015625 0.671875 581 0.984375 0.671875 582 0.015625 0.703125 556 0.046875 0.671875 527 0.015625 0.640625 
557 0.078125 0.671875 556 0.046875 0.671875 584 0.078125 0.703125 558 0.109375 0.671875 529 0.078125 0.640625 
558 0.109375 0.671875 557 0.078125 0.671875 585 0.109375 0.703125 559 0.140625 0.671875 530 0.109375 0.640625 
560 0.171875 0.671875 559 0.140625 0.671875 586 0.171875 0.703125 561 0.203125 0.671875 532 0.171875 0.640625 
563 0.265625 0.671875 562 0.234375 0.671875 588 0.265625 0.703125 564 0.296875 0.671875 535 0.265625 0.640625 
566 0.359375 0.671875 565 0.328125 0.671875 591 0.359375 0.703125 567 0.390625 0.671875 538 0.359375 0.640625 
567 0.390625 0.671875 566 0.359375 0.671875 592 0.390625 0.703125 568 0.421875 0.671875 539 0.390625 0.640625 
568 0.421875 0.671875 567 0.390625 0.671875 593 0.421875 0.703125 569 0.453125 0.671875 540 0.421875 0.640625 
572 0.703125 0.671875 571 0.671875 0.671875 598 0.703125 0.703125 573 0.734375 0.671875 546 0.703125 0.640625 
573 0.734375 0.671875 572 0.703125 0.671875 599 0.734375 0.703125 574 0.765625 0.671875 547 0.734375 0.640625 
574 0.765625 0.671875 573 0.734375 0.671875 600 0.765625 0.703125 575 0.796875 0.671875 548 0.765625 0.640625 
578 0.890625 0.671875 577 0.859375 0.671875 604 0.890625 0.703125 579 0.921875 0.671875 552 0.890625 0.640625 
579 0.921875 0.671875 578 0.890625 0.671875 605 0.921875 0.703125 580 0.953125 0.671875 553 0.921875 0.640625 
582 0.015625 0.703125 606 0.984375 0.703125 607 0.015625 0.734375 583 0.046875 0.703125 555 0.015625 0.671875 
583 0.046875 0.703125 582 0.015625 0.703125 608 0.046875 0.734375 584 0.078125 0.703125 556 0.046875 0.671875 
588 0.265625 0.703125 587 0.234375 0.703125 613 0.265625 0.734375 589 0.296875 0.703125 563 0.265625 0.671875 
590 0.328125 0.703125 589 0.296875 0.703125 614 0.328125 0.734375 591 0.359375 0.703125 565 0.328125 0.671875 
595 0.515625 0.703125 594 0.484375 0.703125 619 0.515625 0.734375 596 0.546875 0.703125 570 0.515625 0.671875 
600 0.765625 0.703125 599 0.734375 0.703125 625 0.765625 0.734375 601 0.796875 0.703125 574 0.765625 0.671875 
603 0.859375 0.703125 602 0.828125 0.703125 627 0.859375 0.734375 604 0.890625 0.703125 577 0.859375 0.671875 
611 0.171875 0.734375 610 0.140625 0.734375 635 0.171875 0.765625 612 0.203125 0.734375 586 0.171875 0.703125 
616 0.390625 0.734375 615 0.359375 0.734375 640 0.390625 0.765625 617 0.421875 0.734375 592 0.390625 0.703125 
622 0.640625 0.734375 621 0.609375 0.734375 648 0.640625 0.765625 623 0.671875 0.734375 597 0.640625 0.703125 
627 0.859375 0.734375 626 0.828125 0.734375 653 0.859375 0.765625 628 0.890625 0.734375 603 0.859375 0.703125 
628 0.890625 0.734375 627 0.859375 0.734375 654 0.890625 0.765625 629 0.921875 0.734375 604 0.890625 0.703125 
630 0.015625 0.765625 657 0.984375 0.765625 658 0.015625 0.796875 631 0.046875 0.765625 607 0.015625 0.734375 
632 0.078125 0.765625 631 0.046875 0.765625 660 0.078125 0.796875 633 0.109375 0.765625 609 0.078125 0.734375 
635 0.171875 0.765625 634 0.140625 0.765625 663 0.171875 0.796875 636 0.203125 0.765625 611 0.171875 0.734375 
638 0.265625 0.765625 637 0.234375 0.765625 665 0.265625 0.796875 639 0.296875 0.765625 613 0.265625 0.734375 
642 0.453125 0.765625 641 0.421875 0.765625 666 0.453125 0.796875 643 0.484375 0.765625 618 0.453125 0.734375 
646 0.578125 0.765625 645 0.546875 0.765625 670 0.578125 0.796875 647 0.609375 0.765625 620 0.578125 0.734375 
650 0.734375 0.765625 649 0.703125 0.765625 671 0.734375 0.796875 651 0.765625 0.765625 624 0.734375 0.734375 
653 0.859375 0.765625 652 0.828125 0.765625 674 0.859375 0.796875 654 0.890625 0.765625 627 0.859375 0.734375 
654 0.890625 0.765625 653 0.859375 0.765625 675 0.890625 0.796875 655 0.921875 0.765625 628 0.890625 0.734375 
655 0.921875 0.765625 654 0.890625 0.765625 676 0.921875 0.796875 656 0.953125 0.765625 629 0.921875 0.734375 
658 0.015625 0.796875 678 0.984375 0.796875 679 0.015625 0.828125 659 0.046875 0.796875 630 0.015625 0.765625 
659 0.046875 0.796875 658 0.015625 0.796875 680 0.046875 0.828125 660 0.078125 0.796875 631 0.046875 0.765625 
660 0.078125 0.796875 659 0.046875 0.796875 681 0.078125 0.828125 661 0.109375 0.796875 632 0.078125 0.765625 
663 0.171875 0.796875 662 0.140625 0.796875 683 0.171875 0.828125 664 0.203125 0.796875 635 0.171875 0.765625 
667 0.484375 0.796875 666 0.453125 0.796875 688 0.484375 0.828125 668 0.515625 0.796875 643 0.484375 0.765625 
668 0.515625 0.796875 667 0.484375 0.796875 689 0.515625 0.828125 669 0.546875 0.796875 644 0.515625 0.765625 
669 0.546875 0.796875 668 0.515625 0.796875 690 0.546875 0.828125 670 0.578125 0.796875 645 0.546875 0.765625 
673 0.828125 0.796875 672 0.796875 0.796875 696 0.828125 0.828125 674 0.859375 0.796875 652 0.828125 0.765625 
676 0.921875 0.796875 675 0.890625 0.796875 699 0.921875 0.828125 677 0.953125 0.796875 655 0.921875 0.765625 
678 0.984375 0.796875 677 0.953125 0.796875 700 0.984375 0.828125 658 0.015625 0.796875 657 0.984375 0.765625 
686 0.265625 0.828125 685 0.234375 0.828125 708 0.265625 0.859375 687 0.296875 0.828125 665 0.265625 0.796875 
689 0.515625 0.828125 688 0.484375 0.828125 711 0.515625 0.859375 690 0.546875 0.828125 668 0.515625 0.796875 
693 0.734375 0.828125 692 0.703125 0.828125 718 0.734375 0.859375 694 0.765625 0.828125 671 0.734375 0.796875 
698 0.890625 0.828125 697 0.859375 0.828125 723 0.890625 0.859375 699 0.921875 0.828125 675 0.890625 0.796875 
702 0.078125 0.859375 701 0.046875 0.859375 726 0.078125 0.890625 703 0.109375 0.859375 681 0.078125 0.828125 
703 0.109375 0.859375 702 0.078125 0.859375 727 0.109375 0.890625 704 0.140625 0.859375 682 0.109375 0.828125 
706 0.203125 0.859375 705 0.171875 0.859375 730 0.203125 0.890625 707 0.234375 0.859375 684 0.203125 0.828125 
714 0.609375 0.859375 713 0.578125 0.859375 740 0.609375 0.890625 715 0.640625 0.859375 691 0.609375 0.828125 
717 0.703125 0.859375 716 0.671875 0.859375 743 0.703125 0.890625 718 0.734375 0.859375 692 0.703125 0.828125 
720 0.796875 0.859375 719 0.765625 0.859375 746 0.796875 0.890625 721 0.828125 0.859375 695 0.796875 0.828125 
721 0.828125 0.859375 720 0.796875 0.859375 747 0.828125 0.890625 722 0.859375 0.859375 696 0.828125 0.828125 
722 0.859375 0.859375 721 0.828125 0.859375 748 0.859375 0.890625 723 0.890625 0.859375 697 0.859375 0.828125 
733 0.359375 0.890625 732 0.328125 0.890625 760 0.359375 0.921875 734 0.390625 0.890625 709 0.359375 0.859375 
736 0.484375 0.890625 735 0.453125 0.890625 763 0.484375 0.921875 737 0.515625 0.890625 710 0.484375 0.859375 
738 0.546875 0.890625 737 0.515625 0.890625 765 0.546875 0.921875 739 0.578125 0.890625 712 0.546875 0.859375 
742 0.671875 0.890625 741 0.640625 0.890625 768 0.671875 0.921875 743 0.703125 0.890625 716 0.671875 0.859375 
743 0.703125 0.890625 742 0.671875 0.890625 769 0.703125 0.921875 744 0.734375 0.890625 717 0.703125 0.859375 
744 0.734375 0.890625 743 0.703125 0.890625 770 0.734375 0.921875 745 0.765625 0.890625 718 0.734375 0.859375 
747 0.828125 0.890625 746 0.796875 0.890625 772 0.828125 0.921875 748 0.859375 0.890625 721 0.828125 0.859375 
748 0.859375 0.890625 747 0.828125 0.890625 773 0.859375 0.921875 749 0.890625 0.890625 722 0.859375 0.859375 
751 0.984375 0.890625 750 0.953125 0.890625 777 0.984375 0.921875 725 0.015625 0.890625 724 0.984375 0.859375 
754 0.140625 0.921875 753 0.109375 0.921875 780 0.140625 0.953125 755 0.171875 0.921875 728 0.140625 0.890625 
755 0.171875 0.921875 754 0.140625 0.921875 781 0.171875 0.953125 756 0.203125 0.921875 729 0.171875 0.890625 
757 0.234375 0.921875 756 0.203125 0.921875 783 0.234375 0.953125 758 0.265625 0.921875 731 0.234375 0.890625 
761 0.390625 0.921875 760 0.359375 0.921875 787 0.390625 0.953125 762 0.421875 0.921875 734 0.390625 0.890625 
764 0.515625 0.921875 763 0.484375 0.921875 789 0.515625 0.953125 765 0.546875 0.921875 737 0.515625 0.890625 
765 0.546875 0.921875 764 0.515625 0.921875 790 0.546875 0.953125 766 0.578125 0.921875 738 0.546875 0.890625 
766 0.578125 0.921875 765 0.546875 0.921875 791 0.578125 0.953125 767 0.609375 0.921875 739 0.578125 0.890625 
770 0.734375 0.921875 769 0.703125 0.921875 793 0.734375 0.953125 771 0.765625 0.921875 744 0.734375 0.890625 
773 0.859375 0.921875 772 0.828125 0.921875 797 0.859375 0.953125 774 0.890625 0.921875 748 0.859375 0.890625 
776 0.953125 0.921875 775 0.921875 0.921875 799 0.953125 0.953125 777 0.984375 0.921875 750 0.953125 0.890625 
777 0.984375 0.921875 776 0.953125 0.921875 800 0.984375 0.953125 752 0.015625 0.921875 751 0.984375 0.890625 
780 0.140625 0.953125 779 0.109375 0.953125 803 0.140625 0.984375 781 0.171875 0.953125 754 0.140625 0.921875 
782 0.203125 0.953125 781 0.171875 0.953125 804 0.203125 0.984375 783 0.234375 0.953125 756 0.203125 0.921875 
784 0.265625 0.953125 783 0.234375 0.953125 805 0.265625 0.984375 785 0.296875 0.953125 758 0.265625 0.921875 
785 0.296875 0.953125 784 0.265625 0.953125 806 0.296875 0.984375 786 0.328125 0.953125 759 0.296875 0.921875 
794 0.765625 0.953125 793 0.734375 0.953125 819 0.765625 0.984375 795 0.796875 0.953125 771 0.765625 0.921875 
796 0.828125 0.953125 795 0.796875 0.953125 820 0.828125 0.984375 797 0.859375 0.953125 772 0.828125 0.921875 
800 0.984375 0.953125 799 0.953125 0.953125 825 0.984375 0.984375 778 0.015625 0.953125 777 0.984375 0.921875 
807 0.328125 0.984375 806 0.296875 0.984375 8 0.328125 0.015625 808 0.359375 0.984375 786 0.328125 0.953125 
810 0.421875 0.984375 809 0.390625 0.984375 11 0.421875 0.015625 811 0.453125 0.984375 788 0.421875 0.953125 
813 0.515625 0.984375 812 0.484375 0.984375 14 0.515625 0.015625 814 0.546875 0.984375 789 0.515625 0.953125 
814 0.546875 0.984375 813 0.515625 0.984375 15 0.546875 0.015625 815 0.578125 0.984375 790 0.546875 0.953125 
817 0.703125 0.984375 816 0.671875 0.984375 18 0.703125 0.015625 818 0.734375 0.984375 792 0.703125 0.953125 
821 0.859375 0.984375 820 0.828125 0.984375 22 0.859375 0.015625 822 0.890625 0.984375 797 0.859375 0.953125 
822 0.890625 0.984375 821 0.859375 0.984375 23 0.890625 0.015625 823 0.921875 0.984375 798 0.890625 0.953125 
825 0.984375 0.984375 824 0.953125 0.984375 26 0.984375 0.015625 801 0.015625 0.984375 800 0.984375 0.953125 
