dx 0.040000
dy 0.040000
numResidualPts 625
numStatePts 625
0 0.020000 0.020000 24 0.980000 0.020000 25 0.020000 0.060000 1 0.060000 0.020000 600 0.020000 0.980000 
1 0.060000 0.020000 0 0.020000 0.020000 26 0.060000 0.060000 2 0.100000 0.020000 601 0.060000 0.980000 
2 0.100000 0.020000 1 0.060000 0.020000 27 0.100000 0.060000 3 0.140000 0.020000 602 0.100000 0.980000 
3 0.140000 0.020000 2 0.100000 0.020000 28 0.140000 0.060000 4 0.180000 0.020000 603 0.140000 0.980000 
4 0.180000 0.020000 3 0.140000 0.020000 29 0.180000 0.060000 5 0.220000 0.020000 604 0.180000 0.980000 
5 0.220000 0.020000 4 0.180000 0.020000 30 0.220000 0.060000 6 0.260000 0.020000 605 0.220000 0.980000 
6 0.260000 0.020000 5 0.220000 0.020000 31 0.260000 0.060000 7 0.300000 0.020000 606 0.260000 0.980000 
7 0.300000 0.020000 6 0.260000 0.020000 32 0.300000 0.060000 8 0.340000 0.020000 607 0.300000 0.980000 
8 0.340000 0.020000 7 0.300000 0.020000 33 0.340000 0.060000 9 0.380000 0.020000 608 0.340000 0.980000 
9 0.380000 0.020000 8 0.340000 0.020000 34 0.380000 0.060000 10 0.420000 0.020000 609 0.380000 0.980000 
10 0.420000 0.020000 9 0.380000 0.020000 35 0.420000 0.060000 11 0.460000 0.020000 610 0.420000 0.980000 
11 0.460000 0.020000 10 0.420000 0.020000 36 0.460000 0.060000 12 0.500000 0.020000 611 0.460000 0.980000 
12 0.500000 0.020000 11 0.460000 0.020000 37 0.500000 0.060000 13 0.540000 0.020000 612 0.500000 0.980000 
13 0.540000 0.020000 12 0.500000 0.020000 38 0.540000 0.060000 14 0.580000 0.020000 613 0.540000 0.980000 
14 0.580000 0.020000 13 0.540000 0.020000 39 0.580000 0.060000 15 0.620000 0.020000 614 0.580000 0.980000 
15 0.620000 0.020000 14 0.580000 0.020000 40 0.620000 0.060000 16 0.660000 0.020000 615 0.620000 0.980000 
16 0.660000 0.020000 15 0.620000 0.020000 41 0.660000 0.060000 17 0.700000 0.020000 616 0.660000 0.980000 
17 0.700000 0.020000 16 0.660000 0.020000 42 0.700000 0.060000 18 0.740000 0.020000 617 0.700000 0.980000 
18 0.740000 0.020000 17 0.700000 0.020000 43 0.740000 0.060000 19 0.780000 0.020000 618 0.740000 0.980000 
19 0.780000 0.020000 18 0.740000 0.020000 44 0.780000 0.060000 20 0.820000 0.020000 619 0.780000 0.980000 
20 0.820000 0.020000 19 0.780000 0.020000 45 0.820000 0.060000 21 0.860000 0.020000 620 0.820000 0.980000 
21 0.860000 0.020000 20 0.820000 0.020000 46 0.860000 0.060000 22 0.900000 0.020000 621 0.860000 0.980000 
22 0.900000 0.020000 21 0.860000 0.020000 47 0.900000 0.060000 23 0.940000 0.020000 622 0.900000 0.980000 
23 0.940000 0.020000 22 0.900000 0.020000 48 0.940000 0.060000 24 0.980000 0.020000 623 0.940000 0.980000 
24 0.980000 0.020000 23 0.940000 0.020000 49 0.980000 0.060000 0 0.020000 0.020000 624 0.980000 0.980000 
25 0.020000 0.060000 49 0.980000 0.060000 50 0.020000 0.100000 26 0.060000 0.060000 0 0.020000 0.020000 
26 0.060000 0.060000 25 0.020000 0.060000 51 0.060000 0.100000 27 0.100000 0.060000 1 0.060000 0.020000 
27 0.100000 0.060000 26 0.060000 0.060000 52 0.100000 0.100000 28 0.140000 0.060000 2 0.100000 0.020000 
28 0.140000 0.060000 27 0.100000 0.060000 53 0.140000 0.100000 29 0.180000 0.060000 3 0.140000 0.020000 
29 0.180000 0.060000 28 0.140000 0.060000 54 0.180000 0.100000 30 0.220000 0.060000 4 0.180000 0.020000 
30 0.220000 0.060000 29 0.180000 0.060000 55 0.220000 0.100000 31 0.260000 0.060000 5 0.220000 0.020000 
31 0.260000 0.060000 30 0.220000 0.060000 56 0.260000 0.100000 32 0.300000 0.060000 6 0.260000 0.020000 
32 0.300000 0.060000 31 0.260000 0.060000 57 0.300000 0.100000 33 0.340000 0.060000 7 0.300000 0.020000 
33 0.340000 0.060000 32 0.300000 0.060000 58 0.340000 0.100000 34 0.380000 0.060000 8 0.340000 0.020000 
34 0.380000 0.060000 33 0.340000 0.060000 59 0.380000 0.100000 35 0.420000 0.060000 9 0.380000 0.020000 
35 0.420000 0.060000 34 0.380000 0.060000 60 0.420000 0.100000 36 0.460000 0.060000 10 0.420000 0.020000 
36 0.460000 0.060000 35 0.420000 0.060000 61 0.460000 0.100000 37 0.500000 0.060000 11 0.460000 0.020000 
37 0.500000 0.060000 36 0.460000 0.060000 62 0.500000 0.100000 38 0.540000 0.060000 12 0.500000 0.020000 
38 0.540000 0.060000 37 0.500000 0.060000 63 0.540000 0.100000 39 0.580000 0.060000 13 0.540000 0.020000 
39 0.580000 0.060000 38 0.540000 0.060000 64 0.580000 0.100000 40 0.620000 0.060000 14 0.580000 0.020000 
40 0.620000 0.060000 39 0.580000 0.060000 65 0.620000 0.100000 41 0.660000 0.060000 15 0.620000 0.020000 
41 0.660000 0.060000 40 0.620000 0.060000 66 0.660000 0.100000 42 0.700000 0.060000 16 0.660000 0.020000 
42 0.700000 0.060000 41 0.660000 0.060000 67 0.700000 0.100000 43 0.740000 0.060000 17 0.700000 0.020000 
43 0.740000 0.060000 42 0.700000 0.060000 68 0.740000 0.100000 44 0.780000 0.060000 18 0.740000 0.020000 
44 0.780000 0.060000 43 0.740000 0.060000 69 0.780000 0.100000 45 0.820000 0.060000 19 0.780000 0.020000 
45 0.820000 0.060000 44 0.780000 0.060000 70 0.820000 0.100000 46 0.860000 0.060000 20 0.820000 0.020000 
46 0.860000 0.060000 45 0.820000 0.060000 71 0.860000 0.100000 47 0.900000 0.060000 21 0.860000 0.020000 
47 0.900000 0.060000 46 0.860000 0.060000 72 0.900000 0.100000 48 0.940000 0.060000 22 0.900000 0.020000 
48 0.940000 0.060000 47 0.900000 0.060000 73 0.940000 0.100000 49 0.980000 0.060000 23 0.940000 0.020000 
49 0.980000 0.060000 48 0.940000 0.060000 74 0.980000 0.100000 25 0.020000 0.060000 24 0.980000 0.020000 
50 0.020000 0.100000 74 0.980000 0.100000 75 0.020000 0.140000 51 0.060000 0.100000 25 0.020000 0.060000 
51 0.060000 0.100000 50 0.020000 0.100000 76 0.060000 0.140000 52 0.100000 0.100000 26 0.060000 0.060000 
52 0.100000 0.100000 51 0.060000 0.100000 77 0.100000 0.140000 53 0.140000 0.100000 27 0.100000 0.060000 
53 0.140000 0.100000 52 0.100000 0.100000 78 0.140000 0.140000 54 0.180000 0.100000 28 0.140000 0.060000 
54 0.180000 0.100000 53 0.140000 0.100000 79 0.180000 0.140000 55 0.220000 0.100000 29 0.180000 0.060000 
55 0.220000 0.100000 54 0.180000 0.100000 80 0.220000 0.140000 56 0.260000 0.100000 30 0.220000 0.060000 
56 0.260000 0.100000 55 0.220000 0.100000 81 0.260000 0.140000 57 0.300000 0.100000 31 0.260000 0.060000 
57 0.300000 0.100000 56 0.260000 0.100000 82 0.300000 0.140000 58 0.340000 0.100000 32 0.300000 0.060000 
58 0.340000 0.100000 57 0.300000 0.100000 83 0.340000 0.140000 59 0.380000 0.100000 33 0.340000 0.060000 
59 0.380000 0.100000 58 0.340000 0.100000 84 0.380000 0.140000 60 0.420000 0.100000 34 0.380000 0.060000 
60 0.420000 0.100000 59 0.380000 0.100000 85 0.420000 0.140000 61 0.460000 0.100000 35 0.420000 0.060000 
61 0.460000 0.100000 60 0.420000 0.100000 86 0.460000 0.140000 62 0.500000 0.100000 36 0.460000 0.060000 
62 0.500000 0.100000 61 0.460000 0.100000 87 0.500000 0.140000 63 0.540000 0.100000 37 0.500000 0.060000 
63 0.540000 0.100000 62 0.500000 0.100000 88 0.540000 0.140000 64 0.580000 0.100000 38 0.540000 0.060000 
64 0.580000 0.100000 63 0.540000 0.100000 89 0.580000 0.140000 65 0.620000 0.100000 39 0.580000 0.060000 
65 0.620000 0.100000 64 0.580000 0.100000 90 0.620000 0.140000 66 0.660000 0.100000 40 0.620000 0.060000 
66 0.660000 0.100000 65 0.620000 0.100000 91 0.660000 0.140000 67 0.700000 0.100000 41 0.660000 0.060000 
67 0.700000 0.100000 66 0.660000 0.100000 92 0.700000 0.140000 68 0.740000 0.100000 42 0.700000 0.060000 
68 0.740000 0.100000 67 0.700000 0.100000 93 0.740000 0.140000 69 0.780000 0.100000 43 0.740000 0.060000 
69 0.780000 0.100000 68 0.740000 0.100000 94 0.780000 0.140000 70 0.820000 0.100000 44 0.780000 0.060000 
70 0.820000 0.100000 69 0.780000 0.100000 95 0.820000 0.140000 71 0.860000 0.100000 45 0.820000 0.060000 
71 0.860000 0.100000 70 0.820000 0.100000 96 0.860000 0.140000 72 0.900000 0.100000 46 0.860000 0.060000 
72 0.900000 0.100000 71 0.860000 0.100000 97 0.900000 0.140000 73 0.940000 0.100000 47 0.900000 0.060000 
73 0.940000 0.100000 72 0.900000 0.100000 98 0.940000 0.140000 74 0.980000 0.100000 48 0.940000 0.060000 
74 0.980000 0.100000 73 0.940000 0.100000 99 0.980000 0.140000 50 0.020000 0.100000 49 0.980000 0.060000 
75 0.020000 0.140000 99 0.980000 0.140000 100 0.020000 0.180000 76 0.060000 0.140000 50 0.020000 0.100000 
76 0.060000 0.140000 75 0.020000 0.140000 101 0.060000 0.180000 77 0.100000 0.140000 51 0.060000 0.100000 
77 0.100000 0.140000 76 0.060000 0.140000 102 0.100000 0.180000 78 0.140000 0.140000 52 0.100000 0.100000 
78 0.140000 0.140000 77 0.100000 0.140000 103 0.140000 0.180000 79 0.180000 0.140000 53 0.140000 0.100000 
79 0.180000 0.140000 78 0.140000 0.140000 104 0.180000 0.180000 80 0.220000 0.140000 54 0.180000 0.100000 
80 0.220000 0.140000 79 0.180000 0.140000 105 0.220000 0.180000 81 0.260000 0.140000 55 0.220000 0.100000 
81 0.260000 0.140000 80 0.220000 0.140000 106 0.260000 0.180000 82 0.300000 0.140000 56 0.260000 0.100000 
82 0.300000 0.140000 81 0.260000 0.140000 107 0.300000 0.180000 83 0.340000 0.140000 57 0.300000 0.100000 
83 0.340000 0.140000 82 0.300000 0.140000 108 0.340000 0.180000 84 0.380000 0.140000 58 0.340000 0.100000 
84 0.380000 0.140000 83 0.340000 0.140000 109 0.380000 0.180000 85 0.420000 0.140000 59 0.380000 0.100000 
85 0.420000 0.140000 84 0.380000 0.140000 110 0.420000 0.180000 86 0.460000 0.140000 60 0.420000 0.100000 
86 0.460000 0.140000 85 0.420000 0.140000 111 0.460000 0.180000 87 0.500000 0.140000 61 0.460000 0.100000 
87 0.500000 0.140000 86 0.460000 0.140000 112 0.500000 0.180000 88 0.540000 0.140000 62 0.500000 0.100000 
88 0.540000 0.140000 87 0.500000 0.140000 113 0.540000 0.180000 89 0.580000 0.140000 63 0.540000 0.100000 
89 0.580000 0.140000 88 0.540000 0.140000 114 0.580000 0.180000 90 0.620000 0.140000 64 0.580000 0.100000 
90 0.620000 0.140000 89 0.580000 0.140000 115 0.620000 0.180000 91 0.660000 0.140000 65 0.620000 0.100000 
91 0.660000 0.140000 90 0.620000 0.140000 116 0.660000 0.180000 92 0.700000 0.140000 66 0.660000 0.100000 
92 0.700000 0.140000 91 0.660000 0.140000 117 0.700000 0.180000 93 0.740000 0.140000 67 0.700000 0.100000 
93 0.740000 0.140000 92 0.700000 0.140000 118 0.740000 0.180000 94 0.780000 0.140000 68 0.740000 0.100000 
94 0.780000 0.140000 93 0.740000 0.140000 119 0.780000 0.180000 95 0.820000 0.140000 69 0.780000 0.100000 
95 0.820000 0.140000 94 0.780000 0.140000 120 0.820000 0.180000 96 0.860000 0.140000 70 0.820000 0.100000 
96 0.860000 0.140000 95 0.820000 0.140000 121 0.860000 0.180000 97 0.900000 0.140000 71 0.860000 0.100000 
97 0.900000 0.140000 96 0.860000 0.140000 122 0.900000 0.180000 98 0.940000 0.140000 72 0.900000 0.100000 
98 0.940000 0.140000 97 0.900000 0.140000 123 0.940000 0.180000 99 0.980000 0.140000 73 0.940000 0.100000 
99 0.980000 0.140000 98 0.940000 0.140000 124 0.980000 0.180000 75 0.020000 0.140000 74 0.980000 0.100000 
100 0.020000 0.180000 124 0.980000 0.180000 125 0.020000 0.220000 101 0.060000 0.180000 75 0.020000 0.140000 
101 0.060000 0.180000 100 0.020000 0.180000 126 0.060000 0.220000 102 0.100000 0.180000 76 0.060000 0.140000 
102 0.100000 0.180000 101 0.060000 0.180000 127 0.100000 0.220000 103 0.140000 0.180000 77 0.100000 0.140000 
103 0.140000 0.180000 102 0.100000 0.180000 128 0.140000 0.220000 104 0.180000 0.180000 78 0.140000 0.140000 
104 0.180000 0.180000 103 0.140000 0.180000 129 0.180000 0.220000 105 0.220000 0.180000 79 0.180000 0.140000 
105 0.220000 0.180000 104 0.180000 0.180000 130 0.220000 0.220000 106 0.260000 0.180000 80 0.220000 0.140000 
106 0.260000 0.180000 105 0.220000 0.180000 131 0.260000 0.220000 107 0.300000 0.180000 81 0.260000 0.140000 
107 0.300000 0.180000 106 0.260000 0.180000 132 0.300000 0.220000 108 0.340000 0.180000 82 0.300000 0.140000 
108 0.340000 0.180000 107 0.300000 0.180000 133 0.340000 0.220000 109 0.380000 0.180000 83 0.340000 0.140000 
109 0.380000 0.180000 108 0.340000 0.180000 134 0.380000 0.220000 110 0.420000 0.180000 84 0.380000 0.140000 
110 0.420000 0.180000 109 0.380000 0.180000 135 0.420000 0.220000 111 0.460000 0.180000 85 0.420000 0.140000 
111 0.460000 0.180000 110 0.420000 0.180000 136 0.460000 0.220000 112 0.500000 0.180000 86 0.460000 0.140000 
112 0.500000 0.180000 111 0.460000 0.180000 137 0.500000 0.220000 113 0.540000 0.180000 87 0.500000 0.140000 
113 0.540000 0.180000 112 0.500000 0.180000 138 0.540000 0.220000 114 0.580000 0.180000 88 0.540000 0.140000 
114 0.580000 0.180000 113 0.540000 0.180000 139 0.580000 0.220000 115 0.620000 0.180000 89 0.580000 0.140000 
115 0.620000 0.180000 114 0.580000 0.180000 140 0.620000 0.220000 116 0.660000 0.180000 90 0.620000 0.140000 
116 0.660000 0.180000 115 0.620000 0.180000 141 0.660000 0.220000 117 0.700000 0.180000 91 0.660000 0.140000 
117 0.700000 0.180000 116 0.660000 0.180000 142 0.700000 0.220000 118 0.740000 0.180000 92 0.700000 0.140000 
118 0.740000 0.180000 117 0.700000 0.180000 143 0.740000 0.220000 119 0.780000 0.180000 93 0.740000 0.140000 
119 0.780000 0.180000 118 0.740000 0.180000 144 0.780000 0.220000 120 0.820000 0.180000 94 0.780000 0.140000 
120 0.820000 0.180000 119 0.780000 0.180000 145 0.820000 0.220000 121 0.860000 0.180000 95 0.820000 0.140000 
121 0.860000 0.180000 120 0.820000 0.180000 146 0.860000 0.220000 122 0.900000 0.180000 96 0.860000 0.140000 
122 0.900000 0.180000 121 0.860000 0.180000 147 0.900000 0.220000 123 0.940000 0.180000 97 0.900000 0.140000 
123 0.940000 0.180000 122 0.900000 0.180000 148 0.940000 0.220000 124 0.980000 0.180000 98 0.940000 0.140000 
124 0.980000 0.180000 123 0.940000 0.180000 149 0.980000 0.220000 100 0.020000 0.180000 99 0.980000 0.140000 
125 0.020000 0.220000 149 0.980000 0.220000 150 0.020000 0.260000 126 0.060000 0.220000 100 0.020000 0.180000 
126 0.060000 0.220000 125 0.020000 0.220000 151 0.060000 0.260000 127 0.100000 0.220000 101 0.060000 0.180000 
127 0.100000 0.220000 126 0.060000 0.220000 152 0.100000 0.260000 128 0.140000 0.220000 102 0.100000 0.180000 
128 0.140000 0.220000 127 0.100000 0.220000 153 0.140000 0.260000 129 0.180000 0.220000 103 0.140000 0.180000 
129 0.180000 0.220000 128 0.140000 0.220000 154 0.180000 0.260000 130 0.220000 0.220000 104 0.180000 0.180000 
130 0.220000 0.220000 129 0.180000 0.220000 155 0.220000 0.260000 131 0.260000 0.220000 105 0.220000 0.180000 
131 0.260000 0.220000 130 0.220000 0.220000 156 0.260000 0.260000 132 0.300000 0.220000 106 0.260000 0.180000 
132 0.300000 0.220000 131 0.260000 0.220000 157 0.300000 0.260000 133 0.340000 0.220000 107 0.300000 0.180000 
133 0.340000 0.220000 132 0.300000 0.220000 158 0.340000 0.260000 134 0.380000 0.220000 108 0.340000 0.180000 
134 0.380000 0.220000 133 0.340000 0.220000 159 0.380000 0.260000 135 0.420000 0.220000 109 0.380000 0.180000 
135 0.420000 0.220000 134 0.380000 0.220000 160 0.420000 0.260000 136 0.460000 0.220000 110 0.420000 0.180000 
136 0.460000 0.220000 135 0.420000 0.220000 161 0.460000 0.260000 137 0.500000 0.220000 111 0.460000 0.180000 
137 0.500000 0.220000 136 0.460000 0.220000 162 0.500000 0.260000 138 0.540000 0.220000 112 0.500000 0.180000 
138 0.540000 0.220000 137 0.500000 0.220000 163 0.540000 0.260000 139 0.580000 0.220000 113 0.540000 0.180000 
139 0.580000 0.220000 138 0.540000 0.220000 164 0.580000 0.260000 140 0.620000 0.220000 114 0.580000 0.180000 
140 0.620000 0.220000 139 0.580000 0.220000 165 0.620000 0.260000 141 0.660000 0.220000 115 0.620000 0.180000 
141 0.660000 0.220000 140 0.620000 0.220000 166 0.660000 0.260000 142 0.700000 0.220000 116 0.660000 0.180000 
142 0.700000 0.220000 141 0.660000 0.220000 167 0.700000 0.260000 143 0.740000 0.220000 117 0.700000 0.180000 
143 0.740000 0.220000 142 0.700000 0.220000 168 0.740000 0.260000 144 0.780000 0.220000 118 0.740000 0.180000 
144 0.780000 0.220000 143 0.740000 0.220000 169 0.780000 0.260000 145 0.820000 0.220000 119 0.780000 0.180000 
145 0.820000 0.220000 144 0.780000 0.220000 170 0.820000 0.260000 146 0.860000 0.220000 120 0.820000 0.180000 
146 0.860000 0.220000 145 0.820000 0.220000 171 0.860000 0.260000 147 0.900000 0.220000 121 0.860000 0.180000 
147 0.900000 0.220000 146 0.860000 0.220000 172 0.900000 0.260000 148 0.940000 0.220000 122 0.900000 0.180000 
148 0.940000 0.220000 147 0.900000 0.220000 173 0.940000 0.260000 149 0.980000 0.220000 123 0.940000 0.180000 
149 0.980000 0.220000 148 0.940000 0.220000 174 0.980000 0.260000 125 0.020000 0.220000 124 0.980000 0.180000 
150 0.020000 0.260000 174 0.980000 0.260000 175 0.020000 0.300000 151 0.060000 0.260000 125 0.020000 0.220000 
151 0.060000 0.260000 150 0.020000 0.260000 176 0.060000 0.300000 152 0.100000 0.260000 126 0.060000 0.220000 
152 0.100000 0.260000 151 0.060000 0.260000 177 0.100000 0.300000 153 0.140000 0.260000 127 0.100000 0.220000 
153 0.140000 0.260000 152 0.100000 0.260000 178 0.140000 0.300000 154 0.180000 0.260000 128 0.140000 0.220000 
154 0.180000 0.260000 153 0.140000 0.260000 179 0.180000 0.300000 155 0.220000 0.260000 129 0.180000 0.220000 
155 0.220000 0.260000 154 0.180000 0.260000 180 0.220000 0.300000 156 0.260000 0.260000 130 0.220000 0.220000 
156 0.260000 0.260000 155 0.220000 0.260000 181 0.260000 0.300000 157 0.300000 0.260000 131 0.260000 0.220000 
157 0.300000 0.260000 156 0.260000 0.260000 182 0.300000 0.300000 158 0.340000 0.260000 132 0.300000 0.220000 
158 0.340000 0.260000 157 0.300000 0.260000 183 0.340000 0.300000 159 0.380000 0.260000 133 0.340000 0.220000 
159 0.380000 0.260000 158 0.340000 0.260000 184 0.380000 0.300000 160 0.420000 0.260000 134 0.380000 0.220000 
160 0.420000 0.260000 159 0.380000 0.260000 185 0.420000 0.300000 161 0.460000 0.260000 135 0.420000 0.220000 
161 0.460000 0.260000 160 0.420000 0.260000 186 0.460000 0.300000 162 0.500000 0.260000 136 0.460000 0.220000 
162 0.500000 0.260000 161 0.460000 0.260000 187 0.500000 0.300000 163 0.540000 0.260000 137 0.500000 0.220000 
163 0.540000 0.260000 162 0.500000 0.260000 188 0.540000 0.300000 164 0.580000 0.260000 138 0.540000 0.220000 
164 0.580000 0.260000 163 0.540000 0.260000 189 0.580000 0.300000 165 0.620000 0.260000 139 0.580000 0.220000 
165 0.620000 0.260000 164 0.580000 0.260000 190 0.620000 0.300000 166 0.660000 0.260000 140 0.620000 0.220000 
166 0.660000 0.260000 165 0.620000 0.260000 191 0.660000 0.300000 167 0.700000 0.260000 141 0.660000 0.220000 
167 0.700000 0.260000 166 0.660000 0.260000 192 0.700000 0.300000 168 0.740000 0.260000 142 0.700000 0.220000 
168 0.740000 0.260000 167 0.700000 0.260000 193 0.740000 0.300000 169 0.780000 0.260000 143 0.740000 0.220000 
169 0.780000 0.260000 168 0.740000 0.260000 194 0.780000 0.300000 170 0.820000 0.260000 144 0.780000 0.220000 
170 0.820000 0.260000 169 0.780000 0.260000 195 0.820000 0.300000 171 0.860000 0.260000 145 0.820000 0.220000 
171 0.860000 0.260000 170 0.820000 0.260000 196 0.860000 0.300000 172 0.900000 0.260000 146 0.860000 0.220000 
172 0.900000 0.260000 171 0.860000 0.260000 197 0.900000 0.300000 173 0.940000 0.260000 147 0.900000 0.220000 
173 0.940000 0.260000 172 0.900000 0.260000 198 0.940000 0.300000 174 0.980000 0.260000 148 0.940000 0.220000 
174 0.980000 0.260000 173 0.940000 0.260000 199 0.980000 0.300000 150 0.020000 0.260000 149 0.980000 0.220000 
175 0.020000 0.300000 199 0.980000 0.300000 200 0.020000 0.340000 176 0.060000 0.300000 150 0.020000 0.260000 
176 0.060000 0.300000 175 0.020000 0.300000 201 0.060000 0.340000 177 0.100000 0.300000 151 0.060000 0.260000 
177 0.100000 0.300000 176 0.060000 0.300000 202 0.100000 0.340000 178 0.140000 0.300000 152 0.100000 0.260000 
178 0.140000 0.300000 177 0.100000 0.300000 203 0.140000 0.340000 179 0.180000 0.300000 153 0.140000 0.260000 
179 0.180000 0.300000 178 0.140000 0.300000 204 0.180000 0.340000 180 0.220000 0.300000 154 0.180000 0.260000 
180 0.220000 0.300000 179 0.180000 0.300000 205 0.220000 0.340000 181 0.260000 0.300000 155 0.220000 0.260000 
181 0.260000 0.300000 180 0.220000 0.300000 206 0.260000 0.340000 182 0.300000 0.300000 156 0.260000 0.260000 
182 0.300000 0.300000 181 0.260000 0.300000 207 0.300000 0.340000 183 0.340000 0.300000 157 0.300000 0.260000 
183 0.340000 0.300000 182 0.300000 0.300000 208 0.340000 0.340000 184 0.380000 0.300000 158 0.340000 0.260000 
184 0.380000 0.300000 183 0.340000 0.300000 209 0.380000 0.340000 185 0.420000 0.300000 159 0.380000 0.260000 
185 0.420000 0.300000 184 0.380000 0.300000 210 0.420000 0.340000 186 0.460000 0.300000 160 0.420000 0.260000 
186 0.460000 0.300000 185 0.420000 0.300000 211 0.460000 0.340000 187 0.500000 0.300000 161 0.460000 0.260000 
187 0.500000 0.300000 186 0.460000 0.300000 212 0.500000 0.340000 188 0.540000 0.300000 162 0.500000 0.260000 
188 0.540000 0.300000 187 0.500000 0.300000 213 0.540000 0.340000 189 0.580000 0.300000 163 0.540000 0.260000 
189 0.580000 0.300000 188 0.540000 0.300000 214 0.580000 0.340000 190 0.620000 0.300000 164 0.580000 0.260000 
190 0.620000 0.300000 189 0.580000 0.300000 215 0.620000 0.340000 191 0.660000 0.300000 165 0.620000 0.260000 
191 0.660000 0.300000 190 0.620000 0.300000 216 0.660000 0.340000 192 0.700000 0.300000 166 0.660000 0.260000 
192 0.700000 0.300000 191 0.660000 0.300000 217 0.700000 0.340000 193 0.740000 0.300000 167 0.700000 0.260000 
193 0.740000 0.300000 192 0.700000 0.300000 218 0.740000 0.340000 194 0.780000 0.300000 168 0.740000 0.260000 
194 0.780000 0.300000 193 0.740000 0.300000 219 0.780000 0.340000 195 0.820000 0.300000 169 0.780000 0.260000 
195 0.820000 0.300000 194 0.780000 0.300000 220 0.820000 0.340000 196 0.860000 0.300000 170 0.820000 0.260000 
196 0.860000 0.300000 195 0.820000 0.300000 221 0.860000 0.340000 197 0.900000 0.300000 171 0.860000 0.260000 
197 0.900000 0.300000 196 0.860000 0.300000 222 0.900000 0.340000 198 0.940000 0.300000 172 0.900000 0.260000 
198 0.940000 0.300000 197 0.900000 0.300000 223 0.940000 0.340000 199 0.980000 0.300000 173 0.940000 0.260000 
199 0.980000 0.300000 198 0.940000 0.300000 224 0.980000 0.340000 175 0.020000 0.300000 174 0.980000 0.260000 
200 0.020000 0.340000 224 0.980000 0.340000 225 0.020000 0.380000 201 0.060000 0.340000 175 0.020000 0.300000 
201 0.060000 0.340000 200 0.020000 0.340000 226 0.060000 0.380000 202 0.100000 0.340000 176 0.060000 0.300000 
202 0.100000 0.340000 201 0.060000 0.340000 227 0.100000 0.380000 203 0.140000 0.340000 177 0.100000 0.300000 
203 0.140000 0.340000 202 0.100000 0.340000 228 0.140000 0.380000 204 0.180000 0.340000 178 0.140000 0.300000 
204 0.180000 0.340000 203 0.140000 0.340000 229 0.180000 0.380000 205 0.220000 0.340000 179 0.180000 0.300000 
205 0.220000 0.340000 204 0.180000 0.340000 230 0.220000 0.380000 206 0.260000 0.340000 180 0.220000 0.300000 
206 0.260000 0.340000 205 0.220000 0.340000 231 0.260000 0.380000 207 0.300000 0.340000 181 0.260000 0.300000 
207 0.300000 0.340000 206 0.260000 0.340000 232 0.300000 0.380000 208 0.340000 0.340000 182 0.300000 0.300000 
208 0.340000 0.340000 207 0.300000 0.340000 233 0.340000 0.380000 209 0.380000 0.340000 183 0.340000 0.300000 
209 0.380000 0.340000 208 0.340000 0.340000 234 0.380000 0.380000 210 0.420000 0.340000 184 0.380000 0.300000 
210 0.420000 0.340000 209 0.380000 0.340000 235 0.420000 0.380000 211 0.460000 0.340000 185 0.420000 0.300000 
211 0.460000 0.340000 210 0.420000 0.340000 236 0.460000 0.380000 212 0.500000 0.340000 186 0.460000 0.300000 
212 0.500000 0.340000 211 0.460000 0.340000 237 0.500000 0.380000 213 0.540000 0.340000 187 0.500000 0.300000 
213 0.540000 0.340000 212 0.500000 0.340000 238 0.540000 0.380000 214 0.580000 0.340000 188 0.540000 0.300000 
214 0.580000 0.340000 213 0.540000 0.340000 239 0.580000 0.380000 215 0.620000 0.340000 189 0.580000 0.300000 
215 0.620000 0.340000 214 0.580000 0.340000 240 0.620000 0.380000 216 0.660000 0.340000 190 0.620000 0.300000 
216 0.660000 0.340000 215 0.620000 0.340000 241 0.660000 0.380000 217 0.700000 0.340000 191 0.660000 0.300000 
217 0.700000 0.340000 216 0.660000 0.340000 242 0.700000 0.380000 218 0.740000 0.340000 192 0.700000 0.300000 
218 0.740000 0.340000 217 0.700000 0.340000 243 0.740000 0.380000 219 0.780000 0.340000 193 0.740000 0.300000 
219 0.780000 0.340000 218 0.740000 0.340000 244 0.780000 0.380000 220 0.820000 0.340000 194 0.780000 0.300000 
220 0.820000 0.340000 219 0.780000 0.340000 245 0.820000 0.380000 221 0.860000 0.340000 195 0.820000 0.300000 
221 0.860000 0.340000 220 0.820000 0.340000 246 0.860000 0.380000 222 0.900000 0.340000 196 0.860000 0.300000 
222 0.900000 0.340000 221 0.860000 0.340000 247 0.900000 0.380000 223 0.940000 0.340000 197 0.900000 0.300000 
223 0.940000 0.340000 222 0.900000 0.340000 248 0.940000 0.380000 224 0.980000 0.340000 198 0.940000 0.300000 
224 0.980000 0.340000 223 0.940000 0.340000 249 0.980000 0.380000 200 0.020000 0.340000 199 0.980000 0.300000 
225 0.020000 0.380000 249 0.980000 0.380000 250 0.020000 0.420000 226 0.060000 0.380000 200 0.020000 0.340000 
226 0.060000 0.380000 225 0.020000 0.380000 251 0.060000 0.420000 227 0.100000 0.380000 201 0.060000 0.340000 
227 0.100000 0.380000 226 0.060000 0.380000 252 0.100000 0.420000 228 0.140000 0.380000 202 0.100000 0.340000 
228 0.140000 0.380000 227 0.100000 0.380000 253 0.140000 0.420000 229 0.180000 0.380000 203 0.140000 0.340000 
229 0.180000 0.380000 228 0.140000 0.380000 254 0.180000 0.420000 230 0.220000 0.380000 204 0.180000 0.340000 
230 0.220000 0.380000 229 0.180000 0.380000 255 0.220000 0.420000 231 0.260000 0.380000 205 0.220000 0.340000 
231 0.260000 0.380000 230 0.220000 0.380000 256 0.260000 0.420000 232 0.300000 0.380000 206 0.260000 0.340000 
232 0.300000 0.380000 231 0.260000 0.380000 257 0.300000 0.420000 233 0.340000 0.380000 207 0.300000 0.340000 
233 0.340000 0.380000 232 0.300000 0.380000 258 0.340000 0.420000 234 0.380000 0.380000 208 0.340000 0.340000 
234 0.380000 0.380000 233 0.340000 0.380000 259 0.380000 0.420000 235 0.420000 0.380000 209 0.380000 0.340000 
235 0.420000 0.380000 234 0.380000 0.380000 260 0.420000 0.420000 236 0.460000 0.380000 210 0.420000 0.340000 
236 0.460000 0.380000 235 0.420000 0.380000 261 0.460000 0.420000 237 0.500000 0.380000 211 0.460000 0.340000 
237 0.500000 0.380000 236 0.460000 0.380000 262 0.500000 0.420000 238 0.540000 0.380000 212 0.500000 0.340000 
238 0.540000 0.380000 237 0.500000 0.380000 263 0.540000 0.420000 239 0.580000 0.380000 213 0.540000 0.340000 
239 0.580000 0.380000 238 0.540000 0.380000 264 0.580000 0.420000 240 0.620000 0.380000 214 0.580000 0.340000 
240 0.620000 0.380000 239 0.580000 0.380000 265 0.620000 0.420000 241 0.660000 0.380000 215 0.620000 0.340000 
241 0.660000 0.380000 240 0.620000 0.380000 266 0.660000 0.420000 242 0.700000 0.380000 216 0.660000 0.340000 
242 0.700000 0.380000 241 0.660000 0.380000 267 0.700000 0.420000 243 0.740000 0.380000 217 0.700000 0.340000 
243 0.740000 0.380000 242 0.700000 0.380000 268 0.740000 0.420000 244 0.780000 0.380000 218 0.740000 0.340000 
244 0.780000 0.380000 243 0.740000 0.380000 269 0.780000 0.420000 245 0.820000 0.380000 219 0.780000 0.340000 
245 0.820000 0.380000 244 0.780000 0.380000 270 0.820000 0.420000 246 0.860000 0.380000 220 0.820000 0.340000 
246 0.860000 0.380000 245 0.820000 0.380000 271 0.860000 0.420000 247 0.900000 0.380000 221 0.860000 0.340000 
247 0.900000 0.380000 246 0.860000 0.380000 272 0.900000 0.420000 248 0.940000 0.380000 222 0.900000 0.340000 
248 0.940000 0.380000 247 0.900000 0.380000 273 0.940000 0.420000 249 0.980000 0.380000 223 0.940000 0.340000 
249 0.980000 0.380000 248 0.940000 0.380000 274 0.980000 0.420000 225 0.020000 0.380000 224 0.980000 0.340000 
250 0.020000 0.420000 274 0.980000 0.420000 275 0.020000 0.460000 251 0.060000 0.420000 225 0.020000 0.380000 
251 0.060000 0.420000 250 0.020000 0.420000 276 0.060000 0.460000 252 0.100000 0.420000 226 0.060000 0.380000 
252 0.100000 0.420000 251 0.060000 0.420000 277 0.100000 0.460000 253 0.140000 0.420000 227 0.100000 0.380000 
253 0.140000 0.420000 252 0.100000 0.420000 278 0.140000 0.460000 254 0.180000 0.420000 228 0.140000 0.380000 
254 0.180000 0.420000 253 0.140000 0.420000 279 0.180000 0.460000 255 0.220000 0.420000 229 0.180000 0.380000 
255 0.220000 0.420000 254 0.180000 0.420000 280 0.220000 0.460000 256 0.260000 0.420000 230 0.220000 0.380000 
256 0.260000 0.420000 255 0.220000 0.420000 281 0.260000 0.460000 257 0.300000 0.420000 231 0.260000 0.380000 
257 0.300000 0.420000 256 0.260000 0.420000 282 0.300000 0.460000 258 0.340000 0.420000 232 0.300000 0.380000 
258 0.340000 0.420000 257 0.300000 0.420000 283 0.340000 0.460000 259 0.380000 0.420000 233 0.340000 0.380000 
259 0.380000 0.420000 258 0.340000 0.420000 284 0.380000 0.460000 260 0.420000 0.420000 234 0.380000 0.380000 
260 0.420000 0.420000 259 0.380000 0.420000 285 0.420000 0.460000 261 0.460000 0.420000 235 0.420000 0.380000 
261 0.460000 0.420000 260 0.420000 0.420000 286 0.460000 0.460000 262 0.500000 0.420000 236 0.460000 0.380000 
262 0.500000 0.420000 261 0.460000 0.420000 287 0.500000 0.460000 263 0.540000 0.420000 237 0.500000 0.380000 
263 0.540000 0.420000 262 0.500000 0.420000 288 0.540000 0.460000 264 0.580000 0.420000 238 0.540000 0.380000 
264 0.580000 0.420000 263 0.540000 0.420000 289 0.580000 0.460000 265 0.620000 0.420000 239 0.580000 0.380000 
265 0.620000 0.420000 264 0.580000 0.420000 290 0.620000 0.460000 266 0.660000 0.420000 240 0.620000 0.380000 
266 0.660000 0.420000 265 0.620000 0.420000 291 0.660000 0.460000 267 0.700000 0.420000 241 0.660000 0.380000 
267 0.700000 0.420000 266 0.660000 0.420000 292 0.700000 0.460000 268 0.740000 0.420000 242 0.700000 0.380000 
268 0.740000 0.420000 267 0.700000 0.420000 293 0.740000 0.460000 269 0.780000 0.420000 243 0.740000 0.380000 
269 0.780000 0.420000 268 0.740000 0.420000 294 0.780000 0.460000 270 0.820000 0.420000 244 0.780000 0.380000 
270 0.820000 0.420000 269 0.780000 0.420000 295 0.820000 0.460000 271 0.860000 0.420000 245 0.820000 0.380000 
271 0.860000 0.420000 270 0.820000 0.420000 296 0.860000 0.460000 272 0.900000 0.420000 246 0.860000 0.380000 
272 0.900000 0.420000 271 0.860000 0.420000 297 0.900000 0.460000 273 0.940000 0.420000 247 0.900000 0.380000 
273 0.940000 0.420000 272 0.900000 0.420000 298 0.940000 0.460000 274 0.980000 0.420000 248 0.940000 0.380000 
274 0.980000 0.420000 273 0.940000 0.420000 299 0.980000 0.460000 250 0.020000 0.420000 249 0.980000 0.380000 
275 0.020000 0.460000 299 0.980000 0.460000 300 0.020000 0.500000 276 0.060000 0.460000 250 0.020000 0.420000 
276 0.060000 0.460000 275 0.020000 0.460000 301 0.060000 0.500000 277 0.100000 0.460000 251 0.060000 0.420000 
277 0.100000 0.460000 276 0.060000 0.460000 302 0.100000 0.500000 278 0.140000 0.460000 252 0.100000 0.420000 
278 0.140000 0.460000 277 0.100000 0.460000 303 0.140000 0.500000 279 0.180000 0.460000 253 0.140000 0.420000 
279 0.180000 0.460000 278 0.140000 0.460000 304 0.180000 0.500000 280 0.220000 0.460000 254 0.180000 0.420000 
280 0.220000 0.460000 279 0.180000 0.460000 305 0.220000 0.500000 281 0.260000 0.460000 255 0.220000 0.420000 
281 0.260000 0.460000 280 0.220000 0.460000 306 0.260000 0.500000 282 0.300000 0.460000 256 0.260000 0.420000 
282 0.300000 0.460000 281 0.260000 0.460000 307 0.300000 0.500000 283 0.340000 0.460000 257 0.300000 0.420000 
283 0.340000 0.460000 282 0.300000 0.460000 308 0.340000 0.500000 284 0.380000 0.460000 258 0.340000 0.420000 
284 0.380000 0.460000 283 0.340000 0.460000 309 0.380000 0.500000 285 0.420000 0.460000 259 0.380000 0.420000 
285 0.420000 0.460000 284 0.380000 0.460000 310 0.420000 0.500000 286 0.460000 0.460000 260 0.420000 0.420000 
286 0.460000 0.460000 285 0.420000 0.460000 311 0.460000 0.500000 287 0.500000 0.460000 261 0.460000 0.420000 
287 0.500000 0.460000 286 0.460000 0.460000 312 0.500000 0.500000 288 0.540000 0.460000 262 0.500000 0.420000 
288 0.540000 0.460000 287 0.500000 0.460000 313 0.540000 0.500000 289 0.580000 0.460000 263 0.540000 0.420000 
289 0.580000 0.460000 288 0.540000 0.460000 314 0.580000 0.500000 290 0.620000 0.460000 264 0.580000 0.420000 
290 0.620000 0.460000 289 0.580000 0.460000 315 0.620000 0.500000 291 0.660000 0.460000 265 0.620000 0.420000 
291 0.660000 0.460000 290 0.620000 0.460000 316 0.660000 0.500000 292 0.700000 0.460000 266 0.660000 0.420000 
292 0.700000 0.460000 291 0.660000 0.460000 317 0.700000 0.500000 293 0.740000 0.460000 267 0.700000 0.420000 
293 0.740000 0.460000 292 0.700000 0.460000 318 0.740000 0.500000 294 0.780000 0.460000 268 0.740000 0.420000 
294 0.780000 0.460000 293 0.740000 0.460000 319 0.780000 0.500000 295 0.820000 0.460000 269 0.780000 0.420000 
295 0.820000 0.460000 294 0.780000 0.460000 320 0.820000 0.500000 296 0.860000 0.460000 270 0.820000 0.420000 
296 0.860000 0.460000 295 0.820000 0.460000 321 0.860000 0.500000 297 0.900000 0.460000 271 0.860000 0.420000 
297 0.900000 0.460000 296 0.860000 0.460000 322 0.900000 0.500000 298 0.940000 0.460000 272 0.900000 0.420000 
298 0.940000 0.460000 297 0.900000 0.460000 323 0.940000 0.500000 299 0.980000 0.460000 273 0.940000 0.420000 
299 0.980000 0.460000 298 0.940000 0.460000 324 0.980000 0.500000 275 0.020000 0.460000 274 0.980000 0.420000 
300 0.020000 0.500000 324 0.980000 0.500000 325 0.020000 0.540000 301 0.060000 0.500000 275 0.020000 0.460000 
301 0.060000 0.500000 300 0.020000 0.500000 326 0.060000 0.540000 302 0.100000 0.500000 276 0.060000 0.460000 
302 0.100000 0.500000 301 0.060000 0.500000 327 0.100000 0.540000 303 0.140000 0.500000 277 0.100000 0.460000 
303 0.140000 0.500000 302 0.100000 0.500000 328 0.140000 0.540000 304 0.180000 0.500000 278 0.140000 0.460000 
304 0.180000 0.500000 303 0.140000 0.500000 329 0.180000 0.540000 305 0.220000 0.500000 279 0.180000 0.460000 
305 0.220000 0.500000 304 0.180000 0.500000 330 0.220000 0.540000 306 0.260000 0.500000 280 0.220000 0.460000 
306 0.260000 0.500000 305 0.220000 0.500000 331 0.260000 0.540000 307 0.300000 0.500000 281 0.260000 0.460000 
307 0.300000 0.500000 306 0.260000 0.500000 332 0.300000 0.540000 308 0.340000 0.500000 282 0.300000 0.460000 
308 0.340000 0.500000 307 0.300000 0.500000 333 0.340000 0.540000 309 0.380000 0.500000 283 0.340000 0.460000 
309 0.380000 0.500000 308 0.340000 0.500000 334 0.380000 0.540000 310 0.420000 0.500000 284 0.380000 0.460000 
310 0.420000 0.500000 309 0.380000 0.500000 335 0.420000 0.540000 311 0.460000 0.500000 285 0.420000 0.460000 
311 0.460000 0.500000 310 0.420000 0.500000 336 0.460000 0.540000 312 0.500000 0.500000 286 0.460000 0.460000 
312 0.500000 0.500000 311 0.460000 0.500000 337 0.500000 0.540000 313 0.540000 0.500000 287 0.500000 0.460000 
313 0.540000 0.500000 312 0.500000 0.500000 338 0.540000 0.540000 314 0.580000 0.500000 288 0.540000 0.460000 
314 0.580000 0.500000 313 0.540000 0.500000 339 0.580000 0.540000 315 0.620000 0.500000 289 0.580000 0.460000 
315 0.620000 0.500000 314 0.580000 0.500000 340 0.620000 0.540000 316 0.660000 0.500000 290 0.620000 0.460000 
316 0.660000 0.500000 315 0.620000 0.500000 341 0.660000 0.540000 317 0.700000 0.500000 291 0.660000 0.460000 
317 0.700000 0.500000 316 0.660000 0.500000 342 0.700000 0.540000 318 0.740000 0.500000 292 0.700000 0.460000 
318 0.740000 0.500000 317 0.700000 0.500000 343 0.740000 0.540000 319 0.780000 0.500000 293 0.740000 0.460000 
319 0.780000 0.500000 318 0.740000 0.500000 344 0.780000 0.540000 320 0.820000 0.500000 294 0.780000 0.460000 
320 0.820000 0.500000 319 0.780000 0.500000 345 0.820000 0.540000 321 0.860000 0.500000 295 0.820000 0.460000 
321 0.860000 0.500000 320 0.820000 0.500000 346 0.860000 0.540000 322 0.900000 0.500000 296 0.860000 0.460000 
322 0.900000 0.500000 321 0.860000 0.500000 347 0.900000 0.540000 323 0.940000 0.500000 297 0.900000 0.460000 
323 0.940000 0.500000 322 0.900000 0.500000 348 0.940000 0.540000 324 0.980000 0.500000 298 0.940000 0.460000 
324 0.980000 0.500000 323 0.940000 0.500000 349 0.980000 0.540000 300 0.020000 0.500000 299 0.980000 0.460000 
325 0.020000 0.540000 349 0.980000 0.540000 350 0.020000 0.580000 326 0.060000 0.540000 300 0.020000 0.500000 
326 0.060000 0.540000 325 0.020000 0.540000 351 0.060000 0.580000 327 0.100000 0.540000 301 0.060000 0.500000 
327 0.100000 0.540000 326 0.060000 0.540000 352 0.100000 0.580000 328 0.140000 0.540000 302 0.100000 0.500000 
328 0.140000 0.540000 327 0.100000 0.540000 353 0.140000 0.580000 329 0.180000 0.540000 303 0.140000 0.500000 
329 0.180000 0.540000 328 0.140000 0.540000 354 0.180000 0.580000 330 0.220000 0.540000 304 0.180000 0.500000 
330 0.220000 0.540000 329 0.180000 0.540000 355 0.220000 0.580000 331 0.260000 0.540000 305 0.220000 0.500000 
331 0.260000 0.540000 330 0.220000 0.540000 356 0.260000 0.580000 332 0.300000 0.540000 306 0.260000 0.500000 
332 0.300000 0.540000 331 0.260000 0.540000 357 0.300000 0.580000 333 0.340000 0.540000 307 0.300000 0.500000 
333 0.340000 0.540000 332 0.300000 0.540000 358 0.340000 0.580000 334 0.380000 0.540000 308 0.340000 0.500000 
334 0.380000 0.540000 333 0.340000 0.540000 359 0.380000 0.580000 335 0.420000 0.540000 309 0.380000 0.500000 
335 0.420000 0.540000 334 0.380000 0.540000 360 0.420000 0.580000 336 0.460000 0.540000 310 0.420000 0.500000 
336 0.460000 0.540000 335 0.420000 0.540000 361 0.460000 0.580000 337 0.500000 0.540000 311 0.460000 0.500000 
337 0.500000 0.540000 336 0.460000 0.540000 362 0.500000 0.580000 338 0.540000 0.540000 312 0.500000 0.500000 
338 0.540000 0.540000 337 0.500000 0.540000 363 0.540000 0.580000 339 0.580000 0.540000 313 0.540000 0.500000 
339 0.580000 0.540000 338 0.540000 0.540000 364 0.580000 0.580000 340 0.620000 0.540000 314 0.580000 0.500000 
340 0.620000 0.540000 339 0.580000 0.540000 365 0.620000 0.580000 341 0.660000 0.540000 315 0.620000 0.500000 
341 0.660000 0.540000 340 0.620000 0.540000 366 0.660000 0.580000 342 0.700000 0.540000 316 0.660000 0.500000 
342 0.700000 0.540000 341 0.660000 0.540000 367 0.700000 0.580000 343 0.740000 0.540000 317 0.700000 0.500000 
343 0.740000 0.540000 342 0.700000 0.540000 368 0.740000 0.580000 344 0.780000 0.540000 318 0.740000 0.500000 
344 0.780000 0.540000 343 0.740000 0.540000 369 0.780000 0.580000 345 0.820000 0.540000 319 0.780000 0.500000 
345 0.820000 0.540000 344 0.780000 0.540000 370 0.820000 0.580000 346 0.860000 0.540000 320 0.820000 0.500000 
346 0.860000 0.540000 345 0.820000 0.540000 371 0.860000 0.580000 347 0.900000 0.540000 321 0.860000 0.500000 
347 0.900000 0.540000 346 0.860000 0.540000 372 0.900000 0.580000 348 0.940000 0.540000 322 0.900000 0.500000 
348 0.940000 0.540000 347 0.900000 0.540000 373 0.940000 0.580000 349 0.980000 0.540000 323 0.940000 0.500000 
349 0.980000 0.540000 348 0.940000 0.540000 374 0.980000 0.580000 325 0.020000 0.540000 324 0.980000 0.500000 
350 0.020000 0.580000 374 0.980000 0.580000 375 0.020000 0.620000 351 0.060000 0.580000 325 0.020000 0.540000 
351 0.060000 0.580000 350 0.020000 0.580000 376 0.060000 0.620000 352 0.100000 0.580000 326 0.060000 0.540000 
352 0.100000 0.580000 351 0.060000 0.580000 377 0.100000 0.620000 353 0.140000 0.580000 327 0.100000 0.540000 
353 0.140000 0.580000 352 0.100000 0.580000 378 0.140000 0.620000 354 0.180000 0.580000 328 0.140000 0.540000 
354 0.180000 0.580000 353 0.140000 0.580000 379 0.180000 0.620000 355 0.220000 0.580000 329 0.180000 0.540000 
355 0.220000 0.580000 354 0.180000 0.580000 380 0.220000 0.620000 356 0.260000 0.580000 330 0.220000 0.540000 
356 0.260000 0.580000 355 0.220000 0.580000 381 0.260000 0.620000 357 0.300000 0.580000 331 0.260000 0.540000 
357 0.300000 0.580000 356 0.260000 0.580000 382 0.300000 0.620000 358 0.340000 0.580000 332 0.300000 0.540000 
358 0.340000 0.580000 357 0.300000 0.580000 383 0.340000 0.620000 359 0.380000 0.580000 333 0.340000 0.540000 
359 0.380000 0.580000 358 0.340000 0.580000 384 0.380000 0.620000 360 0.420000 0.580000 334 0.380000 0.540000 
360 0.420000 0.580000 359 0.380000 0.580000 385 0.420000 0.620000 361 0.460000 0.580000 335 0.420000 0.540000 
361 0.460000 0.580000 360 0.420000 0.580000 386 0.460000 0.620000 362 0.500000 0.580000 336 0.460000 0.540000 
362 0.500000 0.580000 361 0.460000 0.580000 387 0.500000 0.620000 363 0.540000 0.580000 337 0.500000 0.540000 
363 0.540000 0.580000 362 0.500000 0.580000 388 0.540000 0.620000 364 0.580000 0.580000 338 0.540000 0.540000 
364 0.580000 0.580000 363 0.540000 0.580000 389 0.580000 0.620000 365 0.620000 0.580000 339 0.580000 0.540000 
365 0.620000 0.580000 364 0.580000 0.580000 390 0.620000 0.620000 366 0.660000 0.580000 340 0.620000 0.540000 
366 0.660000 0.580000 365 0.620000 0.580000 391 0.660000 0.620000 367 0.700000 0.580000 341 0.660000 0.540000 
367 0.700000 0.580000 366 0.660000 0.580000 392 0.700000 0.620000 368 0.740000 0.580000 342 0.700000 0.540000 
368 0.740000 0.580000 367 0.700000 0.580000 393 0.740000 0.620000 369 0.780000 0.580000 343 0.740000 0.540000 
369 0.780000 0.580000 368 0.740000 0.580000 394 0.780000 0.620000 370 0.820000 0.580000 344 0.780000 0.540000 
370 0.820000 0.580000 369 0.780000 0.580000 395 0.820000 0.620000 371 0.860000 0.580000 345 0.820000 0.540000 
371 0.860000 0.580000 370 0.820000 0.580000 396 0.860000 0.620000 372 0.900000 0.580000 346 0.860000 0.540000 
372 0.900000 0.580000 371 0.860000 0.580000 397 0.900000 0.620000 373 0.940000 0.580000 347 0.900000 0.540000 
373 0.940000 0.580000 372 0.900000 0.580000 398 0.940000 0.620000 374 0.980000 0.580000 348 0.940000 0.540000 
374 0.980000 0.580000 373 0.940000 0.580000 399 0.980000 0.620000 350 0.020000 0.580000 349 0.980000 0.540000 
375 0.020000 0.620000 399 0.980000 0.620000 400 0.020000 0.660000 376 0.060000 0.620000 350 0.020000 0.580000 
376 0.060000 0.620000 375 0.020000 0.620000 401 0.060000 0.660000 377 0.100000 0.620000 351 0.060000 0.580000 
377 0.100000 0.620000 376 0.060000 0.620000 402 0.100000 0.660000 378 0.140000 0.620000 352 0.100000 0.580000 
378 0.140000 0.620000 377 0.100000 0.620000 403 0.140000 0.660000 379 0.180000 0.620000 353 0.140000 0.580000 
379 0.180000 0.620000 378 0.140000 0.620000 404 0.180000 0.660000 380 0.220000 0.620000 354 0.180000 0.580000 
380 0.220000 0.620000 379 0.180000 0.620000 405 0.220000 0.660000 381 0.260000 0.620000 355 0.220000 0.580000 
381 0.260000 0.620000 380 0.220000 0.620000 406 0.260000 0.660000 382 0.300000 0.620000 356 0.260000 0.580000 
382 0.300000 0.620000 381 0.260000 0.620000 407 0.300000 0.660000 383 0.340000 0.620000 357 0.300000 0.580000 
383 0.340000 0.620000 382 0.300000 0.620000 408 0.340000 0.660000 384 0.380000 0.620000 358 0.340000 0.580000 
384 0.380000 0.620000 383 0.340000 0.620000 409 0.380000 0.660000 385 0.420000 0.620000 359 0.380000 0.580000 
385 0.420000 0.620000 384 0.380000 0.620000 410 0.420000 0.660000 386 0.460000 0.620000 360 0.420000 0.580000 
386 0.460000 0.620000 385 0.420000 0.620000 411 0.460000 0.660000 387 0.500000 0.620000 361 0.460000 0.580000 
387 0.500000 0.620000 386 0.460000 0.620000 412 0.500000 0.660000 388 0.540000 0.620000 362 0.500000 0.580000 
388 0.540000 0.620000 387 0.500000 0.620000 413 0.540000 0.660000 389 0.580000 0.620000 363 0.540000 0.580000 
389 0.580000 0.620000 388 0.540000 0.620000 414 0.580000 0.660000 390 0.620000 0.620000 364 0.580000 0.580000 
390 0.620000 0.620000 389 0.580000 0.620000 415 0.620000 0.660000 391 0.660000 0.620000 365 0.620000 0.580000 
391 0.660000 0.620000 390 0.620000 0.620000 416 0.660000 0.660000 392 0.700000 0.620000 366 0.660000 0.580000 
392 0.700000 0.620000 391 0.660000 0.620000 417 0.700000 0.660000 393 0.740000 0.620000 367 0.700000 0.580000 
393 0.740000 0.620000 392 0.700000 0.620000 418 0.740000 0.660000 394 0.780000 0.620000 368 0.740000 0.580000 
394 0.780000 0.620000 393 0.740000 0.620000 419 0.780000 0.660000 395 0.820000 0.620000 369 0.780000 0.580000 
395 0.820000 0.620000 394 0.780000 0.620000 420 0.820000 0.660000 396 0.860000 0.620000 370 0.820000 0.580000 
396 0.860000 0.620000 395 0.820000 0.620000 421 0.860000 0.660000 397 0.900000 0.620000 371 0.860000 0.580000 
397 0.900000 0.620000 396 0.860000 0.620000 422 0.900000 0.660000 398 0.940000 0.620000 372 0.900000 0.580000 
398 0.940000 0.620000 397 0.900000 0.620000 423 0.940000 0.660000 399 0.980000 0.620000 373 0.940000 0.580000 
399 0.980000 0.620000 398 0.940000 0.620000 424 0.980000 0.660000 375 0.020000 0.620000 374 0.980000 0.580000 
400 0.020000 0.660000 424 0.980000 0.660000 425 0.020000 0.700000 401 0.060000 0.660000 375 0.020000 0.620000 
401 0.060000 0.660000 400 0.020000 0.660000 426 0.060000 0.700000 402 0.100000 0.660000 376 0.060000 0.620000 
402 0.100000 0.660000 401 0.060000 0.660000 427 0.100000 0.700000 403 0.140000 0.660000 377 0.100000 0.620000 
403 0.140000 0.660000 402 0.100000 0.660000 428 0.140000 0.700000 404 0.180000 0.660000 378 0.140000 0.620000 
404 0.180000 0.660000 403 0.140000 0.660000 429 0.180000 0.700000 405 0.220000 0.660000 379 0.180000 0.620000 
405 0.220000 0.660000 404 0.180000 0.660000 430 0.220000 0.700000 406 0.260000 0.660000 380 0.220000 0.620000 
406 0.260000 0.660000 405 0.220000 0.660000 431 0.260000 0.700000 407 0.300000 0.660000 381 0.260000 0.620000 
407 0.300000 0.660000 406 0.260000 0.660000 432 0.300000 0.700000 408 0.340000 0.660000 382 0.300000 0.620000 
408 0.340000 0.660000 407 0.300000 0.660000 433 0.340000 0.700000 409 0.380000 0.660000 383 0.340000 0.620000 
409 0.380000 0.660000 408 0.340000 0.660000 434 0.380000 0.700000 410 0.420000 0.660000 384 0.380000 0.620000 
410 0.420000 0.660000 409 0.380000 0.660000 435 0.420000 0.700000 411 0.460000 0.660000 385 0.420000 0.620000 
411 0.460000 0.660000 410 0.420000 0.660000 436 0.460000 0.700000 412 0.500000 0.660000 386 0.460000 0.620000 
412 0.500000 0.660000 411 0.460000 0.660000 437 0.500000 0.700000 413 0.540000 0.660000 387 0.500000 0.620000 
413 0.540000 0.660000 412 0.500000 0.660000 438 0.540000 0.700000 414 0.580000 0.660000 388 0.540000 0.620000 
414 0.580000 0.660000 413 0.540000 0.660000 439 0.580000 0.700000 415 0.620000 0.660000 389 0.580000 0.620000 
415 0.620000 0.660000 414 0.580000 0.660000 440 0.620000 0.700000 416 0.660000 0.660000 390 0.620000 0.620000 
416 0.660000 0.660000 415 0.620000 0.660000 441 0.660000 0.700000 417 0.700000 0.660000 391 0.660000 0.620000 
417 0.700000 0.660000 416 0.660000 0.660000 442 0.700000 0.700000 418 0.740000 0.660000 392 0.700000 0.620000 
418 0.740000 0.660000 417 0.700000 0.660000 443 0.740000 0.700000 419 0.780000 0.660000 393 0.740000 0.620000 
419 0.780000 0.660000 418 0.740000 0.660000 444 0.780000 0.700000 420 0.820000 0.660000 394 0.780000 0.620000 
420 0.820000 0.660000 419 0.780000 0.660000 445 0.820000 0.700000 421 0.860000 0.660000 395 0.820000 0.620000 
421 0.860000 0.660000 420 0.820000 0.660000 446 0.860000 0.700000 422 0.900000 0.660000 396 0.860000 0.620000 
422 0.900000 0.660000 421 0.860000 0.660000 447 0.900000 0.700000 423 0.940000 0.660000 397 0.900000 0.620000 
423 0.940000 0.660000 422 0.900000 0.660000 448 0.940000 0.700000 424 0.980000 0.660000 398 0.940000 0.620000 
424 0.980000 0.660000 423 0.940000 0.660000 449 0.980000 0.700000 400 0.020000 0.660000 399 0.980000 0.620000 
425 0.020000 0.700000 449 0.980000 0.700000 450 0.020000 0.740000 426 0.060000 0.700000 400 0.020000 0.660000 
426 0.060000 0.700000 425 0.020000 0.700000 451 0.060000 0.740000 427 0.100000 0.700000 401 0.060000 0.660000 
427 0.100000 0.700000 426 0.060000 0.700000 452 0.100000 0.740000 428 0.140000 0.700000 402 0.100000 0.660000 
428 0.140000 0.700000 427 0.100000 0.700000 453 0.140000 0.740000 429 0.180000 0.700000 403 0.140000 0.660000 
429 0.180000 0.700000 428 0.140000 0.700000 454 0.180000 0.740000 430 0.220000 0.700000 404 0.180000 0.660000 
430 0.220000 0.700000 429 0.180000 0.700000 455 0.220000 0.740000 431 0.260000 0.700000 405 0.220000 0.660000 
431 0.260000 0.700000 430 0.220000 0.700000 456 0.260000 0.740000 432 0.300000 0.700000 406 0.260000 0.660000 
432 0.300000 0.700000 431 0.260000 0.700000 457 0.300000 0.740000 433 0.340000 0.700000 407 0.300000 0.660000 
433 0.340000 0.700000 432 0.300000 0.700000 458 0.340000 0.740000 434 0.380000 0.700000 408 0.340000 0.660000 
434 0.380000 0.700000 433 0.340000 0.700000 459 0.380000 0.740000 435 0.420000 0.700000 409 0.380000 0.660000 
435 0.420000 0.700000 434 0.380000 0.700000 460 0.420000 0.740000 436 0.460000 0.700000 410 0.420000 0.660000 
436 0.460000 0.700000 435 0.420000 0.700000 461 0.460000 0.740000 437 0.500000 0.700000 411 0.460000 0.660000 
437 0.500000 0.700000 436 0.460000 0.700000 462 0.500000 0.740000 438 0.540000 0.700000 412 0.500000 0.660000 
438 0.540000 0.700000 437 0.500000 0.700000 463 0.540000 0.740000 439 0.580000 0.700000 413 0.540000 0.660000 
439 0.580000 0.700000 438 0.540000 0.700000 464 0.580000 0.740000 440 0.620000 0.700000 414 0.580000 0.660000 
440 0.620000 0.700000 439 0.580000 0.700000 465 0.620000 0.740000 441 0.660000 0.700000 415 0.620000 0.660000 
441 0.660000 0.700000 440 0.620000 0.700000 466 0.660000 0.740000 442 0.700000 0.700000 416 0.660000 0.660000 
442 0.700000 0.700000 441 0.660000 0.700000 467 0.700000 0.740000 443 0.740000 0.700000 417 0.700000 0.660000 
443 0.740000 0.700000 442 0.700000 0.700000 468 0.740000 0.740000 444 0.780000 0.700000 418 0.740000 0.660000 
444 0.780000 0.700000 443 0.740000 0.700000 469 0.780000 0.740000 445 0.820000 0.700000 419 0.780000 0.660000 
445 0.820000 0.700000 444 0.780000 0.700000 470 0.820000 0.740000 446 0.860000 0.700000 420 0.820000 0.660000 
446 0.860000 0.700000 445 0.820000 0.700000 471 0.860000 0.740000 447 0.900000 0.700000 421 0.860000 0.660000 
447 0.900000 0.700000 446 0.860000 0.700000 472 0.900000 0.740000 448 0.940000 0.700000 422 0.900000 0.660000 
448 0.940000 0.700000 447 0.900000 0.700000 473 0.940000 0.740000 449 0.980000 0.700000 423 0.940000 0.660000 
449 0.980000 0.700000 448 0.940000 0.700000 474 0.980000 0.740000 425 0.020000 0.700000 424 0.980000 0.660000 
450 0.020000 0.740000 474 0.980000 0.740000 475 0.020000 0.780000 451 0.060000 0.740000 425 0.020000 0.700000 
451 0.060000 0.740000 450 0.020000 0.740000 476 0.060000 0.780000 452 0.100000 0.740000 426 0.060000 0.700000 
452 0.100000 0.740000 451 0.060000 0.740000 477 0.100000 0.780000 453 0.140000 0.740000 427 0.100000 0.700000 
453 0.140000 0.740000 452 0.100000 0.740000 478 0.140000 0.780000 454 0.180000 0.740000 428 0.140000 0.700000 
454 0.180000 0.740000 453 0.140000 0.740000 479 0.180000 0.780000 455 0.220000 0.740000 429 0.180000 0.700000 
455 0.220000 0.740000 454 0.180000 0.740000 480 0.220000 0.780000 456 0.260000 0.740000 430 0.220000 0.700000 
456 0.260000 0.740000 455 0.220000 0.740000 481 0.260000 0.780000 457 0.300000 0.740000 431 0.260000 0.700000 
457 0.300000 0.740000 456 0.260000 0.740000 482 0.300000 0.780000 458 0.340000 0.740000 432 0.300000 0.700000 
458 0.340000 0.740000 457 0.300000 0.740000 483 0.340000 0.780000 459 0.380000 0.740000 433 0.340000 0.700000 
459 0.380000 0.740000 458 0.340000 0.740000 484 0.380000 0.780000 460 0.420000 0.740000 434 0.380000 0.700000 
460 0.420000 0.740000 459 0.380000 0.740000 485 0.420000 0.780000 461 0.460000 0.740000 435 0.420000 0.700000 
461 0.460000 0.740000 460 0.420000 0.740000 486 0.460000 0.780000 462 0.500000 0.740000 436 0.460000 0.700000 
462 0.500000 0.740000 461 0.460000 0.740000 487 0.500000 0.780000 463 0.540000 0.740000 437 0.500000 0.700000 
463 0.540000 0.740000 462 0.500000 0.740000 488 0.540000 0.780000 464 0.580000 0.740000 438 0.540000 0.700000 
464 0.580000 0.740000 463 0.540000 0.740000 489 0.580000 0.780000 465 0.620000 0.740000 439 0.580000 0.700000 
465 0.620000 0.740000 464 0.580000 0.740000 490 0.620000 0.780000 466 0.660000 0.740000 440 0.620000 0.700000 
466 0.660000 0.740000 465 0.620000 0.740000 491 0.660000 0.780000 467 0.700000 0.740000 441 0.660000 0.700000 
467 0.700000 0.740000 466 0.660000 0.740000 492 0.700000 0.780000 468 0.740000 0.740000 442 0.700000 0.700000 
468 0.740000 0.740000 467 0.700000 0.740000 493 0.740000 0.780000 469 0.780000 0.740000 443 0.740000 0.700000 
469 0.780000 0.740000 468 0.740000 0.740000 494 0.780000 0.780000 470 0.820000 0.740000 444 0.780000 0.700000 
470 0.820000 0.740000 469 0.780000 0.740000 495 0.820000 0.780000 471 0.860000 0.740000 445 0.820000 0.700000 
471 0.860000 0.740000 470 0.820000 0.740000 496 0.860000 0.780000 472 0.900000 0.740000 446 0.860000 0.700000 
472 0.900000 0.740000 471 0.860000 0.740000 497 0.900000 0.780000 473 0.940000 0.740000 447 0.900000 0.700000 
473 0.940000 0.740000 472 0.900000 0.740000 498 0.940000 0.780000 474 0.980000 0.740000 448 0.940000 0.700000 
474 0.980000 0.740000 473 0.940000 0.740000 499 0.980000 0.780000 450 0.020000 0.740000 449 0.980000 0.700000 
475 0.020000 0.780000 499 0.980000 0.780000 500 0.020000 0.820000 476 0.060000 0.780000 450 0.020000 0.740000 
476 0.060000 0.780000 475 0.020000 0.780000 501 0.060000 0.820000 477 0.100000 0.780000 451 0.060000 0.740000 
477 0.100000 0.780000 476 0.060000 0.780000 502 0.100000 0.820000 478 0.140000 0.780000 452 0.100000 0.740000 
478 0.140000 0.780000 477 0.100000 0.780000 503 0.140000 0.820000 479 0.180000 0.780000 453 0.140000 0.740000 
479 0.180000 0.780000 478 0.140000 0.780000 504 0.180000 0.820000 480 0.220000 0.780000 454 0.180000 0.740000 
480 0.220000 0.780000 479 0.180000 0.780000 505 0.220000 0.820000 481 0.260000 0.780000 455 0.220000 0.740000 
481 0.260000 0.780000 480 0.220000 0.780000 506 0.260000 0.820000 482 0.300000 0.780000 456 0.260000 0.740000 
482 0.300000 0.780000 481 0.260000 0.780000 507 0.300000 0.820000 483 0.340000 0.780000 457 0.300000 0.740000 
483 0.340000 0.780000 482 0.300000 0.780000 508 0.340000 0.820000 484 0.380000 0.780000 458 0.340000 0.740000 
484 0.380000 0.780000 483 0.340000 0.780000 509 0.380000 0.820000 485 0.420000 0.780000 459 0.380000 0.740000 
485 0.420000 0.780000 484 0.380000 0.780000 510 0.420000 0.820000 486 0.460000 0.780000 460 0.420000 0.740000 
486 0.460000 0.780000 485 0.420000 0.780000 511 0.460000 0.820000 487 0.500000 0.780000 461 0.460000 0.740000 
487 0.500000 0.780000 486 0.460000 0.780000 512 0.500000 0.820000 488 0.540000 0.780000 462 0.500000 0.740000 
488 0.540000 0.780000 487 0.500000 0.780000 513 0.540000 0.820000 489 0.580000 0.780000 463 0.540000 0.740000 
489 0.580000 0.780000 488 0.540000 0.780000 514 0.580000 0.820000 490 0.620000 0.780000 464 0.580000 0.740000 
490 0.620000 0.780000 489 0.580000 0.780000 515 0.620000 0.820000 491 0.660000 0.780000 465 0.620000 0.740000 
491 0.660000 0.780000 490 0.620000 0.780000 516 0.660000 0.820000 492 0.700000 0.780000 466 0.660000 0.740000 
492 0.700000 0.780000 491 0.660000 0.780000 517 0.700000 0.820000 493 0.740000 0.780000 467 0.700000 0.740000 
493 0.740000 0.780000 492 0.700000 0.780000 518 0.740000 0.820000 494 0.780000 0.780000 468 0.740000 0.740000 
494 0.780000 0.780000 493 0.740000 0.780000 519 0.780000 0.820000 495 0.820000 0.780000 469 0.780000 0.740000 
495 0.820000 0.780000 494 0.780000 0.780000 520 0.820000 0.820000 496 0.860000 0.780000 470 0.820000 0.740000 
496 0.860000 0.780000 495 0.820000 0.780000 521 0.860000 0.820000 497 0.900000 0.780000 471 0.860000 0.740000 
497 0.900000 0.780000 496 0.860000 0.780000 522 0.900000 0.820000 498 0.940000 0.780000 472 0.900000 0.740000 
498 0.940000 0.780000 497 0.900000 0.780000 523 0.940000 0.820000 499 0.980000 0.780000 473 0.940000 0.740000 
499 0.980000 0.780000 498 0.940000 0.780000 524 0.980000 0.820000 475 0.020000 0.780000 474 0.980000 0.740000 
500 0.020000 0.820000 524 0.980000 0.820000 525 0.020000 0.860000 501 0.060000 0.820000 475 0.020000 0.780000 
501 0.060000 0.820000 500 0.020000 0.820000 526 0.060000 0.860000 502 0.100000 0.820000 476 0.060000 0.780000 
502 0.100000 0.820000 501 0.060000 0.820000 527 0.100000 0.860000 503 0.140000 0.820000 477 0.100000 0.780000 
503 0.140000 0.820000 502 0.100000 0.820000 528 0.140000 0.860000 504 0.180000 0.820000 478 0.140000 0.780000 
504 0.180000 0.820000 503 0.140000 0.820000 529 0.180000 0.860000 505 0.220000 0.820000 479 0.180000 0.780000 
505 0.220000 0.820000 504 0.180000 0.820000 530 0.220000 0.860000 506 0.260000 0.820000 480 0.220000 0.780000 
506 0.260000 0.820000 505 0.220000 0.820000 531 0.260000 0.860000 507 0.300000 0.820000 481 0.260000 0.780000 
507 0.300000 0.820000 506 0.260000 0.820000 532 0.300000 0.860000 508 0.340000 0.820000 482 0.300000 0.780000 
508 0.340000 0.820000 507 0.300000 0.820000 533 0.340000 0.860000 509 0.380000 0.820000 483 0.340000 0.780000 
509 0.380000 0.820000 508 0.340000 0.820000 534 0.380000 0.860000 510 0.420000 0.820000 484 0.380000 0.780000 
510 0.420000 0.820000 509 0.380000 0.820000 535 0.420000 0.860000 511 0.460000 0.820000 485 0.420000 0.780000 
511 0.460000 0.820000 510 0.420000 0.820000 536 0.460000 0.860000 512 0.500000 0.820000 486 0.460000 0.780000 
512 0.500000 0.820000 511 0.460000 0.820000 537 0.500000 0.860000 513 0.540000 0.820000 487 0.500000 0.780000 
513 0.540000 0.820000 512 0.500000 0.820000 538 0.540000 0.860000 514 0.580000 0.820000 488 0.540000 0.780000 
514 0.580000 0.820000 513 0.540000 0.820000 539 0.580000 0.860000 515 0.620000 0.820000 489 0.580000 0.780000 
515 0.620000 0.820000 514 0.580000 0.820000 540 0.620000 0.860000 516 0.660000 0.820000 490 0.620000 0.780000 
516 0.660000 0.820000 515 0.620000 0.820000 541 0.660000 0.860000 517 0.700000 0.820000 491 0.660000 0.780000 
517 0.700000 0.820000 516 0.660000 0.820000 542 0.700000 0.860000 518 0.740000 0.820000 492 0.700000 0.780000 
518 0.740000 0.820000 517 0.700000 0.820000 543 0.740000 0.860000 519 0.780000 0.820000 493 0.740000 0.780000 
519 0.780000 0.820000 518 0.740000 0.820000 544 0.780000 0.860000 520 0.820000 0.820000 494 0.780000 0.780000 
520 0.820000 0.820000 519 0.780000 0.820000 545 0.820000 0.860000 521 0.860000 0.820000 495 0.820000 0.780000 
521 0.860000 0.820000 520 0.820000 0.820000 546 0.860000 0.860000 522 0.900000 0.820000 496 0.860000 0.780000 
522 0.900000 0.820000 521 0.860000 0.820000 547 0.900000 0.860000 523 0.940000 0.820000 497 0.900000 0.780000 
523 0.940000 0.820000 522 0.900000 0.820000 548 0.940000 0.860000 524 0.980000 0.820000 498 0.940000 0.780000 
524 0.980000 0.820000 523 0.940000 0.820000 549 0.980000 0.860000 500 0.020000 0.820000 499 0.980000 0.780000 
525 0.020000 0.860000 549 0.980000 0.860000 550 0.020000 0.900000 526 0.060000 0.860000 500 0.020000 0.820000 
526 0.060000 0.860000 525 0.020000 0.860000 551 0.060000 0.900000 527 0.100000 0.860000 501 0.060000 0.820000 
527 0.100000 0.860000 526 0.060000 0.860000 552 0.100000 0.900000 528 0.140000 0.860000 502 0.100000 0.820000 
528 0.140000 0.860000 527 0.100000 0.860000 553 0.140000 0.900000 529 0.180000 0.860000 503 0.140000 0.820000 
529 0.180000 0.860000 528 0.140000 0.860000 554 0.180000 0.900000 530 0.220000 0.860000 504 0.180000 0.820000 
530 0.220000 0.860000 529 0.180000 0.860000 555 0.220000 0.900000 531 0.260000 0.860000 505 0.220000 0.820000 
531 0.260000 0.860000 530 0.220000 0.860000 556 0.260000 0.900000 532 0.300000 0.860000 506 0.260000 0.820000 
532 0.300000 0.860000 531 0.260000 0.860000 557 0.300000 0.900000 533 0.340000 0.860000 507 0.300000 0.820000 
533 0.340000 0.860000 532 0.300000 0.860000 558 0.340000 0.900000 534 0.380000 0.860000 508 0.340000 0.820000 
534 0.380000 0.860000 533 0.340000 0.860000 559 0.380000 0.900000 535 0.420000 0.860000 509 0.380000 0.820000 
535 0.420000 0.860000 534 0.380000 0.860000 560 0.420000 0.900000 536 0.460000 0.860000 510 0.420000 0.820000 
536 0.460000 0.860000 535 0.420000 0.860000 561 0.460000 0.900000 537 0.500000 0.860000 511 0.460000 0.820000 
537 0.500000 0.860000 536 0.460000 0.860000 562 0.500000 0.900000 538 0.540000 0.860000 512 0.500000 0.820000 
538 0.540000 0.860000 537 0.500000 0.860000 563 0.540000 0.900000 539 0.580000 0.860000 513 0.540000 0.820000 
539 0.580000 0.860000 538 0.540000 0.860000 564 0.580000 0.900000 540 0.620000 0.860000 514 0.580000 0.820000 
540 0.620000 0.860000 539 0.580000 0.860000 565 0.620000 0.900000 541 0.660000 0.860000 515 0.620000 0.820000 
541 0.660000 0.860000 540 0.620000 0.860000 566 0.660000 0.900000 542 0.700000 0.860000 516 0.660000 0.820000 
542 0.700000 0.860000 541 0.660000 0.860000 567 0.700000 0.900000 543 0.740000 0.860000 517 0.700000 0.820000 
543 0.740000 0.860000 542 0.700000 0.860000 568 0.740000 0.900000 544 0.780000 0.860000 518 0.740000 0.820000 
544 0.780000 0.860000 543 0.740000 0.860000 569 0.780000 0.900000 545 0.820000 0.860000 519 0.780000 0.820000 
545 0.820000 0.860000 544 0.780000 0.860000 570 0.820000 0.900000 546 0.860000 0.860000 520 0.820000 0.820000 
546 0.860000 0.860000 545 0.820000 0.860000 571 0.860000 0.900000 547 0.900000 0.860000 521 0.860000 0.820000 
547 0.900000 0.860000 546 0.860000 0.860000 572 0.900000 0.900000 548 0.940000 0.860000 522 0.900000 0.820000 
548 0.940000 0.860000 547 0.900000 0.860000 573 0.940000 0.900000 549 0.980000 0.860000 523 0.940000 0.820000 
549 0.980000 0.860000 548 0.940000 0.860000 574 0.980000 0.900000 525 0.020000 0.860000 524 0.980000 0.820000 
550 0.020000 0.900000 574 0.980000 0.900000 575 0.020000 0.940000 551 0.060000 0.900000 525 0.020000 0.860000 
551 0.060000 0.900000 550 0.020000 0.900000 576 0.060000 0.940000 552 0.100000 0.900000 526 0.060000 0.860000 
552 0.100000 0.900000 551 0.060000 0.900000 577 0.100000 0.940000 553 0.140000 0.900000 527 0.100000 0.860000 
553 0.140000 0.900000 552 0.100000 0.900000 578 0.140000 0.940000 554 0.180000 0.900000 528 0.140000 0.860000 
554 0.180000 0.900000 553 0.140000 0.900000 579 0.180000 0.940000 555 0.220000 0.900000 529 0.180000 0.860000 
555 0.220000 0.900000 554 0.180000 0.900000 580 0.220000 0.940000 556 0.260000 0.900000 530 0.220000 0.860000 
556 0.260000 0.900000 555 0.220000 0.900000 581 0.260000 0.940000 557 0.300000 0.900000 531 0.260000 0.860000 
557 0.300000 0.900000 556 0.260000 0.900000 582 0.300000 0.940000 558 0.340000 0.900000 532 0.300000 0.860000 
558 0.340000 0.900000 557 0.300000 0.900000 583 0.340000 0.940000 559 0.380000 0.900000 533 0.340000 0.860000 
559 0.380000 0.900000 558 0.340000 0.900000 584 0.380000 0.940000 560 0.420000 0.900000 534 0.380000 0.860000 
560 0.420000 0.900000 559 0.380000 0.900000 585 0.420000 0.940000 561 0.460000 0.900000 535 0.420000 0.860000 
561 0.460000 0.900000 560 0.420000 0.900000 586 0.460000 0.940000 562 0.500000 0.900000 536 0.460000 0.860000 
562 0.500000 0.900000 561 0.460000 0.900000 587 0.500000 0.940000 563 0.540000 0.900000 537 0.500000 0.860000 
563 0.540000 0.900000 562 0.500000 0.900000 588 0.540000 0.940000 564 0.580000 0.900000 538 0.540000 0.860000 
564 0.580000 0.900000 563 0.540000 0.900000 589 0.580000 0.940000 565 0.620000 0.900000 539 0.580000 0.860000 
565 0.620000 0.900000 564 0.580000 0.900000 590 0.620000 0.940000 566 0.660000 0.900000 540 0.620000 0.860000 
566 0.660000 0.900000 565 0.620000 0.900000 591 0.660000 0.940000 567 0.700000 0.900000 541 0.660000 0.860000 
567 0.700000 0.900000 566 0.660000 0.900000 592 0.700000 0.940000 568 0.740000 0.900000 542 0.700000 0.860000 
568 0.740000 0.900000 567 0.700000 0.900000 593 0.740000 0.940000 569 0.780000 0.900000 543 0.740000 0.860000 
569 0.780000 0.900000 568 0.740000 0.900000 594 0.780000 0.940000 570 0.820000 0.900000 544 0.780000 0.860000 
570 0.820000 0.900000 569 0.780000 0.900000 595 0.820000 0.940000 571 0.860000 0.900000 545 0.820000 0.860000 
571 0.860000 0.900000 570 0.820000 0.900000 596 0.860000 0.940000 572 0.900000 0.900000 546 0.860000 0.860000 
572 0.900000 0.900000 571 0.860000 0.900000 597 0.900000 0.940000 573 0.940000 0.900000 547 0.900000 0.860000 
573 0.940000 0.900000 572 0.900000 0.900000 598 0.940000 0.940000 574 0.980000 0.900000 548 0.940000 0.860000 
574 0.980000 0.900000 573 0.940000 0.900000 599 0.980000 0.940000 550 0.020000 0.900000 549 0.980000 0.860000 
575 0.020000 0.940000 599 0.980000 0.940000 600 0.020000 0.980000 576 0.060000 0.940000 550 0.020000 0.900000 
576 0.060000 0.940000 575 0.020000 0.940000 601 0.060000 0.980000 577 0.100000 0.940000 551 0.060000 0.900000 
577 0.100000 0.940000 576 0.060000 0.940000 602 0.100000 0.980000 578 0.140000 0.940000 552 0.100000 0.900000 
578 0.140000 0.940000 577 0.100000 0.940000 603 0.140000 0.980000 579 0.180000 0.940000 553 0.140000 0.900000 
579 0.180000 0.940000 578 0.140000 0.940000 604 0.180000 0.980000 580 0.220000 0.940000 554 0.180000 0.900000 
580 0.220000 0.940000 579 0.180000 0.940000 605 0.220000 0.980000 581 0.260000 0.940000 555 0.220000 0.900000 
581 0.260000 0.940000 580 0.220000 0.940000 606 0.260000 0.980000 582 0.300000 0.940000 556 0.260000 0.900000 
582 0.300000 0.940000 581 0.260000 0.940000 607 0.300000 0.980000 583 0.340000 0.940000 557 0.300000 0.900000 
583 0.340000 0.940000 582 0.300000 0.940000 608 0.340000 0.980000 584 0.380000 0.940000 558 0.340000 0.900000 
584 0.380000 0.940000 583 0.340000 0.940000 609 0.380000 0.980000 585 0.420000 0.940000 559 0.380000 0.900000 
585 0.420000 0.940000 584 0.380000 0.940000 610 0.420000 0.980000 586 0.460000 0.940000 560 0.420000 0.900000 
586 0.460000 0.940000 585 0.420000 0.940000 611 0.460000 0.980000 587 0.500000 0.940000 561 0.460000 0.900000 
587 0.500000 0.940000 586 0.460000 0.940000 612 0.500000 0.980000 588 0.540000 0.940000 562 0.500000 0.900000 
588 0.540000 0.940000 587 0.500000 0.940000 613 0.540000 0.980000 589 0.580000 0.940000 563 0.540000 0.900000 
589 0.580000 0.940000 588 0.540000 0.940000 614 0.580000 0.980000 590 0.620000 0.940000 564 0.580000 0.900000 
590 0.620000 0.940000 589 0.580000 0.940000 615 0.620000 0.980000 591 0.660000 0.940000 565 0.620000 0.900000 
591 0.660000 0.940000 590 0.620000 0.940000 616 0.660000 0.980000 592 0.700000 0.940000 566 0.660000 0.900000 
592 0.700000 0.940000 591 0.660000 0.940000 617 0.700000 0.980000 593 0.740000 0.940000 567 0.700000 0.900000 
593 0.740000 0.940000 592 0.700000 0.940000 618 0.740000 0.980000 594 0.780000 0.940000 568 0.740000 0.900000 
594 0.780000 0.940000 593 0.740000 0.940000 619 0.780000 0.980000 595 0.820000 0.940000 569 0.780000 0.900000 
595 0.820000 0.940000 594 0.780000 0.940000 620 0.820000 0.980000 596 0.860000 0.940000 570 0.820000 0.900000 
596 0.860000 0.940000 595 0.820000 0.940000 621 0.860000 0.980000 597 0.900000 0.940000 571 0.860000 0.900000 
597 0.900000 0.940000 596 0.860000 0.940000 622 0.900000 0.980000 598 0.940000 0.940000 572 0.900000 0.900000 
598 0.940000 0.940000 597 0.900000 0.940000 623 0.940000 0.980000 599 0.980000 0.940000 573 0.940000 0.900000 
599 0.980000 0.940000 598 0.940000 0.940000 624 0.980000 0.980000 575 0.020000 0.940000 574 0.980000 0.900000 
600 0.020000 0.980000 624 0.980000 0.980000 0 0.020000 0.020000 601 0.060000 0.980000 575 0.020000 0.940000 
601 0.060000 0.980000 600 0.020000 0.980000 1 0.060000 0.020000 602 0.100000 0.980000 576 0.060000 0.940000 
602 0.100000 0.980000 601 0.060000 0.980000 2 0.100000 0.020000 603 0.140000 0.980000 577 0.100000 0.940000 
603 0.140000 0.980000 602 0.100000 0.980000 3 0.140000 0.020000 604 0.180000 0.980000 578 0.140000 0.940000 
604 0.180000 0.980000 603 0.140000 0.980000 4 0.180000 0.020000 605 0.220000 0.980000 579 0.180000 0.940000 
605 0.220000 0.980000 604 0.180000 0.980000 5 0.220000 0.020000 606 0.260000 0.980000 580 0.220000 0.940000 
606 0.260000 0.980000 605 0.220000 0.980000 6 0.260000 0.020000 607 0.300000 0.980000 581 0.260000 0.940000 
607 0.300000 0.980000 606 0.260000 0.980000 7 0.300000 0.020000 608 0.340000 0.980000 582 0.300000 0.940000 
608 0.340000 0.980000 607 0.300000 0.980000 8 0.340000 0.020000 609 0.380000 0.980000 583 0.340000 0.940000 
609 0.380000 0.980000 608 0.340000 0.980000 9 0.380000 0.020000 610 0.420000 0.980000 584 0.380000 0.940000 
610 0.420000 0.980000 609 0.380000 0.980000 10 0.420000 0.020000 611 0.460000 0.980000 585 0.420000 0.940000 
611 0.460000 0.980000 610 0.420000 0.980000 11 0.460000 0.020000 612 0.500000 0.980000 586 0.460000 0.940000 
612 0.500000 0.980000 611 0.460000 0.980000 12 0.500000 0.020000 613 0.540000 0.980000 587 0.500000 0.940000 
613 0.540000 0.980000 612 0.500000 0.980000 13 0.540000 0.020000 614 0.580000 0.980000 588 0.540000 0.940000 
614 0.580000 0.980000 613 0.540000 0.980000 14 0.580000 0.020000 615 0.620000 0.980000 589 0.580000 0.940000 
615 0.620000 0.980000 614 0.580000 0.980000 15 0.620000 0.020000 616 0.660000 0.980000 590 0.620000 0.940000 
616 0.660000 0.980000 615 0.620000 0.980000 16 0.660000 0.020000 617 0.700000 0.980000 591 0.660000 0.940000 
617 0.700000 0.980000 616 0.660000 0.980000 17 0.700000 0.020000 618 0.740000 0.980000 592 0.700000 0.940000 
618 0.740000 0.980000 617 0.700000 0.980000 18 0.740000 0.020000 619 0.780000 0.980000 593 0.740000 0.940000 
619 0.780000 0.980000 618 0.740000 0.980000 19 0.780000 0.020000 620 0.820000 0.980000 594 0.780000 0.940000 
620 0.820000 0.980000 619 0.780000 0.980000 20 0.820000 0.020000 621 0.860000 0.980000 595 0.820000 0.940000 
621 0.860000 0.980000 620 0.820000 0.980000 21 0.860000 0.020000 622 0.900000 0.980000 596 0.860000 0.940000 
622 0.900000 0.980000 621 0.860000 0.980000 22 0.900000 0.020000 623 0.940000 0.980000 597 0.900000 0.940000 
623 0.940000 0.980000 622 0.900000 0.980000 23 0.940000 0.020000 624 0.980000 0.980000 598 0.940000 0.940000 
624 0.980000 0.980000 623 0.940000 0.980000 24 0.980000 0.020000 600 0.020000 0.980000 599 0.980000 0.940000 
