dx 0.007812
dy 0.007812
numResidualPts 819
numStatePts 3687
1 0.011719 0.003906 0 0.003906 0.003906 30 0.011719 0.011719 2 0.019531 0.003906 3654 0.011719 0.996094 
12 0.285156 0.003906 11 0.277344 0.003906 42 0.285156 0.011719 13 0.292969 0.003906 3668 0.285156 0.996094 
13 0.292969 0.003906 12 0.285156 0.003906 43 0.292969 0.011719 14 0.300781 0.003906 3669 0.292969 0.996094 
19 0.722656 0.003906 18 0.714844 0.003906 48 0.722656 0.011719 20 0.730469 0.003906 3679 0.722656 0.996094 
24 0.832031 0.003906 23 0.824219 0.003906 53 0.832031 0.011719 25 0.839844 0.003906 3680 0.832031 0.996094 
27 0.933594 0.003906 26 0.925781 0.003906 55 0.933594 0.011719 28 0.941406 0.003906 3683 0.933594 0.996094 
33 0.058594 0.011719 32 0.050781 0.011719 59 0.058594 0.019531 34 0.066406 0.011719 3 0.058594 0.003906 
34 0.066406 0.011719 33 0.058594 0.011719 60 0.066406 0.019531 35 0.074219 0.011719 4 0.066406 0.003906 
36 0.082031 0.011719 35 0.074219 0.011719 61 0.082031 0.019531 37 0.089844 0.011719 5 0.082031 0.003906 
40 0.269531 0.011719 39 0.261719 0.011719 65 0.269531 0.019531 41 0.277344 0.011719 10 0.269531 0.003906 
50 0.738281 0.011719 49 0.730469 0.011719 78 0.738281 0.019531 51 0.746094 0.011719 21 0.738281 0.003906 
51 0.746094 0.011719 50 0.738281 0.011719 79 0.746094 0.019531 52 0.753906 0.011719 22 0.746094 0.003906 
57 0.019531 0.019531 56 0.011719 0.019531 86 0.019531 0.027344 58 0.027344 0.019531 31 0.019531 0.011719 
63 0.160156 0.019531 62 0.152344 0.019531 87 0.160156 0.027344 64 0.167969 0.019531 38 0.160156 0.011719 
67 0.332031 0.019531 66 0.324219 0.019531 91 0.332031 0.027344 68 0.339844 0.019531 44 0.332031 0.011719 
68 0.339844 0.019531 67 0.332031 0.019531 92 0.339844 0.027344 69 0.347656 0.019531 45 0.339844 0.011719 
72 0.441406 0.019531 71 0.433594 0.019531 96 0.441406 0.027344 73 0.449219 0.019531 46 0.441406 0.011719 
75 0.511719 0.019531 74 0.503906 0.019531 99 0.511719 0.027344 76 0.519531 0.019531 47 0.511719 0.011719 
83 0.871094 0.019531 82 0.863281 0.019531 113 0.871094 0.027344 84 0.878906 0.019531 54 0.871094 0.011719 
90 0.324219 0.027344 89 0.316406 0.027344 121 0.324219 0.035156 91 0.332031 0.027344 66 0.324219 0.019531 
94 0.386719 0.027344 93 0.378906 0.027344 122 0.386719 0.035156 95 0.394531 0.027344 70 0.386719 0.019531 
99 0.511719 0.027344 98 0.503906 0.027344 126 0.511719 0.035156 100 0.519531 0.027344 75 0.511719 0.019531 
103 0.644531 0.027344 102 0.636719 0.027344 131 0.644531 0.035156 104 0.652344 0.027344 77 0.644531 0.019531 
107 0.761719 0.027344 106 0.753906 0.027344 136 0.761719 0.035156 108 0.769531 0.027344 80 0.761719 0.019531 
111 0.847656 0.027344 110 0.839844 0.027344 141 0.847656 0.035156 112 0.855469 0.027344 81 0.847656 0.019531 
115 0.972656 0.027344 114 0.964844 0.027344 142 0.972656 0.035156 116 0.980469 0.027344 85 0.972656 0.019531 
118 0.214844 0.035156 117 0.207031 0.035156 145 0.214844 0.042969 119 0.222656 0.035156 88 0.214844 0.027344 
124 0.488281 0.035156 123 0.480469 0.035156 152 0.488281 0.042969 125 0.496094 0.035156 97 0.488281 0.027344 
129 0.605469 0.035156 128 0.597656 0.035156 156 0.605469 0.042969 130 0.613281 0.035156 101 0.605469 0.027344 
134 0.714844 0.035156 133 0.707031 0.035156 160 0.714844 0.042969 135 0.722656 0.035156 105 0.714844 0.027344 
139 0.816406 0.035156 138 0.808594 0.035156 165 0.816406 0.042969 140 0.824219 0.035156 109 0.816406 0.027344 
148 0.308594 0.042969 147 0.300781 0.042969 176 0.308594 0.050781 149 0.316406 0.042969 120 0.308594 0.035156 
154 0.542969 0.042969 153 0.535156 0.042969 184 0.542969 0.050781 155 0.550781 0.042969 127 0.542969 0.035156 
158 0.660156 0.042969 157 0.652344 0.042969 187 0.660156 0.050781 159 0.667969 0.042969 132 0.660156 0.035156 
163 0.785156 0.042969 162 0.777344 0.042969 192 0.785156 0.050781 164 0.792969 0.042969 137 0.785156 0.035156 
168 0.144531 0.050781 167 0.136719 0.050781 199 0.144531 0.058594 169 0.152344 0.050781 143 0.144531 0.042969 
171 0.175781 0.050781 170 0.167969 0.050781 200 0.175781 0.058594 172 0.183594 0.050781 144 0.175781 0.042969 
174 0.222656 0.050781 173 0.214844 0.050781 201 0.222656 0.058594 175 0.230469 0.050781 146 0.222656 0.042969 
178 0.402344 0.050781 177 0.394531 0.050781 203 0.402344 0.058594 179 0.410156 0.050781 150 0.402344 0.042969 
182 0.449219 0.050781 181 0.441406 0.050781 207 0.449219 0.058594 183 0.457031 0.050781 151 0.449219 0.042969 
190 0.753906 0.050781 189 0.746094 0.050781 217 0.753906 0.058594 191 0.761719 0.050781 161 0.753906 0.042969 
193 0.792969 0.050781 192 0.785156 0.050781 219 0.792969 0.058594 194 0.800781 0.050781 164 0.792969 0.042969 
197 0.003906 0.058594 226 0.996094 0.058594 227 0.003906 0.066406 198 0.011719 0.058594 166 0.003906 0.050781 
205 0.433594 0.058594 204 0.425781 0.058594 234 0.433594 0.066406 206 0.441406 0.058594 180 0.433594 0.050781 
211 0.644531 0.058594 210 0.636719 0.058594 242 0.644531 0.066406 212 0.652344 0.058594 185 0.644531 0.050781 
212 0.652344 0.058594 211 0.644531 0.058594 243 0.652344 0.066406 213 0.660156 0.058594 186 0.652344 0.050781 
214 0.667969 0.058594 213 0.660156 0.058594 244 0.667969 0.066406 215 0.675781 0.058594 188 0.667969 0.050781 
221 0.878906 0.058594 220 0.871094 0.058594 255 0.878906 0.066406 222 0.886719 0.058594 195 0.878906 0.050781 
224 0.917969 0.058594 223 0.910156 0.058594 257 0.917969 0.066406 225 0.925781 0.058594 196 0.917969 0.050781 
232 0.378906 0.066406 231 0.371094 0.066406 270 0.378906 0.074219 233 0.386719 0.066406 202 0.378906 0.058594 
236 0.480469 0.066406 235 0.472656 0.066406 273 0.480469 0.074219 237 0.488281 0.066406 208 0.480469 0.058594 
239 0.511719 0.066406 238 0.503906 0.066406 277 0.511719 0.074219 240 0.519531 0.066406 209 0.511719 0.058594 
246 0.738281 0.066406 245 0.730469 0.066406 281 0.738281 0.074219 247 0.746094 0.066406 216 0.738281 0.058594 
249 0.769531 0.066406 248 0.761719 0.066406 282 0.769531 0.074219 250 0.777344 0.066406 218 0.769531 0.058594 
255 0.878906 0.066406 254 0.871094 0.066406 291 0.878906 0.074219 256 0.886719 0.066406 221 0.878906 0.058594 
259 0.066406 0.074219 258 0.058594 0.074219 294 0.066406 0.082031 260 0.074219 0.074219 228 0.066406 0.066406 
262 0.097656 0.074219 261 0.089844 0.074219 296 0.097656 0.082031 263 0.105469 0.074219 229 0.097656 0.066406 
265 0.191406 0.074219 264 0.183594 0.074219 299 0.191406 0.082031 266 0.199219 0.074219 230 0.191406 0.066406 
274 0.488281 0.074219 273 0.480469 0.074219 316 0.488281 0.082031 275 0.496094 0.074219 237 0.488281 0.066406 
276 0.503906 0.074219 275 0.496094 0.074219 317 0.503906 0.082031 277 0.511719 0.074219 238 0.503906 0.066406 
279 0.589844 0.074219 278 0.582031 0.074219 319 0.589844 0.082031 280 0.597656 0.074219 241 0.589844 0.066406 
284 0.785156 0.074219 283 0.777344 0.074219 326 0.785156 0.082031 285 0.792969 0.074219 251 0.785156 0.066406 
285 0.792969 0.074219 284 0.785156 0.074219 327 0.792969 0.082031 286 0.800781 0.074219 252 0.792969 0.066406 
288 0.847656 0.074219 287 0.839844 0.074219 329 0.847656 0.082031 289 0.855469 0.074219 253 0.847656 0.066406 
301 0.230469 0.082031 300 0.222656 0.082031 353 0.230469 0.089844 302 0.238281 0.082031 267 0.230469 0.074219 
304 0.261719 0.082031 303 0.253906 0.082031 354 0.261719 0.089844 305 0.269531 0.082031 268 0.261719 0.074219 
307 0.300781 0.082031 306 0.292969 0.082031 355 0.300781 0.089844 308 0.308594 0.082031 269 0.300781 0.074219 
311 0.417969 0.082031 310 0.410156 0.082031 359 0.417969 0.089844 312 0.425781 0.082031 271 0.417969 0.074219 
314 0.464844 0.082031 313 0.457031 0.082031 360 0.464844 0.089844 315 0.472656 0.082031 272 0.464844 0.074219 
324 0.769531 0.082031 323 0.761719 0.082031 373 0.769531 0.089844 325 0.777344 0.082031 282 0.769531 0.074219 
327 0.792969 0.082031 326 0.785156 0.082031 374 0.792969 0.089844 328 0.800781 0.082031 285 0.792969 0.074219 
331 0.871094 0.082031 330 0.863281 0.082031 375 0.871094 0.089844 332 0.878906 0.082031 290 0.871094 0.074219 
332 0.878906 0.082031 331 0.871094 0.082031 376 0.878906 0.089844 333 0.886719 0.082031 291 0.878906 0.074219 
335 0.910156 0.082031 334 0.902344 0.082031 377 0.910156 0.089844 336 0.917969 0.082031 292 0.910156 0.074219 
339 0.980469 0.082031 338 0.972656 0.082031 381 0.980469 0.089844 340 0.988281 0.082031 293 0.980469 0.074219 
342 0.066406 0.089844 341 0.058594 0.089844 382 0.066406 0.097656 343 0.074219 0.089844 294 0.066406 0.082031 
343 0.074219 0.089844 342 0.066406 0.089844 383 0.074219 0.097656 344 0.082031 0.089844 295 0.074219 0.082031 
346 0.113281 0.089844 345 0.105469 0.089844 384 0.113281 0.097656 347 0.121094 0.089844 297 0.113281 0.082031 
349 0.160156 0.089844 348 0.152344 0.089844 385 0.160156 0.097656 350 0.167969 0.089844 298 0.160156 0.082031 
352 0.222656 0.089844 351 0.214844 0.089844 386 0.222656 0.097656 353 0.230469 0.089844 300 0.222656 0.082031 
357 0.363281 0.089844 356 0.355469 0.089844 387 0.363281 0.097656 358 0.371094 0.089844 309 0.363281 0.082031 
362 0.519531 0.089844 361 0.511719 0.089844 388 0.519531 0.097656 363 0.527344 0.089844 318 0.519531 0.082031 
365 0.691406 0.089844 364 0.683594 0.089844 393 0.691406 0.097656 366 0.699219 0.089844 320 0.691406 0.082031 
368 0.714844 0.089844 367 0.707031 0.089844 394 0.714844 0.097656 369 0.722656 0.089844 321 0.714844 0.082031 
370 0.730469 0.089844 369 0.722656 0.089844 395 0.730469 0.097656 371 0.738281 0.089844 322 0.730469 0.082031 
379 0.933594 0.089844 378 0.925781 0.089844 403 0.933594 0.097656 380 0.941406 0.089844 337 0.933594 0.082031 
396 0.738281 0.097656 395 0.730469 0.097656 419 0.738281 0.105469 397 0.746094 0.097656 371 0.738281 0.089844 
398 0.753906 0.097656 397 0.746094 0.097656 420 0.753906 0.105469 399 0.761719 0.097656 372 0.753906 0.089844 
401 0.792969 0.097656 400 0.785156 0.097656 421 0.792969 0.105469 402 0.800781 0.097656 374 0.792969 0.089844 
409 0.527344 0.105469 408 0.519531 0.105469 443 0.527344 0.113281 410 0.535156 0.105469 389 0.527344 0.097656 
412 0.558594 0.105469 411 0.550781 0.105469 444 0.558594 0.113281 413 0.566406 0.105469 390 0.558594 0.097656 
414 0.574219 0.105469 413 0.566406 0.105469 445 0.574219 0.113281 415 0.582031 0.105469 391 0.574219 0.097656 
417 0.667969 0.105469 416 0.660156 0.105469 446 0.667969 0.113281 418 0.675781 0.105469 392 0.667969 0.097656 
424 0.933594 0.105469 423 0.925781 0.105469 452 0.933594 0.113281 425 0.941406 0.105469 403 0.933594 0.097656 
430 0.113281 0.113281 429 0.105469 0.113281 464 0.113281 0.121094 431 0.121094 0.113281 404 0.113281 0.105469 
434 0.199219 0.113281 433 0.191406 0.113281 468 0.199219 0.121094 435 0.207031 0.113281 405 0.199219 0.105469 
438 0.386719 0.113281 437 0.378906 0.113281 474 0.386719 0.121094 439 0.394531 0.113281 406 0.386719 0.105469 
441 0.511719 0.113281 440 0.503906 0.113281 476 0.511719 0.121094 442 0.519531 0.113281 407 0.511719 0.105469 
448 0.808594 0.113281 447 0.800781 0.113281 479 0.808594 0.121094 449 0.816406 0.113281 422 0.808594 0.105469 
455 0.988281 0.113281 454 0.980469 0.113281 491 0.988281 0.121094 456 0.996094 0.113281 426 0.988281 0.105469 
458 0.011719 0.121094 457 0.003906 0.121094 492 0.011719 0.128906 459 0.019531 0.121094 427 0.011719 0.113281 
461 0.082031 0.121094 460 0.074219 0.121094 493 0.082031 0.128906 462 0.089844 0.121094 428 0.082031 0.113281 
466 0.136719 0.121094 465 0.128906 0.121094 497 0.136719 0.128906 467 0.144531 0.121094 432 0.136719 0.113281 
471 0.292969 0.121094 470 0.285156 0.121094 504 0.292969 0.128906 472 0.300781 0.121094 436 0.292969 0.113281 
481 0.832031 0.121094 480 0.824219 0.121094 517 0.832031 0.128906 482 0.839844 0.121094 450 0.832031 0.113281 
485 0.894531 0.121094 484 0.886719 0.121094 521 0.894531 0.128906 486 0.902344 0.121094 451 0.894531 0.113281 
488 0.964844 0.121094 487 0.957031 0.121094 523 0.964844 0.128906 489 0.972656 0.121094 453 0.964844 0.113281 
490 0.980469 0.121094 489 0.972656 0.121094 525 0.980469 0.128906 491 0.988281 0.121094 454 0.980469 0.113281 
495 0.097656 0.128906 494 0.089844 0.128906 527 0.097656 0.136719 496 0.105469 0.128906 463 0.097656 0.121094 
498 0.144531 0.128906 497 0.136719 0.128906 529 0.144531 0.136719 499 0.152344 0.128906 467 0.144531 0.121094 
501 0.230469 0.128906 500 0.222656 0.128906 531 0.230469 0.136719 502 0.238281 0.128906 469 0.230469 0.121094 
506 0.378906 0.128906 505 0.371094 0.128906 536 0.378906 0.136719 507 0.386719 0.128906 473 0.378906 0.121094 
509 0.417969 0.128906 508 0.410156 0.128906 539 0.417969 0.136719 510 0.425781 0.128906 475 0.417969 0.121094 
514 0.746094 0.128906 513 0.738281 0.128906 548 0.746094 0.136719 515 0.753906 0.128906 477 0.746094 0.121094 
515 0.753906 0.128906 514 0.746094 0.128906 549 0.753906 0.136719 516 0.761719 0.128906 478 0.753906 0.121094 
519 0.878906 0.128906 518 0.871094 0.128906 551 0.878906 0.136719 520 0.886719 0.128906 483 0.878906 0.121094 
525 0.980469 0.128906 524 0.972656 0.128906 556 0.980469 0.136719 526 0.988281 0.128906 490 0.980469 0.121094 
531 0.230469 0.136719 530 0.222656 0.136719 561 0.230469 0.144531 532 0.238281 0.136719 501 0.230469 0.128906 
534 0.269531 0.136719 533 0.261719 0.136719 562 0.269531 0.144531 535 0.277344 0.136719 503 0.269531 0.128906 
538 0.410156 0.136719 537 0.402344 0.136719 565 0.410156 0.144531 539 0.417969 0.136719 508 0.410156 0.128906 
542 0.644531 0.136719 541 0.636719 0.136719 570 0.644531 0.144531 543 0.652344 0.136719 511 0.644531 0.128906 
545 0.691406 0.136719 544 0.683594 0.136719 572 0.691406 0.144531 546 0.699219 0.136719 512 0.691406 0.128906 
551 0.878906 0.136719 550 0.871094 0.136719 581 0.878906 0.144531 552 0.886719 0.136719 519 0.878906 0.128906 
554 0.910156 0.136719 553 0.902344 0.136719 583 0.910156 0.144531 555 0.917969 0.136719 522 0.910156 0.128906 
558 0.113281 0.144531 557 0.105469 0.144531 587 0.113281 0.152344 559 0.121094 0.144531 528 0.113281 0.136719 
567 0.542969 0.144531 566 0.535156 0.144531 601 0.542969 0.152344 568 0.550781 0.144531 540 0.542969 0.136719 
570 0.644531 0.144531 569 0.636719 0.144531 603 0.644531 0.152344 571 0.652344 0.144531 542 0.644531 0.136719 
574 0.707031 0.144531 573 0.699219 0.144531 604 0.707031 0.152344 575 0.714844 0.144531 547 0.707031 0.136719 
577 0.746094 0.144531 576 0.738281 0.144531 605 0.746094 0.152344 578 0.753906 0.144531 548 0.746094 0.136719 
584 0.917969 0.144531 583 0.910156 0.144531 615 0.917969 0.152344 585 0.925781 0.144531 555 0.917969 0.136719 
589 0.222656 0.152344 588 0.214844 0.152344 622 0.222656 0.160156 590 0.230469 0.152344 560 0.222656 0.144531 
592 0.324219 0.152344 591 0.316406 0.152344 624 0.324219 0.160156 593 0.332031 0.152344 563 0.324219 0.144531 
595 0.378906 0.152344 594 0.371094 0.152344 625 0.378906 0.160156 596 0.386719 0.152344 564 0.378906 0.144531 
598 0.410156 0.152344 597 0.402344 0.152344 626 0.410156 0.160156 599 0.417969 0.152344 565 0.410156 0.144531 
607 0.800781 0.152344 606 0.792969 0.152344 635 0.800781 0.160156 608 0.808594 0.152344 579 0.800781 0.144531 
611 0.871094 0.152344 610 0.863281 0.152344 639 0.871094 0.160156 612 0.878906 0.152344 580 0.871094 0.144531 
613 0.886719 0.152344 612 0.878906 0.152344 640 0.886719 0.160156 614 0.894531 0.152344 582 0.886719 0.144531 
618 0.003906 0.160156 647 0.996094 0.160156 648 0.003906 0.167969 619 0.011719 0.160156 586 0.003906 0.152344 
628 0.519531 0.160156 627 0.511719 0.160156 662 0.519531 0.167969 629 0.527344 0.160156 600 0.519531 0.152344 
631 0.636719 0.160156 630 0.628906 0.160156 663 0.636719 0.167969 632 0.644531 0.160156 602 0.636719 0.152344 
637 0.847656 0.160156 636 0.839844 0.160156 668 0.847656 0.167969 638 0.855469 0.160156 609 0.847656 0.152344 
643 0.925781 0.160156 642 0.917969 0.160156 672 0.925781 0.167969 644 0.933594 0.160156 616 0.925781 0.152344 
644 0.933594 0.160156 643 0.925781 0.160156 673 0.933594 0.167969 645 0.941406 0.160156 617 0.933594 0.152344 
650 0.050781 0.167969 649 0.042969 0.167969 680 0.050781 0.175781 651 0.058594 0.167969 620 0.050781 0.160156 
653 0.191406 0.167969 652 0.183594 0.167969 684 0.191406 0.175781 654 0.199219 0.167969 621 0.191406 0.160156 
656 0.277344 0.167969 655 0.269531 0.167969 685 0.277344 0.175781 657 0.285156 0.167969 623 0.277344 0.160156 
665 0.722656 0.167969 664 0.714844 0.167969 703 0.722656 0.175781 666 0.730469 0.167969 633 0.722656 0.160156 
666 0.730469 0.167969 665 0.722656 0.167969 704 0.730469 0.175781 667 0.738281 0.167969 634 0.730469 0.160156 
670 0.910156 0.167969 669 0.902344 0.167969 707 0.910156 0.175781 671 0.917969 0.167969 641 0.910156 0.160156 
675 0.972656 0.167969 674 0.964844 0.167969 708 0.972656 0.175781 676 0.980469 0.167969 646 0.972656 0.160156 
677 0.003906 0.175781 709 0.996094 0.175781 710 0.003906 0.183594 678 0.011719 0.175781 648 0.003906 0.167969 
681 0.058594 0.175781 680 0.050781 0.175781 715 0.058594 0.183594 682 0.066406 0.175781 651 0.058594 0.167969 
687 0.300781 0.175781 686 0.292969 0.175781 720 0.300781 0.183594 688 0.308594 0.175781 658 0.300781 0.167969 
690 0.324219 0.175781 689 0.316406 0.175781 721 0.324219 0.183594 691 0.332031 0.175781 659 0.324219 0.167969 
695 0.433594 0.175781 694 0.425781 0.175781 729 0.433594 0.183594 696 0.441406 0.175781 660 0.433594 0.167969 
698 0.480469 0.175781 697 0.472656 0.175781 730 0.480469 0.183594 699 0.488281 0.175781 661 0.480469 0.167969 
712 0.019531 0.183594 711 0.011719 0.183594 743 0.019531 0.191406 713 0.027344 0.183594 679 0.019531 0.175781 
717 0.136719 0.183594 716 0.128906 0.183594 747 0.136719 0.191406 718 0.144531 0.183594 683 0.136719 0.175781 
724 0.386719 0.183594 723 0.378906 0.183594 757 0.386719 0.191406 725 0.394531 0.183594 692 0.386719 0.175781 
727 0.417969 0.183594 726 0.410156 0.183594 760 0.417969 0.191406 728 0.425781 0.183594 693 0.417969 0.175781 
732 0.535156 0.183594 731 0.527344 0.183594 762 0.535156 0.191406 733 0.542969 0.183594 700 0.535156 0.175781 
735 0.652344 0.183594 734 0.644531 0.183594 764 0.652344 0.191406 736 0.660156 0.183594 701 0.652344 0.175781 
736 0.660156 0.183594 735 0.652344 0.183594 765 0.660156 0.191406 737 0.667969 0.183594 702 0.660156 0.175781 
739 0.800781 0.183594 738 0.792969 0.183594 766 0.800781 0.191406 740 0.808594 0.183594 705 0.800781 0.175781 
741 0.816406 0.183594 740 0.808594 0.183594 767 0.816406 0.191406 742 0.824219 0.183594 706 0.816406 0.175781 
745 0.042969 0.191406 744 0.035156 0.191406 768 0.042969 0.199219 746 0.050781 0.191406 714 0.042969 0.183594 
751 0.269531 0.191406 750 0.261719 0.191406 773 0.269531 0.199219 752 0.277344 0.191406 719 0.269531 0.183594 
754 0.332031 0.191406 753 0.324219 0.191406 774 0.332031 0.199219 755 0.339844 0.191406 722 0.332031 0.183594 
759 0.410156 0.191406 758 0.402344 0.191406 778 0.410156 0.199219 760 0.417969 0.191406 726 0.410156 0.183594 
770 0.199219 0.199219 769 0.191406 0.199219 790 0.199219 0.207031 771 0.207031 0.199219 748 0.199219 0.191406 
771 0.207031 0.199219 770 0.199219 0.199219 791 0.207031 0.207031 772 0.214844 0.199219 749 0.207031 0.191406 
776 0.371094 0.199219 775 0.363281 0.199219 793 0.371094 0.207031 777 0.378906 0.199219 756 0.371094 0.191406 
780 0.441406 0.199219 779 0.433594 0.199219 794 0.441406 0.207031 781 0.449219 0.199219 761 0.441406 0.191406 
783 0.589844 0.199219 782 0.582031 0.199219 796 0.589844 0.207031 784 0.597656 0.199219 763 0.589844 0.191406 
790 0.199219 0.207031 789 0.191406 0.207031 812 0.199219 0.214844 791 0.207031 0.207031 770 0.199219 0.199219 
799 0.738281 0.207031 798 0.730469 0.207031 824 0.738281 0.214844 800 0.746094 0.207031 785 0.738281 0.199219 
802 0.761719 0.207031 801 0.753906 0.207031 827 0.761719 0.214844 803 0.769531 0.207031 786 0.761719 0.199219 
806 0.894531 0.207031 805 0.886719 0.207031 833 0.894531 0.214844 807 0.902344 0.207031 787 0.894531 0.199219 
810 0.121094 0.214844 809 0.113281 0.214844 838 0.121094 0.222656 811 0.128906 0.214844 788 0.121094 0.207031 
815 0.363281 0.214844 814 0.355469 0.214844 842 0.363281 0.222656 816 0.371094 0.214844 792 0.363281 0.207031 
818 0.582031 0.214844 817 0.574219 0.214844 845 0.582031 0.222656 819 0.589844 0.214844 795 0.582031 0.207031 
821 0.636719 0.214844 820 0.628906 0.214844 847 0.636719 0.222656 822 0.644531 0.214844 797 0.636719 0.207031 
826 0.753906 0.214844 825 0.746094 0.214844 852 0.753906 0.222656 827 0.761719 0.214844 801 0.753906 0.207031 
829 0.816406 0.214844 828 0.808594 0.214844 854 0.816406 0.222656 830 0.824219 0.214844 804 0.816406 0.207031 
832 0.886719 0.214844 831 0.878906 0.214844 856 0.886719 0.222656 833 0.894531 0.214844 805 0.886719 0.207031 
836 0.089844 0.222656 835 0.082031 0.222656 865 0.089844 0.230469 837 0.097656 0.222656 808 0.089844 0.214844 
840 0.261719 0.222656 839 0.253906 0.222656 870 0.261719 0.230469 841 0.269531 0.222656 813 0.261719 0.214844 
850 0.714844 0.222656 849 0.707031 0.222656 885 0.714844 0.230469 851 0.722656 0.222656 823 0.714844 0.214844 
856 0.886719 0.222656 855 0.878906 0.222656 890 0.886719 0.230469 857 0.894531 0.222656 832 0.886719 0.214844 
860 0.964844 0.222656 859 0.957031 0.222656 894 0.964844 0.230469 861 0.972656 0.222656 834 0.964844 0.214844 
865 0.089844 0.230469 864 0.082031 0.230469 902 0.089844 0.238281 866 0.097656 0.230469 836 0.089844 0.222656 
873 0.386719 0.230469 872 0.378906 0.230469 918 0.386719 0.238281 874 0.394531 0.230469 843 0.386719 0.222656 
877 0.496094 0.230469 876 0.488281 0.230469 922 0.496094 0.238281 878 0.503906 0.230469 844 0.496094 0.222656 
880 0.605469 0.230469 879 0.597656 0.230469 924 0.605469 0.238281 881 0.613281 0.230469 846 0.605469 0.222656 
883 0.660156 0.230469 882 0.652344 0.230469 925 0.660156 0.238281 884 0.667969 0.230469 848 0.660156 0.222656 
888 0.792969 0.230469 887 0.785156 0.230469 929 0.792969 0.238281 889 0.800781 0.230469 853 0.792969 0.222656 
892 0.925781 0.230469 891 0.917969 0.230469 932 0.925781 0.238281 893 0.933594 0.230469 858 0.925781 0.222656 
896 0.988281 0.230469 895 0.980469 0.230469 933 0.988281 0.238281 897 0.996094 0.230469 862 0.988281 0.222656 
899 0.050781 0.238281 898 0.042969 0.238281 934 0.050781 0.246094 900 0.058594 0.238281 863 0.050781 0.230469 
905 0.167969 0.238281 904 0.160156 0.238281 941 0.167969 0.246094 906 0.175781 0.238281 867 0.167969 0.230469 
908 0.191406 0.238281 907 0.183594 0.238281 942 0.191406 0.246094 909 0.199219 0.238281 868 0.191406 0.230469 
911 0.214844 0.238281 910 0.207031 0.238281 943 0.214844 0.246094 912 0.222656 0.238281 869 0.214844 0.230469 
914 0.269531 0.238281 913 0.261719 0.238281 944 0.269531 0.246094 915 0.277344 0.238281 871 0.269531 0.230469 
917 0.378906 0.238281 916 0.371094 0.238281 945 0.378906 0.246094 918 0.386719 0.238281 872 0.378906 0.230469 
920 0.472656 0.238281 919 0.464844 0.238281 946 0.472656 0.246094 921 0.480469 0.238281 875 0.472656 0.230469 
927 0.769531 0.238281 926 0.761719 0.238281 953 0.769531 0.246094 928 0.777344 0.238281 886 0.769531 0.230469 
936 0.074219 0.246094 935 0.066406 0.246094 960 0.074219 0.253906 937 0.082031 0.246094 901 0.074219 0.238281 
939 0.105469 0.246094 938 0.097656 0.246094 962 0.105469 0.253906 940 0.113281 0.246094 903 0.105469 0.238281 
948 0.496094 0.246094 947 0.488281 0.246094 967 0.496094 0.253906 949 0.503906 0.246094 922 0.496094 0.238281 
951 0.589844 0.246094 950 0.582031 0.246094 970 0.589844 0.253906 952 0.597656 0.246094 923 0.589844 0.238281 
955 0.886719 0.246094 954 0.878906 0.246094 971 0.886719 0.253906 956 0.894531 0.246094 930 0.886719 0.238281 
957 0.902344 0.246094 956 0.894531 0.246094 972 0.902344 0.253906 958 0.910156 0.246094 931 0.902344 0.238281 
960 0.074219 0.253906 959 0.066406 0.253906 975 0.074219 0.261719 961 0.082031 0.253906 936 0.074219 0.246094 
966 0.488281 0.253906 965 0.480469 0.253906 985 0.488281 0.261719 967 0.496094 0.253906 947 0.488281 0.246094 
978 0.128906 0.261719 977 0.121094 0.261719 1004 0.128906 0.269531 979 0.136719 0.261719 963 0.128906 0.253906 
980 0.144531 0.261719 979 0.136719 0.261719 1005 0.144531 0.269531 981 0.152344 0.261719 964 0.144531 0.253906 
987 0.503906 0.261719 986 0.496094 0.261719 1016 0.503906 0.269531 988 0.511719 0.261719 968 0.503906 0.253906 
990 0.582031 0.261719 989 0.574219 0.261719 1018 0.582031 0.269531 991 0.589844 0.261719 969 0.582031 0.253906 
994 0.933594 0.261719 993 0.925781 0.261719 1026 0.933594 0.269531 995 0.941406 0.261719 973 0.933594 0.253906 
999 0.066406 0.269531 998 0.058594 0.269531 1032 0.066406 0.277344 1000 0.074219 0.269531 974 0.066406 0.261719 
1002 0.113281 0.269531 1001 0.105469 0.269531 1033 0.113281 0.277344 1003 0.121094 0.269531 976 0.113281 0.261719 
1007 0.183594 0.269531 1006 0.175781 0.269531 1034 0.183594 0.277344 1008 0.191406 0.269531 982 0.183594 0.261719 
1011 0.386719 0.269531 1010 0.378906 0.269531 1038 0.386719 0.277344 1012 0.394531 0.269531 983 0.386719 0.261719 
1014 0.433594 0.269531 1013 0.425781 0.269531 1040 0.433594 0.277344 1015 0.441406 0.269531 984 0.433594 0.261719 
1020 0.785156 0.269531 1019 0.777344 0.269531 1047 0.785156 0.277344 1021 0.792969 0.269531 992 0.785156 0.261719 
1025 0.925781 0.269531 1024 0.917969 0.269531 1055 0.925781 0.277344 1026 0.933594 0.269531 993 0.925781 0.261719 
1028 0.996094 0.269531 1027 0.988281 0.269531 1056 0.996094 0.277344 997 0.003906 0.269531 996 0.996094 0.261719 
1031 0.058594 0.277344 1030 0.050781 0.277344 1061 0.058594 0.285156 1032 0.066406 0.277344 998 0.058594 0.269531 
1036 0.316406 0.277344 1035 0.308594 0.277344 1065 0.316406 0.285156 1037 0.324219 0.277344 1009 0.316406 0.269531 
1044 0.519531 0.277344 1043 0.511719 0.277344 1076 0.519531 0.285156 1045 0.527344 0.277344 1017 0.519531 0.269531 
1049 0.800781 0.277344 1048 0.792969 0.277344 1082 0.800781 0.285156 1050 0.808594 0.277344 1022 0.800781 0.269531 
1052 0.847656 0.277344 1051 0.839844 0.277344 1084 0.847656 0.285156 1053 0.855469 0.277344 1023 0.847656 0.269531 
1058 0.011719 0.285156 1057 0.003906 0.285156 1090 0.011719 0.292969 1059 0.019531 0.285156 1029 0.011719 0.277344 
1068 0.394531 0.285156 1067 0.386719 0.285156 1107 0.394531 0.292969 1069 0.402344 0.285156 1039 0.394531 0.277344 
1071 0.480469 0.285156 1070 0.472656 0.285156 1109 0.480469 0.292969 1072 0.488281 0.285156 1041 0.480469 0.277344 
1074 0.503906 0.285156 1073 0.496094 0.285156 1110 0.503906 0.292969 1075 0.511719 0.285156 1042 0.503906 0.277344 
1079 0.605469 0.285156 1078 0.597656 0.285156 1115 0.605469 0.292969 1080 0.613281 0.285156 1046 0.605469 0.277344 
1086 0.894531 0.285156 1085 0.886719 0.285156 1126 0.894531 0.292969 1087 0.902344 0.285156 1054 0.894531 0.277344 
1092 0.027344 0.292969 1091 0.019531 0.292969 1134 0.027344 0.300781 1093 0.035156 0.292969 1060 0.027344 0.285156 
1095 0.089844 0.292969 1094 0.082031 0.292969 1135 0.089844 0.300781 1096 0.097656 0.292969 1062 0.089844 0.285156 
1098 0.167969 0.292969 1097 0.160156 0.292969 1136 0.167969 0.300781 1099 0.175781 0.292969 1063 0.167969 0.285156 
1101 0.246094 0.292969 1100 0.238281 0.292969 1138 0.246094 0.300781 1102 0.253906 0.292969 1064 0.246094 0.285156 
1105 0.324219 0.292969 1104 0.316406 0.292969 1142 0.324219 0.300781 1106 0.332031 0.292969 1066 0.324219 0.285156 
1112 0.527344 0.292969 1111 0.519531 0.292969 1147 0.527344 0.300781 1113 0.535156 0.292969 1077 0.527344 0.285156 
1119 0.769531 0.292969 1118 0.761719 0.292969 1157 0.769531 0.300781 1120 0.777344 0.292969 1081 0.769531 0.285156 
1123 0.839844 0.292969 1122 0.832031 0.292969 1161 0.839844 0.300781 1124 0.847656 0.292969 1083 0.839844 0.285156 
1124 0.847656 0.292969 1123 0.839844 0.292969 1162 0.847656 0.300781 1125 0.855469 0.292969 1084 0.847656 0.285156 
1129 0.941406 0.292969 1128 0.933594 0.292969 1167 0.941406 0.300781 1130 0.949219 0.292969 1088 0.941406 0.285156 
1130 0.949219 0.292969 1129 0.941406 0.292969 1168 0.949219 0.300781 1131 0.957031 0.292969 1089 0.949219 0.285156 
1140 0.292969 0.300781 1139 0.285156 0.300781 1177 0.292969 0.308594 1141 0.300781 0.300781 1103 0.292969 0.292969 
1145 0.457031 0.300781 1144 0.449219 0.300781 1182 0.457031 0.308594 1146 0.464844 0.300781 1108 0.457031 0.292969 
1149 0.566406 0.300781 1148 0.558594 0.300781 1184 0.566406 0.308594 1150 0.574219 0.300781 1114 0.566406 0.292969 
1152 0.722656 0.300781 1151 0.714844 0.300781 1187 0.722656 0.308594 1153 0.730469 0.300781 1116 0.722656 0.292969 
1155 0.746094 0.300781 1154 0.738281 0.300781 1188 0.746094 0.308594 1156 0.753906 0.300781 1117 0.746094 0.292969 
1159 0.785156 0.300781 1158 0.777344 0.300781 1190 0.785156 0.308594 1160 0.792969 0.300781 1121 0.785156 0.292969 
1162 0.847656 0.300781 1161 0.839844 0.300781 1191 0.847656 0.308594 1163 0.855469 0.300781 1124 0.847656 0.292969 
1165 0.910156 0.300781 1164 0.902344 0.300781 1195 0.910156 0.308594 1166 0.917969 0.300781 1127 0.910156 0.292969 
1170 0.980469 0.300781 1169 0.972656 0.300781 1196 0.980469 0.308594 1171 0.988281 0.300781 1132 0.980469 0.292969 
1171 0.988281 0.300781 1170 0.980469 0.300781 1197 0.988281 0.308594 1172 0.996094 0.300781 1133 0.988281 0.292969 
1175 0.238281 0.308594 1174 0.230469 0.308594 1203 0.238281 0.316406 1176 0.246094 0.308594 1137 0.238281 0.300781 
1180 0.378906 0.308594 1179 0.371094 0.308594 1208 0.378906 0.316406 1181 0.386719 0.308594 1143 0.378906 0.300781 
1184 0.566406 0.308594 1183 0.558594 0.308594 1213 0.566406 0.316406 1185 0.574219 0.308594 1149 0.566406 0.300781 
1192 0.855469 0.308594 1191 0.847656 0.308594 1220 0.855469 0.316406 1193 0.863281 0.308594 1163 0.855469 0.300781 
1201 0.222656 0.316406 1200 0.214844 0.316406 1230 0.222656 0.324219 1202 0.230469 0.316406 1173 0.222656 0.308594 
1205 0.355469 0.316406 1204 0.347656 0.316406 1233 0.355469 0.324219 1206 0.363281 0.316406 1178 0.355469 0.308594 
1207 0.371094 0.316406 1206 0.363281 0.316406 1234 0.371094 0.324219 1208 0.378906 0.316406 1179 0.371094 0.308594 
1210 0.457031 0.316406 1209 0.449219 0.316406 1236 0.457031 0.324219 1211 0.464844 0.316406 1182 0.457031 0.308594 
1215 0.707031 0.316406 1214 0.699219 0.316406 1242 0.707031 0.324219 1216 0.714844 0.316406 1186 0.707031 0.308594 
1218 0.769531 0.316406 1217 0.761719 0.316406 1244 0.769531 0.324219 1219 0.777344 0.316406 1189 0.769531 0.308594 
1222 0.894531 0.316406 1221 0.886719 0.316406 1245 0.894531 0.324219 1223 0.902344 0.316406 1194 0.894531 0.308594 
1225 0.027344 0.324219 1224 0.019531 0.324219 1248 0.027344 0.332031 1226 0.035156 0.324219 1198 0.027344 0.316406 
1228 0.136719 0.324219 1227 0.128906 0.324219 1249 0.136719 0.332031 1229 0.144531 0.324219 1199 0.136719 0.316406 
1238 0.527344 0.324219 1237 0.519531 0.324219 1263 0.527344 0.332031 1239 0.535156 0.324219 1212 0.527344 0.316406 
1247 0.019531 0.332031 1246 0.011719 0.332031 1274 0.019531 0.339844 1248 0.027344 0.332031 1224 0.019531 0.324219 
1254 0.300781 0.332031 1253 0.292969 0.332031 1282 0.300781 0.339844 1255 0.308594 0.332031 1231 0.300781 0.324219 
1256 0.316406 0.332031 1255 0.308594 0.332031 1283 0.316406 0.339844 1257 0.324219 0.332031 1232 0.316406 0.324219 
1260 0.394531 0.332031 1259 0.386719 0.332031 1288 0.394531 0.339844 1261 0.402344 0.332031 1235 0.394531 0.324219 
1265 0.542969 0.332031 1264 0.535156 0.332031 1293 0.542969 0.339844 1266 0.550781 0.332031 1240 0.542969 0.324219 
1267 0.558594 0.332031 1266 0.550781 0.332031 1295 0.558594 0.339844 1268 0.566406 0.332031 1241 0.558594 0.324219 
1271 0.753906 0.332031 1270 0.746094 0.332031 1301 0.753906 0.339844 1272 0.761719 0.332031 1243 0.753906 0.324219 
1276 0.144531 0.339844 1275 0.136719 0.339844 1311 0.144531 0.347656 1277 0.152344 0.339844 1250 0.144531 0.332031 
1278 0.160156 0.339844 1277 0.152344 0.339844 1312 0.160156 0.347656 1279 0.167969 0.339844 1251 0.160156 0.332031 
1279 0.167969 0.339844 1278 0.160156 0.339844 1313 0.167969 0.347656 1280 0.175781 0.339844 1252 0.167969 0.332031 
1285 0.332031 0.339844 1284 0.324219 0.339844 1322 0.332031 0.347656 1286 0.339844 0.339844 1258 0.332031 0.332031 
1288 0.394531 0.339844 1287 0.386719 0.339844 1323 0.394531 0.347656 1289 0.402344 0.339844 1260 0.394531 0.332031 
1290 0.410156 0.339844 1289 0.402344 0.339844 1324 0.410156 0.347656 1291 0.417969 0.339844 1262 0.410156 0.332031 
1294 0.550781 0.339844 1293 0.542969 0.339844 1330 0.550781 0.347656 1295 0.558594 0.339844 1266 0.550781 0.332031 
1297 0.605469 0.339844 1296 0.597656 0.339844 1332 0.605469 0.347656 1298 0.613281 0.339844 1269 0.605469 0.332031 
1302 0.761719 0.339844 1301 0.753906 0.339844 1340 0.761719 0.347656 1303 0.769531 0.339844 1272 0.761719 0.332031 
1305 0.863281 0.339844 1304 0.855469 0.339844 1343 0.863281 0.347656 1306 0.871094 0.339844 1273 0.863281 0.332031 
1317 0.292969 0.347656 1316 0.285156 0.347656 1367 0.292969 0.355469 1318 0.300781 0.347656 1281 0.292969 0.339844 
1320 0.316406 0.347656 1319 0.308594 0.347656 1368 0.316406 0.355469 1321 0.324219 0.347656 1283 0.316406 0.339844 
1327 0.496094 0.347656 1326 0.488281 0.347656 1372 0.496094 0.355469 1328 0.503906 0.347656 1292 0.496094 0.339844 
1334 0.675781 0.347656 1333 0.667969 0.347656 1380 0.675781 0.355469 1335 0.683594 0.347656 1299 0.675781 0.339844 
1337 0.699219 0.347656 1336 0.691406 0.347656 1381 0.699219 0.355469 1338 0.707031 0.347656 1300 0.699219 0.339844 
1348 0.902344 0.347656 1347 0.894531 0.347656 1398 0.902344 0.355469 1349 0.910156 0.347656 1307 0.902344 0.339844 
1352 0.058594 0.355469 1351 0.050781 0.355469 1402 0.058594 0.363281 1353 0.066406 0.355469 1308 0.058594 0.347656 
1355 0.097656 0.355469 1354 0.089844 0.355469 1405 0.097656 0.363281 1356 0.105469 0.355469 1309 0.097656 0.347656 
1358 0.128906 0.355469 1357 0.121094 0.355469 1408 0.128906 0.363281 1359 0.136719 0.355469 1310 0.128906 0.347656 
1362 0.222656 0.355469 1361 0.214844 0.355469 1412 0.222656 0.363281 1363 0.230469 0.355469 1314 0.222656 0.347656 
1365 0.277344 0.355469 1364 0.269531 0.355469 1413 0.277344 0.363281 1366 0.285156 0.355469 1315 0.277344 0.347656 
1370 0.472656 0.355469 1369 0.464844 0.355469 1414 0.472656 0.363281 1371 0.480469 0.355469 1325 0.472656 0.347656 
1374 0.542969 0.355469 1373 0.535156 0.355469 1416 0.542969 0.363281 1375 0.550781 0.355469 1329 0.542969 0.347656 
1377 0.574219 0.355469 1376 0.566406 0.355469 1417 0.574219 0.363281 1378 0.582031 0.355469 1331 0.574219 0.347656 
1383 0.722656 0.355469 1382 0.714844 0.355469 1424 0.722656 0.363281 1384 0.730469 0.355469 1339 0.722656 0.347656 
1386 0.761719 0.355469 1385 0.753906 0.355469 1425 0.761719 0.363281 1387 0.769531 0.355469 1340 0.761719 0.347656 
1389 0.816406 0.355469 1388 0.808594 0.355469 1426 0.816406 0.363281 1390 0.824219 0.355469 1341 0.816406 0.347656 
1391 0.832031 0.355469 1390 0.824219 0.355469 1427 0.832031 0.363281 1392 0.839844 0.355469 1342 0.832031 0.347656 
1394 0.871094 0.355469 1393 0.863281 0.355469 1428 0.871094 0.363281 1395 0.878906 0.355469 1344 0.871094 0.347656 
1395 0.878906 0.355469 1394 0.871094 0.355469 1429 0.878906 0.363281 1396 0.886719 0.355469 1345 0.878906 0.347656 
1396 0.886719 0.355469 1395 0.878906 0.355469 1430 0.886719 0.363281 1397 0.894531 0.355469 1346 0.886719 0.347656 
1400 0.917969 0.355469 1399 0.910156 0.355469 1431 0.917969 0.363281 1401 0.925781 0.355469 1350 0.917969 0.347656 
1404 0.089844 0.363281 1403 0.082031 0.363281 1433 0.089844 0.371094 1405 0.097656 0.363281 1354 0.089844 0.355469 
1407 0.121094 0.363281 1406 0.113281 0.363281 1435 0.121094 0.371094 1408 0.128906 0.363281 1357 0.121094 0.355469 
1410 0.144531 0.363281 1409 0.136719 0.363281 1436 0.144531 0.371094 1411 0.152344 0.363281 1360 0.144531 0.355469 
1419 0.597656 0.363281 1418 0.589844 0.363281 1445 0.597656 0.371094 1420 0.605469 0.363281 1379 0.597656 0.355469 
1422 0.675781 0.363281 1421 0.667969 0.363281 1446 0.675781 0.371094 1423 0.683594 0.363281 1380 0.675781 0.355469 
1433 0.089844 0.371094 1432 0.082031 0.371094 1452 0.089844 0.378906 1434 0.097656 0.371094 1404 0.089844 0.363281 
1441 0.496094 0.371094 1440 0.488281 0.371094 1463 0.496094 0.378906 1442 0.503906 0.371094 1415 0.496094 0.363281 
1448 0.722656 0.371094 1447 0.714844 0.371094 1471 0.722656 0.378906 1449 0.730469 0.371094 1424 0.722656 0.363281 
1456 0.378906 0.378906 1455 0.371094 0.378906 1486 0.378906 0.386719 1457 0.386719 0.378906 1437 0.378906 0.371094 
1458 0.394531 0.378906 1457 0.386719 0.378906 1487 0.394531 0.386719 1459 0.402344 0.378906 1438 0.394531 0.371094 
1461 0.480469 0.378906 1460 0.472656 0.378906 1489 0.480469 0.386719 1462 0.488281 0.378906 1439 0.480469 0.371094 
1466 0.542969 0.378906 1465 0.535156 0.378906 1493 0.542969 0.386719 1467 0.550781 0.378906 1443 0.542969 0.371094 
1469 0.589844 0.378906 1468 0.582031 0.378906 1497 0.589844 0.386719 1470 0.597656 0.378906 1444 0.589844 0.371094 
1473 0.808594 0.378906 1472 0.800781 0.378906 1503 0.808594 0.386719 1474 0.816406 0.378906 1450 0.808594 0.371094 
1477 0.003906 0.386719 1511 0.996094 0.386719 1512 0.003906 0.394531 1478 0.011719 0.386719 1451 0.003906 0.378906 
1481 0.128906 0.386719 1480 0.121094 0.386719 1518 0.128906 0.394531 1482 0.136719 0.386719 1453 0.128906 0.378906 
1484 0.332031 0.386719 1483 0.324219 0.386719 1520 0.332031 0.394531 1485 0.339844 0.386719 1454 0.332031 0.378906 
1491 0.511719 0.386719 1490 0.503906 0.386719 1524 0.511719 0.394531 1492 0.519531 0.386719 1464 0.511719 0.378906 
1494 0.550781 0.386719 1493 0.542969 0.386719 1527 0.550781 0.394531 1495 0.558594 0.386719 1467 0.550781 0.378906 
1500 0.722656 0.386719 1499 0.714844 0.386719 1534 0.722656 0.394531 1501 0.730469 0.386719 1471 0.722656 0.378906 
1504 0.816406 0.386719 1503 0.808594 0.386719 1539 0.816406 0.394531 1505 0.824219 0.386719 1474 0.816406 0.378906 
1507 0.855469 0.386719 1506 0.847656 0.386719 1540 0.855469 0.394531 1508 0.863281 0.386719 1475 0.855469 0.378906 
1510 0.988281 0.386719 1509 0.980469 0.386719 1543 0.988281 0.394531 1511 0.996094 0.386719 1476 0.988281 0.378906 
1515 0.089844 0.394531 1514 0.082031 0.394531 1547 0.089844 0.402344 1516 0.097656 0.394531 1479 0.089844 0.386719 
1522 0.441406 0.394531 1521 0.433594 0.394531 1556 0.441406 0.402344 1523 0.449219 0.394531 1488 0.441406 0.386719 
1529 0.582031 0.394531 1528 0.574219 0.394531 1562 0.582031 0.402344 1530 0.589844 0.394531 1496 0.582031 0.386719 
1532 0.660156 0.394531 1531 0.652344 0.394531 1563 0.660156 0.402344 1533 0.667969 0.394531 1498 0.660156 0.386719 
1536 0.738281 0.394531 1535 0.730469 0.394531 1567 0.738281 0.402344 1537 0.746094 0.394531 1502 0.738281 0.386719 
1541 0.863281 0.394531 1540 0.855469 0.394531 1571 0.863281 0.402344 1542 0.871094 0.394531 1508 0.863281 0.386719 
1545 0.050781 0.402344 1544 0.042969 0.402344 1575 0.050781 0.410156 1546 0.058594 0.402344 1513 0.050781 0.394531 
1549 0.105469 0.402344 1548 0.097656 0.402344 1576 0.105469 0.410156 1550 0.113281 0.402344 1517 0.105469 0.394531 
1552 0.183594 0.402344 1551 0.175781 0.402344 1577 0.183594 0.410156 1553 0.191406 0.402344 1519 0.183594 0.394531 
1558 0.535156 0.402344 1557 0.527344 0.402344 1584 0.535156 0.410156 1559 0.542969 0.402344 1525 0.535156 0.394531 
1559 0.542969 0.402344 1558 0.535156 0.402344 1585 0.542969 0.410156 1560 0.550781 0.402344 1526 0.542969 0.394531 
1565 0.722656 0.402344 1564 0.714844 0.402344 1589 0.722656 0.410156 1566 0.730469 0.402344 1534 0.722656 0.394531 
1569 0.761719 0.402344 1568 0.753906 0.402344 1590 0.761719 0.410156 1570 0.769531 0.402344 1538 0.761719 0.394531 
1573 0.988281 0.402344 1572 0.980469 0.402344 1596 0.988281 0.410156 1574 0.996094 0.402344 1543 0.988281 0.394531 
1579 0.292969 0.410156 1578 0.285156 0.410156 1601 0.292969 0.417969 1580 0.300781 0.410156 1554 0.292969 0.402344 
1582 0.324219 0.410156 1581 0.316406 0.410156 1602 0.324219 0.417969 1583 0.332031 0.410156 1555 0.324219 0.402344 
1587 0.558594 0.410156 1586 0.550781 0.410156 1605 0.558594 0.417969 1588 0.566406 0.410156 1561 0.558594 0.402344 
1591 0.769531 0.410156 1590 0.761719 0.410156 1608 0.769531 0.417969 1592 0.777344 0.410156 1570 0.769531 0.402344 
1607 0.761719 0.417969 1606 0.753906 0.417969 1634 0.761719 0.425781 1608 0.769531 0.417969 1590 0.761719 0.410156 
1610 0.785156 0.417969 1609 0.777344 0.417969 1637 0.785156 0.425781 1611 0.792969 0.417969 1593 0.785156 0.410156 
1613 0.902344 0.417969 1612 0.894531 0.417969 1638 0.902344 0.425781 1614 0.910156 0.417969 1594 0.902344 0.410156 
1614 0.910156 0.417969 1613 0.902344 0.417969 1639 0.910156 0.425781 1615 0.917969 0.417969 1595 0.910156 0.410156 
1618 0.027344 0.425781 1617 0.019531 0.425781 1644 0.027344 0.433594 1619 0.035156 0.425781 1597 0.027344 0.417969 
1619 0.035156 0.425781 1618 0.027344 0.425781 1645 0.035156 0.433594 1620 0.042969 0.425781 1598 0.035156 0.417969 
1622 0.207031 0.425781 1621 0.199219 0.425781 1652 0.207031 0.433594 1623 0.214844 0.425781 1599 0.207031 0.417969 
1625 0.261719 0.425781 1624 0.253906 0.425781 1653 0.261719 0.433594 1626 0.269531 0.425781 1600 0.261719 0.417969 
1628 0.464844 0.425781 1627 0.457031 0.425781 1654 0.464844 0.433594 1629 0.472656 0.425781 1603 0.464844 0.417969 
1631 0.535156 0.425781 1630 0.527344 0.425781 1655 0.535156 0.433594 1632 0.542969 0.425781 1604 0.535156 0.417969 
1635 0.769531 0.425781 1634 0.761719 0.425781 1659 0.769531 0.433594 1636 0.777344 0.425781 1608 0.769531 0.417969 
1642 0.972656 0.425781 1641 0.964844 0.425781 1664 0.972656 0.433594 1643 0.980469 0.425781 1616 0.972656 0.417969 
1651 0.199219 0.433594 1650 0.191406 0.433594 1678 0.199219 0.441406 1652 0.207031 0.433594 1621 0.199219 0.425781 
1657 0.613281 0.433594 1656 0.605469 0.433594 1683 0.613281 0.441406 1658 0.621094 0.433594 1633 0.613281 0.425781 
1661 0.941406 0.433594 1660 0.933594 0.433594 1690 0.941406 0.441406 1662 0.949219 0.433594 1640 0.941406 0.425781 
1667 0.027344 0.441406 1666 0.019531 0.441406 1698 0.027344 0.449219 1668 0.035156 0.441406 1644 0.027344 0.433594 
1669 0.042969 0.441406 1668 0.035156 0.441406 1699 0.042969 0.449219 1670 0.050781 0.441406 1646 0.042969 0.433594 
1672 0.152344 0.441406 1671 0.144531 0.441406 1702 0.152344 0.449219 1673 0.160156 0.441406 1647 0.152344 0.433594 
1675 0.175781 0.441406 1674 0.167969 0.441406 1703 0.175781 0.449219 1676 0.183594 0.441406 1648 0.175781 0.433594 
1676 0.183594 0.441406 1675 0.175781 0.441406 1704 0.183594 0.449219 1677 0.191406 0.441406 1649 0.183594 0.433594 
1678 0.199219 0.441406 1677 0.191406 0.441406 1705 0.199219 0.449219 1679 0.207031 0.441406 1651 0.199219 0.433594 
1690 0.941406 0.441406 1689 0.933594 0.441406 1728 0.941406 0.449219 1691 0.949219 0.441406 1661 0.941406 0.433594 
1693 0.964844 0.441406 1692 0.957031 0.441406 1729 0.964844 0.449219 1694 0.972656 0.441406 1663 0.964844 0.433594 
1696 0.011719 0.449219 1695 0.003906 0.449219 1730 0.011719 0.457031 1697 0.019531 0.449219 1665 0.011719 0.441406 
1707 0.339844 0.449219 1706 0.332031 0.449219 1738 0.339844 0.457031 1708 0.347656 0.449219 1680 0.339844 0.441406 
1710 0.550781 0.449219 1709 0.542969 0.449219 1742 0.550781 0.457031 1711 0.558594 0.449219 1681 0.550781 0.441406 
1712 0.566406 0.449219 1711 0.558594 0.449219 1743 0.566406 0.457031 1713 0.574219 0.449219 1682 0.566406 0.441406 
1715 0.699219 0.449219 1714 0.691406 0.449219 1744 0.699219 0.457031 1716 0.707031 0.449219 1684 0.699219 0.441406 
1718 0.792969 0.449219 1717 0.785156 0.449219 1745 0.792969 0.457031 1719 0.800781 0.449219 1685 0.792969 0.441406 
1720 0.808594 0.449219 1719 0.800781 0.449219 1746 0.808594 0.457031 1721 0.816406 0.449219 1686 0.808594 0.441406 
1723 0.871094 0.449219 1722 0.863281 0.449219 1747 0.871094 0.457031 1724 0.878906 0.449219 1687 0.871094 0.441406 
1726 0.925781 0.449219 1725 0.917969 0.449219 1750 0.925781 0.457031 1727 0.933594 0.449219 1688 0.925781 0.441406 
1732 0.066406 0.457031 1731 0.058594 0.457031 1751 0.066406 0.464844 1733 0.074219 0.457031 1700 0.066406 0.449219 
1734 0.082031 0.457031 1733 0.074219 0.457031 1752 0.082031 0.464844 1735 0.089844 0.457031 1701 0.082031 0.449219 
1739 0.347656 0.457031 1738 0.339844 0.457031 1761 0.347656 0.464844 1740 0.355469 0.457031 1708 0.347656 0.449219 
1748 0.878906 0.457031 1747 0.871094 0.457031 1773 0.878906 0.464844 1749 0.886719 0.457031 1724 0.878906 0.449219 
1754 0.097656 0.464844 1753 0.089844 0.464844 1779 0.097656 0.472656 1755 0.105469 0.464844 1736 0.097656 0.457031 
1758 0.144531 0.464844 1757 0.136719 0.464844 1783 0.144531 0.472656 1759 0.152344 0.464844 1737 0.144531 0.457031 
1765 0.472656 0.464844 1764 0.464844 0.464844 1794 0.472656 0.472656 1766 0.480469 0.464844 1741 0.472656 0.457031 
1771 0.792969 0.464844 1770 0.785156 0.464844 1804 0.792969 0.472656 1772 0.800781 0.464844 1745 0.792969 0.457031 
1774 0.886719 0.464844 1773 0.878906 0.464844 1806 0.886719 0.472656 1775 0.894531 0.464844 1749 0.886719 0.457031 
1781 0.128906 0.472656 1780 0.121094 0.472656 1816 0.128906 0.480469 1782 0.136719 0.472656 1756 0.128906 0.464844 
1783 0.144531 0.472656 1782 0.136719 0.472656 1817 0.144531 0.480469 1784 0.152344 0.472656 1758 0.144531 0.464844 
1786 0.292969 0.472656 1785 0.285156 0.472656 1818 0.292969 0.480469 1787 0.300781 0.472656 1760 0.292969 0.464844 
1789 0.402344 0.472656 1788 0.394531 0.472656 1821 0.402344 0.480469 1790 0.410156 0.472656 1762 0.402344 0.464844 
1792 0.433594 0.472656 1791 0.425781 0.472656 1822 0.433594 0.480469 1793 0.441406 0.472656 1763 0.433594 0.464844 
1796 0.503906 0.472656 1795 0.496094 0.472656 1824 0.503906 0.480469 1797 0.511719 0.472656 1767 0.503906 0.464844 
1799 0.558594 0.472656 1798 0.550781 0.472656 1825 0.558594 0.480469 1800 0.566406 0.472656 1768 0.558594 0.464844 
1802 0.605469 0.472656 1801 0.597656 0.472656 1828 0.605469 0.480469 1803 0.613281 0.472656 1769 0.605469 0.464844 
1806 0.886719 0.472656 1805 0.878906 0.472656 1832 0.886719 0.480469 1807 0.894531 0.472656 1774 0.886719 0.464844 
1809 0.910156 0.472656 1808 0.902344 0.472656 1833 0.910156 0.480469 1810 0.917969 0.472656 1776 0.910156 0.464844 
1811 0.003906 0.480469 1834 0.996094 0.480469 1835 0.003906 0.488281 1812 0.011719 0.480469 1777 0.003906 0.472656 
1814 0.066406 0.480469 1813 0.058594 0.480469 1836 0.066406 0.488281 1815 0.074219 0.480469 1778 0.066406 0.472656 
1820 0.394531 0.480469 1819 0.386719 0.480469 1841 0.394531 0.488281 1821 0.402344 0.480469 1788 0.394531 0.472656 
1827 0.597656 0.480469 1826 0.589844 0.480469 1846 0.597656 0.488281 1828 0.605469 0.480469 1801 0.597656 0.472656 
1839 0.144531 0.488281 1838 0.136719 0.488281 1861 0.144531 0.496094 1840 0.152344 0.488281 1817 0.144531 0.480469 
1843 0.441406 0.488281 1842 0.433594 0.488281 1864 0.441406 0.496094 1844 0.449219 0.488281 1823 0.441406 0.480469 
1848 0.644531 0.488281 1847 0.636719 0.488281 1868 0.644531 0.496094 1849 0.652344 0.488281 1829 0.644531 0.480469 
1852 0.777344 0.488281 1851 0.769531 0.488281 1873 0.777344 0.496094 1853 0.785156 0.488281 1830 0.777344 0.480469 
1856 0.871094 0.488281 1855 0.863281 0.488281 1877 0.871094 0.496094 1857 0.878906 0.488281 1831 0.871094 0.480469 
1859 0.105469 0.496094 1858 0.097656 0.496094 1879 0.105469 0.503906 1860 0.113281 0.496094 1837 0.105469 0.488281 
1866 0.589844 0.496094 1865 0.582031 0.496094 1889 0.589844 0.503906 1867 0.597656 0.496094 1845 0.589844 0.488281 
1870 0.699219 0.496094 1869 0.691406 0.496094 1890 0.699219 0.503906 1871 0.707031 0.496094 1850 0.699219 0.488281 
1875 0.847656 0.496094 1874 0.839844 0.496094 1896 0.847656 0.503906 1876 0.855469 0.496094 1854 0.847656 0.488281 
1881 0.246094 0.503906 1880 0.238281 0.503906 1902 0.246094 0.511719 1882 0.253906 0.503906 1862 0.246094 0.496094 
1884 0.269531 0.503906 1883 0.261719 0.503906 1903 0.269531 0.511719 1885 0.277344 0.503906 1863 0.269531 0.496094 
1891 0.707031 0.503906 1890 0.699219 0.503906 1919 0.707031 0.511719 1892 0.714844 0.503906 1871 0.707031 0.496094 
1894 0.769531 0.503906 1893 0.761719 0.503906 1921 0.769531 0.511719 1895 0.777344 0.503906 1872 0.769531 0.496094 
1898 0.871094 0.503906 1897 0.863281 0.503906 1922 0.871094 0.511719 1899 0.878906 0.503906 1877 0.871094 0.496094 
1899 0.878906 0.503906 1898 0.871094 0.503906 1923 0.878906 0.511719 1900 0.886719 0.503906 1878 0.878906 0.496094 
1907 0.378906 0.511719 1906 0.371094 0.511719 1935 0.378906 0.519531 1908 0.386719 0.511719 1886 0.378906 0.503906 
1911 0.472656 0.511719 1910 0.464844 0.511719 1939 0.472656 0.519531 1912 0.480469 0.511719 1887 0.472656 0.503906 
1915 0.550781 0.511719 1914 0.542969 0.511719 1943 0.550781 0.519531 1916 0.558594 0.511719 1888 0.550781 0.503906 
1927 0.074219 0.519531 1926 0.066406 0.519531 1963 0.074219 0.527344 1928 0.082031 0.519531 1901 0.074219 0.511719 
1930 0.292969 0.519531 1929 0.285156 0.519531 1965 0.292969 0.527344 1931 0.300781 0.519531 1904 0.292969 0.511719 
1933 0.332031 0.519531 1932 0.324219 0.519531 1968 0.332031 0.527344 1934 0.339844 0.519531 1905 0.332031 0.511719 
1937 0.433594 0.519531 1936 0.425781 0.519531 1970 0.433594 0.527344 1938 0.441406 0.519531 1909 0.433594 0.511719 
1941 0.496094 0.519531 1940 0.488281 0.519531 1971 0.496094 0.527344 1942 0.503906 0.519531 1913 0.496094 0.511719 
1945 0.605469 0.519531 1944 0.597656 0.519531 1972 0.605469 0.527344 1946 0.613281 0.519531 1917 0.605469 0.511719 
1948 0.675781 0.519531 1947 0.667969 0.519531 1976 0.675781 0.527344 1949 0.683594 0.519531 1918 0.675781 0.511719 
1952 0.753906 0.519531 1951 0.746094 0.519531 1982 0.753906 0.527344 1953 0.761719 0.519531 1920 0.753906 0.511719 
1958 0.902344 0.519531 1957 0.894531 0.519531 1993 0.902344 0.527344 1959 0.910156 0.519531 1924 0.902344 0.511719 
1961 0.058594 0.527344 1960 0.050781 0.527344 1995 0.058594 0.535156 1962 0.066406 0.527344 1925 0.058594 0.519531 
1967 0.324219 0.527344 1966 0.316406 0.527344 2002 0.324219 0.535156 1968 0.332031 0.527344 1932 0.324219 0.519531 
1975 0.667969 0.527344 1974 0.660156 0.527344 2009 0.667969 0.535156 1976 0.675781 0.527344 1947 0.667969 0.519531 
1978 0.699219 0.527344 1977 0.691406 0.527344 2010 0.699219 0.535156 1979 0.707031 0.527344 1950 0.699219 0.519531 
1981 0.746094 0.527344 1980 0.738281 0.527344 2011 0.746094 0.535156 1982 0.753906 0.527344 1951 0.746094 0.519531 
1984 0.816406 0.527344 1983 0.808594 0.527344 2012 0.816406 0.535156 1985 0.824219 0.527344 1954 0.816406 0.519531 
1986 0.832031 0.527344 1985 0.824219 0.527344 2013 0.832031 0.535156 1987 0.839844 0.527344 1955 0.832031 0.519531 
1989 0.855469 0.527344 1988 0.847656 0.527344 2014 0.855469 0.535156 1990 0.863281 0.527344 1956 0.855469 0.519531 
1992 0.894531 0.527344 1991 0.886719 0.527344 2015 0.894531 0.535156 1993 0.902344 0.527344 1957 0.894531 0.519531 
1996 0.066406 0.535156 1995 0.058594 0.535156 2019 0.066406 0.542969 1997 0.074219 0.535156 1962 0.066406 0.527344 
1999 0.238281 0.535156 1998 0.230469 0.535156 2020 0.238281 0.542969 2000 0.246094 0.535156 1964 0.238281 0.527344 
2004 0.394531 0.535156 2003 0.386719 0.535156 2024 0.394531 0.542969 2005 0.402344 0.535156 1969 0.394531 0.527344 
2007 0.613281 0.535156 2006 0.605469 0.535156 2025 0.613281 0.542969 2008 0.621094 0.535156 1973 0.613281 0.527344 
2017 0.910156 0.535156 2016 0.902344 0.535156 2029 0.910156 0.542969 2018 0.917969 0.535156 1994 0.910156 0.527344 
2022 0.300781 0.542969 2021 0.292969 0.542969 2034 0.300781 0.550781 2023 0.308594 0.542969 2001 0.300781 0.535156 
2034 0.300781 0.550781 2033 0.292969 0.550781 2060 0.300781 0.558594 2035 0.308594 0.550781 2022 0.300781 0.542969 
2043 0.753906 0.550781 2042 0.746094 0.550781 2080 0.753906 0.558594 2044 0.761719 0.550781 2026 0.753906 0.542969 
2046 0.816406 0.550781 2045 0.808594 0.550781 2081 0.816406 0.558594 2047 0.824219 0.550781 2027 0.816406 0.542969 
2049 0.847656 0.550781 2048 0.839844 0.550781 2084 0.847656 0.558594 2050 0.855469 0.550781 2028 0.847656 0.542969 
2052 0.957031 0.550781 2051 0.949219 0.550781 2086 0.957031 0.558594 2053 0.964844 0.550781 2030 0.957031 0.542969 
2055 0.066406 0.558594 2054 0.058594 0.558594 2090 0.066406 0.566406 2056 0.074219 0.558594 2031 0.066406 0.550781 
2058 0.152344 0.558594 2057 0.144531 0.558594 2091 0.152344 0.566406 2059 0.160156 0.558594 2032 0.152344 0.550781 
2062 0.324219 0.558594 2061 0.316406 0.558594 2094 0.324219 0.566406 2063 0.332031 0.558594 2036 0.324219 0.550781 
2064 0.339844 0.558594 2063 0.332031 0.558594 2095 0.339844 0.566406 2065 0.347656 0.558594 2037 0.339844 0.550781 
2067 0.386719 0.558594 2066 0.378906 0.558594 2096 0.386719 0.566406 2068 0.394531 0.558594 2038 0.386719 0.550781 
2071 0.441406 0.558594 2070 0.433594 0.558594 2101 0.441406 0.566406 2072 0.449219 0.558594 2039 0.441406 0.550781 
2074 0.480469 0.558594 2073 0.472656 0.558594 2102 0.480469 0.566406 2075 0.488281 0.558594 2040 0.480469 0.550781 
2078 0.621094 0.558594 2077 0.613281 0.558594 2108 0.621094 0.566406 2079 0.628906 0.558594 2041 0.621094 0.550781 
2082 0.824219 0.558594 2081 0.816406 0.558594 2110 0.824219 0.566406 2083 0.832031 0.558594 2047 0.824219 0.550781 
2098 0.410156 0.566406 2097 0.402344 0.566406 2129 0.410156 0.574219 2099 0.417969 0.566406 2069 0.410156 0.558594 
2104 0.496094 0.566406 2103 0.488281 0.566406 2133 0.496094 0.574219 2105 0.503906 0.566406 2076 0.496094 0.558594 
2112 0.941406 0.566406 2111 0.933594 0.566406 2145 0.941406 0.574219 2113 0.949219 0.566406 2085 0.941406 0.558594 
2114 0.003906 0.574219 2146 0.996094 0.574219 2147 0.003906 0.582031 2115 0.011719 0.574219 2087 0.003906 0.566406 
2115 0.011719 0.574219 2114 0.003906 0.574219 2148 0.011719 0.582031 2116 0.019531 0.574219 2088 0.011719 0.566406 
2118 0.035156 0.574219 2117 0.027344 0.574219 2151 0.035156 0.582031 2119 0.042969 0.574219 2089 0.035156 0.566406 
2121 0.167969 0.574219 2120 0.160156 0.574219 2154 0.167969 0.582031 2122 0.175781 0.574219 2092 0.167969 0.566406 
2127 0.269531 0.574219 2126 0.261719 0.574219 2164 0.269531 0.582031 2128 0.277344 0.574219 2093 0.269531 0.566406 
2131 0.433594 0.574219 2130 0.425781 0.574219 2166 0.433594 0.582031 2132 0.441406 0.574219 2100 0.433594 0.566406 
2135 0.527344 0.574219 2134 0.519531 0.574219 2170 0.527344 0.582031 2136 0.535156 0.574219 2106 0.527344 0.566406 
2136 0.535156 0.574219 2135 0.527344 0.574219 2171 0.535156 0.582031 2137 0.542969 0.574219 2107 0.535156 0.566406 
2140 0.644531 0.574219 2139 0.636719 0.574219 2175 0.644531 0.582031 2141 0.652344 0.574219 2109 0.644531 0.566406 
2149 0.019531 0.582031 2148 0.011719 0.582031 2188 0.019531 0.589844 2150 0.027344 0.582031 2116 0.019531 0.574219 
2154 0.167969 0.582031 2153 0.160156 0.582031 2193 0.167969 0.589844 2155 0.175781 0.582031 2121 0.167969 0.574219 
2157 0.199219 0.582031 2156 0.191406 0.582031 2196 0.199219 0.589844 2158 0.207031 0.582031 2123 0.199219 0.574219 
2160 0.238281 0.582031 2159 0.230469 0.582031 2197 0.238281 0.589844 2161 0.246094 0.582031 2124 0.238281 0.574219 
2161 0.246094 0.582031 2160 0.238281 0.582031 2198 0.246094 0.589844 2162 0.253906 0.582031 2125 0.246094 0.574219 
2168 0.496094 0.582031 2167 0.488281 0.582031 2208 0.496094 0.589844 2169 0.503906 0.582031 2133 0.496094 0.574219 
2173 0.597656 0.582031 2172 0.589844 0.582031 2209 0.597656 0.589844 2174 0.605469 0.582031 2138 0.597656 0.574219 
2177 0.667969 0.582031 2176 0.660156 0.582031 2210 0.667969 0.589844 2178 0.675781 0.582031 2142 0.667969 0.574219 
2180 0.699219 0.582031 2179 0.691406 0.582031 2211 0.699219 0.589844 2181 0.707031 0.582031 2143 0.699219 0.574219 
2184 0.871094 0.582031 2183 0.863281 0.582031 2218 0.871094 0.589844 2185 0.878906 0.582031 2144 0.871094 0.574219 
2188 0.019531 0.589844 2187 0.011719 0.589844 2224 0.019531 0.597656 2189 0.027344 0.589844 2149 0.019531 0.582031 
2191 0.097656 0.589844 2190 0.089844 0.589844 2226 0.097656 0.597656 2192 0.105469 0.589844 2152 0.097656 0.582031 
2195 0.191406 0.589844 2194 0.183594 0.589844 2230 0.191406 0.597656 2196 0.199219 0.589844 2156 0.191406 0.582031 
2198 0.246094 0.589844 2197 0.238281 0.589844 2232 0.246094 0.597656 2199 0.253906 0.589844 2161 0.246094 0.582031 
2200 0.261719 0.589844 2199 0.253906 0.589844 2233 0.261719 0.597656 2201 0.269531 0.589844 2163 0.261719 0.582031 
2203 0.363281 0.589844 2202 0.355469 0.589844 2234 0.363281 0.597656 2204 0.371094 0.589844 2165 0.363281 0.582031 
2216 0.824219 0.589844 2215 0.816406 0.589844 2256 0.824219 0.597656 2217 0.832031 0.589844 2182 0.824219 0.582031 
2220 0.933594 0.589844 2219 0.925781 0.589844 2257 0.933594 0.597656 2221 0.941406 0.589844 2186 0.933594 0.582031 
2224 0.019531 0.597656 2223 0.011719 0.597656 2260 0.019531 0.605469 2225 0.027344 0.597656 2188 0.019531 0.589844 
2230 0.191406 0.597656 2229 0.183594 0.597656 2268 0.191406 0.605469 2231 0.199219 0.597656 2195 0.191406 0.589844 
2236 0.394531 0.597656 2235 0.386719 0.597656 2270 0.394531 0.605469 2237 0.402344 0.597656 2205 0.394531 0.589844 
2237 0.402344 0.597656 2236 0.394531 0.597656 2271 0.402344 0.605469 2238 0.410156 0.597656 2206 0.402344 0.589844 
2240 0.464844 0.597656 2239 0.457031 0.597656 2272 0.464844 0.605469 2241 0.472656 0.597656 2207 0.464844 0.589844 
2244 0.699219 0.597656 2243 0.691406 0.597656 2279 0.699219 0.605469 2245 0.707031 0.597656 2211 0.699219 0.589844 
2247 0.738281 0.597656 2246 0.730469 0.597656 2280 0.738281 0.605469 2248 0.746094 0.597656 2212 0.738281 0.589844 
2250 0.769531 0.597656 2249 0.761719 0.597656 2282 0.769531 0.605469 2251 0.777344 0.597656 2213 0.769531 0.589844 
2253 0.792969 0.597656 2252 0.785156 0.597656 2283 0.792969 0.605469 2254 0.800781 0.597656 2214 0.792969 0.589844 
2258 0.003906 0.605469 2290 0.996094 0.605469 2291 0.003906 0.613281 2259 0.011719 0.605469 2222 0.003906 0.597656 
2262 0.097656 0.605469 2261 0.089844 0.605469 2292 0.097656 0.613281 2263 0.105469 0.605469 2226 0.097656 0.597656 
2265 0.128906 0.605469 2264 0.121094 0.605469 2293 0.128906 0.613281 2266 0.136719 0.605469 2227 0.128906 0.597656 
2266 0.136719 0.605469 2265 0.128906 0.605469 2294 0.136719 0.613281 2267 0.144531 0.605469 2228 0.136719 0.597656 
2277 0.628906 0.605469 2276 0.621094 0.605469 2311 0.628906 0.613281 2278 0.636719 0.605469 2242 0.628906 0.597656 
2285 0.808594 0.605469 2284 0.800781 0.605469 2318 0.808594 0.613281 2286 0.816406 0.605469 2255 0.808594 0.597656 
2298 0.371094 0.613281 2297 0.363281 0.613281 2336 0.371094 0.621094 2299 0.378906 0.613281 2269 0.371094 0.605469 
2301 0.394531 0.613281 2300 0.386719 0.613281 2338 0.394531 0.621094 2302 0.402344 0.613281 2270 0.394531 0.605469 
2304 0.527344 0.613281 2303 0.519531 0.613281 2340 0.527344 0.621094 2305 0.535156 0.613281 2273 0.527344 0.605469 
2306 0.542969 0.613281 2305 0.535156 0.613281 2341 0.542969 0.621094 2307 0.550781 0.613281 2274 0.542969 0.605469 
2309 0.613281 0.613281 2308 0.605469 0.613281 2342 0.613281 0.621094 2310 0.621094 0.613281 2275 0.613281 0.605469 
2310 0.621094 0.613281 2309 0.613281 0.613281 2343 0.621094 0.621094 2311 0.628906 0.613281 2276 0.621094 0.605469 
2314 0.746094 0.613281 2313 0.738281 0.613281 2348 0.746094 0.621094 2315 0.753906 0.613281 2281 0.746094 0.605469 
2317 0.800781 0.613281 2316 0.792969 0.613281 2350 0.800781 0.621094 2318 0.808594 0.613281 2284 0.800781 0.605469 
2320 0.949219 0.613281 2319 0.941406 0.613281 2352 0.949219 0.621094 2321 0.957031 0.613281 2287 0.949219 0.605469 
2322 0.964844 0.613281 2321 0.957031 0.613281 2353 0.964844 0.621094 2323 0.972656 0.613281 2288 0.964844 0.605469 
2323 0.972656 0.613281 2322 0.964844 0.613281 2354 0.972656 0.621094 2324 0.980469 0.613281 2289 0.972656 0.605469 
2330 0.175781 0.621094 2329 0.167969 0.621094 2365 0.175781 0.628906 2331 0.183594 0.621094 2295 0.175781 0.613281 
2333 0.316406 0.621094 2332 0.308594 0.621094 2371 0.316406 0.628906 2334 0.324219 0.621094 2296 0.316406 0.613281 
2338 0.394531 0.621094 2337 0.386719 0.621094 2375 0.394531 0.628906 2339 0.402344 0.621094 2301 0.394531 0.613281 
2345 0.699219 0.621094 2344 0.691406 0.621094 2378 0.699219 0.628906 2346 0.707031 0.621094 2312 0.699219 0.613281 
2348 0.746094 0.621094 2347 0.738281 0.621094 2380 0.746094 0.628906 2349 0.753906 0.621094 2314 0.746094 0.613281 
2356 0.011719 0.628906 2355 0.003906 0.628906 2387 0.011719 0.636719 2357 0.019531 0.628906 2325 0.011719 0.621094 
2359 0.074219 0.628906 2358 0.066406 0.628906 2389 0.074219 0.636719 2360 0.082031 0.628906 2326 0.074219 0.621094 
2360 0.082031 0.628906 2359 0.074219 0.628906 2390 0.082031 0.636719 2361 0.089844 0.628906 2327 0.082031 0.621094 
2363 0.152344 0.628906 2362 0.144531 0.628906 2391 0.152344 0.636719 2364 0.160156 0.628906 2328 0.152344 0.621094 
2373 0.347656 0.628906 2372 0.339844 0.628906 2403 0.347656 0.636719 2374 0.355469 0.628906 2335 0.347656 0.621094 
2382 0.910156 0.628906 2381 0.902344 0.628906 2415 0.910156 0.636719 2383 0.917969 0.628906 2351 0.910156 0.621094 
2386 0.003906 0.636719 2422 0.996094 0.636719 2423 0.003906 0.644531 2387 0.011719 0.636719 2355 0.003906 0.628906 
2393 0.222656 0.636719 2392 0.214844 0.636719 2427 0.222656 0.644531 2394 0.230469 0.636719 2366 0.222656 0.628906 
2394 0.230469 0.636719 2393 0.222656 0.636719 2428 0.230469 0.644531 2395 0.238281 0.636719 2367 0.230469 0.628906 
2395 0.238281 0.636719 2394 0.230469 0.636719 2429 0.238281 0.644531 2396 0.246094 0.636719 2368 0.238281 0.628906 
2398 0.269531 0.636719 2397 0.261719 0.636719 2430 0.269531 0.644531 2399 0.277344 0.636719 2369 0.269531 0.628906 
2401 0.300781 0.636719 2400 0.292969 0.636719 2431 0.300781 0.644531 2402 0.308594 0.636719 2370 0.300781 0.628906 
2406 0.589844 0.636719 2405 0.582031 0.636719 2437 0.589844 0.644531 2407 0.597656 0.636719 2376 0.589844 0.628906 
2410 0.691406 0.636719 2409 0.683594 0.636719 2442 0.691406 0.644531 2411 0.699219 0.636719 2377 0.691406 0.628906 
2413 0.730469 0.636719 2412 0.722656 0.636719 2445 0.730469 0.644531 2414 0.738281 0.636719 2379 0.730469 0.628906 
2417 0.933594 0.636719 2416 0.925781 0.636719 2448 0.933594 0.644531 2418 0.941406 0.636719 2384 0.933594 0.628906 
2420 0.957031 0.636719 2419 0.949219 0.636719 2451 0.957031 0.644531 2421 0.964844 0.636719 2385 0.957031 0.628906 
2425 0.019531 0.644531 2424 0.011719 0.644531 2453 0.019531 0.652344 2426 0.027344 0.644531 2388 0.019531 0.636719 
2434 0.511719 0.644531 2433 0.503906 0.644531 2462 0.511719 0.652344 2435 0.519531 0.644531 2404 0.511719 0.636719 
2439 0.605469 0.644531 2438 0.597656 0.644531 2466 0.605469 0.652344 2440 0.613281 0.644531 2408 0.605469 0.636719 
2444 0.722656 0.644531 2443 0.714844 0.644531 2470 0.722656 0.652344 2445 0.730469 0.644531 2412 0.722656 0.636719 
2450 0.949219 0.644531 2449 0.941406 0.644531 2482 0.949219 0.652344 2451 0.957031 0.644531 2419 0.949219 0.636719 
2458 0.402344 0.652344 2457 0.394531 0.652344 2497 0.402344 0.660156 2459 0.410156 0.652344 2432 0.402344 0.644531 
2464 0.566406 0.652344 2463 0.558594 0.652344 2505 0.566406 0.660156 2465 0.574219 0.652344 2436 0.566406 0.644531 
2468 0.675781 0.652344 2467 0.667969 0.652344 2507 0.675781 0.660156 2469 0.683594 0.652344 2441 0.675781 0.644531 
2476 0.847656 0.652344 2475 0.839844 0.652344 2518 0.847656 0.660156 2477 0.855469 0.652344 2446 0.847656 0.644531 
2480 0.886719 0.652344 2479 0.878906 0.652344 2522 0.886719 0.660156 2481 0.894531 0.652344 2447 0.886719 0.644531 
2484 0.972656 0.652344 2483 0.964844 0.652344 2523 0.972656 0.660156 2485 0.980469 0.652344 2452 0.972656 0.644531 
2488 0.160156 0.660156 2487 0.152344 0.660156 2528 0.160156 0.667969 2489 0.167969 0.660156 2454 0.160156 0.652344 
2490 0.175781 0.660156 2489 0.167969 0.660156 2529 0.175781 0.667969 2491 0.183594 0.660156 2455 0.175781 0.652344 
2494 0.371094 0.660156 2493 0.363281 0.660156 2533 0.371094 0.667969 2495 0.378906 0.660156 2456 0.371094 0.652344 
2497 0.402344 0.660156 2496 0.394531 0.660156 2534 0.402344 0.667969 2498 0.410156 0.660156 2458 0.402344 0.652344 
2500 0.425781 0.660156 2499 0.417969 0.660156 2536 0.425781 0.667969 2501 0.433594 0.660156 2460 0.425781 0.652344 
2503 0.480469 0.660156 2502 0.472656 0.660156 2539 0.480469 0.667969 2504 0.488281 0.660156 2461 0.480469 0.652344 
2509 0.746094 0.660156 2508 0.738281 0.660156 2545 0.746094 0.667969 2510 0.753906 0.660156 2471 0.746094 0.652344 
2511 0.761719 0.660156 2510 0.753906 0.660156 2546 0.761719 0.667969 2512 0.769531 0.660156 2472 0.761719 0.652344 
2513 0.777344 0.660156 2512 0.769531 0.660156 2547 0.777344 0.667969 2514 0.785156 0.660156 2473 0.777344 0.652344 
2516 0.800781 0.660156 2515 0.792969 0.660156 2548 0.800781 0.667969 2517 0.808594 0.660156 2474 0.800781 0.652344 
2520 0.871094 0.660156 2519 0.863281 0.660156 2552 0.871094 0.667969 2521 0.878906 0.660156 2478 0.871094 0.652344 
2525 0.027344 0.667969 2524 0.019531 0.667969 2555 0.027344 0.675781 2526 0.035156 0.667969 2486 0.027344 0.660156 
2531 0.214844 0.667969 2530 0.207031 0.667969 2559 0.214844 0.675781 2532 0.222656 0.667969 2492 0.214844 0.660156 
2539 0.480469 0.667969 2538 0.472656 0.667969 2566 0.480469 0.675781 2540 0.488281 0.667969 2503 0.480469 0.660156 
2543 0.628906 0.667969 2542 0.621094 0.667969 2571 0.628906 0.675781 2544 0.636719 0.667969 2506 0.628906 0.660156 
2553 0.878906 0.667969 2552 0.871094 0.667969 2577 0.878906 0.675781 2554 0.886719 0.667969 2521 0.878906 0.660156 
2557 0.128906 0.675781 2556 0.121094 0.675781 2579 0.128906 0.683594 2558 0.136719 0.675781 2527 0.128906 0.667969 
2561 0.410156 0.675781 2560 0.402344 0.675781 2581 0.410156 0.683594 2562 0.417969 0.675781 2535 0.410156 0.667969 
2564 0.433594 0.675781 2563 0.425781 0.675781 2582 0.433594 0.683594 2565 0.441406 0.675781 2537 0.433594 0.667969 
2568 0.511719 0.675781 2567 0.503906 0.675781 2584 0.511719 0.683594 2569 0.519531 0.675781 2541 0.511719 0.667969 
2573 0.847656 0.675781 2572 0.839844 0.675781 2590 0.847656 0.683594 2574 0.855469 0.675781 2549 0.847656 0.667969 
2574 0.855469 0.675781 2573 0.847656 0.675781 2591 0.855469 0.683594 2575 0.863281 0.675781 2550 0.855469 0.667969 
2575 0.863281 0.675781 2574 0.855469 0.675781 2592 0.863281 0.683594 2576 0.871094 0.675781 2551 0.863281 0.667969 
2585 0.519531 0.683594 2584 0.511719 0.683594 2608 0.519531 0.691406 2586 0.527344 0.683594 2569 0.519531 0.675781 
2588 0.574219 0.683594 2587 0.566406 0.683594 2609 0.574219 0.691406 2589 0.582031 0.683594 2570 0.574219 0.675781 
2592 0.863281 0.683594 2591 0.855469 0.683594 2613 0.863281 0.691406 2593 0.871094 0.683594 2575 0.863281 0.675781 
2595 0.058594 0.691406 2594 0.050781 0.691406 2614 0.058594 0.699219 2596 0.066406 0.691406 2578 0.058594 0.683594 
2598 0.144531 0.691406 2597 0.136719 0.691406 2615 0.144531 0.699219 2599 0.152344 0.691406 2580 0.144531 0.683594 
2606 0.441406 0.691406 2605 0.433594 0.691406 2629 0.441406 0.699219 2607 0.449219 0.691406 2583 0.441406 0.683594 
2617 0.292969 0.699219 2616 0.285156 0.699219 2648 0.292969 0.707031 2618 0.300781 0.699219 2600 0.292969 0.691406 
2619 0.308594 0.699219 2618 0.300781 0.699219 2649 0.308594 0.707031 2620 0.316406 0.699219 2601 0.308594 0.691406 
2621 0.324219 0.699219 2620 0.316406 0.699219 2650 0.324219 0.707031 2622 0.332031 0.699219 2602 0.324219 0.691406 
2624 0.355469 0.699219 2623 0.347656 0.699219 2651 0.355469 0.707031 2625 0.363281 0.699219 2603 0.355469 0.691406 
2627 0.417969 0.699219 2626 0.410156 0.699219 2652 0.417969 0.707031 2628 0.425781 0.699219 2604 0.417969 0.691406 
2633 0.574219 0.699219 2632 0.566406 0.699219 2659 0.574219 0.707031 2634 0.582031 0.699219 2609 0.574219 0.691406 
2637 0.738281 0.699219 2636 0.730469 0.699219 2666 0.738281 0.707031 2638 0.746094 0.699219 2610 0.738281 0.691406 
2640 0.785156 0.699219 2639 0.777344 0.699219 2669 0.785156 0.707031 2641 0.792969 0.699219 2611 0.785156 0.691406 
2643 0.824219 0.699219 2642 0.816406 0.699219 2670 0.824219 0.707031 2644 0.832031 0.699219 2612 0.824219 0.691406 
2654 0.449219 0.707031 2653 0.441406 0.707031 2686 0.449219 0.714844 2655 0.457031 0.707031 2630 0.449219 0.699219 
2657 0.542969 0.707031 2656 0.535156 0.707031 2687 0.542969 0.714844 2658 0.550781 0.707031 2631 0.542969 0.699219 
2664 0.722656 0.707031 2663 0.714844 0.707031 2696 0.722656 0.714844 2665 0.730469 0.707031 2635 0.722656 0.699219 
2668 0.777344 0.707031 2667 0.769531 0.707031 2698 0.777344 0.714844 2669 0.785156 0.707031 2639 0.777344 0.699219 
2672 0.839844 0.707031 2671 0.832031 0.707031 2701 0.839844 0.714844 2673 0.847656 0.707031 2645 0.839844 0.699219 
2680 0.160156 0.714844 2679 0.152344 0.714844 2717 0.160156 0.722656 2681 0.167969 0.714844 2646 0.160156 0.707031 
2684 0.246094 0.714844 2683 0.238281 0.714844 2721 0.246094 0.722656 2685 0.253906 0.714844 2647 0.246094 0.707031 
2689 0.582031 0.714844 2688 0.574219 0.714844 2726 0.582031 0.722656 2690 0.589844 0.714844 2660 0.582031 0.707031 
2692 0.605469 0.714844 2691 0.597656 0.714844 2727 0.605469 0.722656 2693 0.613281 0.714844 2661 0.605469 0.707031 
2694 0.621094 0.714844 2693 0.613281 0.714844 2728 0.621094 0.722656 2695 0.628906 0.714844 2662 0.621094 0.707031 
2700 0.832031 0.714844 2699 0.824219 0.714844 2733 0.832031 0.722656 2701 0.839844 0.714844 2671 0.832031 0.707031 
2703 0.863281 0.714844 2702 0.855469 0.714844 2734 0.863281 0.722656 2704 0.871094 0.714844 2674 0.863281 0.707031 
2708 0.035156 0.722656 2707 0.027344 0.722656 2741 0.035156 0.730469 2709 0.042969 0.722656 2675 0.035156 0.714844 
2709 0.042969 0.722656 2708 0.035156 0.722656 2742 0.042969 0.730469 2710 0.050781 0.722656 2676 0.042969 0.714844 
2712 0.074219 0.722656 2711 0.066406 0.722656 2745 0.074219 0.730469 2713 0.082031 0.722656 2677 0.074219 0.714844 
2715 0.113281 0.722656 2714 0.105469 0.722656 2746 0.113281 0.730469 2716 0.121094 0.722656 2678 0.113281 0.714844 
2719 0.222656 0.722656 2718 0.214844 0.722656 2747 0.222656 0.730469 2720 0.230469 0.722656 2682 0.222656 0.714844 
2725 0.574219 0.722656 2724 0.566406 0.722656 2755 0.574219 0.730469 2726 0.582031 0.722656 2688 0.574219 0.714844 
2731 0.746094 0.722656 2730 0.738281 0.722656 2762 0.746094 0.730469 2732 0.753906 0.722656 2697 0.746094 0.714844 
2736 0.933594 0.722656 2735 0.925781 0.722656 2765 0.933594 0.730469 2737 0.941406 0.722656 2705 0.933594 0.714844 
2739 0.003906 0.730469 2769 0.996094 0.730469 2770 0.003906 0.738281 2740 0.011719 0.730469 2706 0.003906 0.722656 
2744 0.066406 0.730469 2743 0.058594 0.730469 2774 0.066406 0.738281 2745 0.074219 0.730469 2711 0.066406 0.722656 
2750 0.464844 0.730469 2749 0.457031 0.730469 2783 0.464844 0.738281 2751 0.472656 0.730469 2722 0.464844 0.722656 
2753 0.496094 0.730469 2752 0.488281 0.730469 2785 0.496094 0.738281 2754 0.503906 0.730469 2723 0.496094 0.722656 
2757 0.621094 0.730469 2756 0.613281 0.730469 2787 0.621094 0.738281 2758 0.628906 0.730469 2728 0.621094 0.722656 
2760 0.652344 0.730469 2759 0.644531 0.730469 2789 0.652344 0.738281 2761 0.660156 0.730469 2729 0.652344 0.722656 
2767 0.949219 0.730469 2766 0.941406 0.730469 2796 0.949219 0.738281 2768 0.957031 0.730469 2738 0.949219 0.722656 
2772 0.042969 0.738281 2771 0.035156 0.738281 2797 0.042969 0.746094 2773 0.050781 0.738281 2742 0.042969 0.730469 
2776 0.222656 0.738281 2775 0.214844 0.738281 2802 0.222656 0.746094 2777 0.230469 0.738281 2747 0.222656 0.730469 
2781 0.410156 0.738281 2780 0.402344 0.738281 2809 0.410156 0.746094 2782 0.417969 0.738281 2748 0.410156 0.730469 
2791 0.792969 0.738281 2790 0.785156 0.738281 2819 0.792969 0.746094 2792 0.800781 0.738281 2763 0.792969 0.730469 
2794 0.871094 0.738281 2793 0.863281 0.738281 2821 0.871094 0.746094 2795 0.878906 0.738281 2764 0.871094 0.730469 
2799 0.066406 0.746094 2798 0.058594 0.746094 2824 0.066406 0.753906 2800 0.074219 0.746094 2774 0.066406 0.738281 
2804 0.332031 0.746094 2803 0.324219 0.746094 2829 0.332031 0.753906 2805 0.339844 0.746094 2778 0.332031 0.738281 
2807 0.355469 0.746094 2806 0.347656 0.746094 2830 0.355469 0.753906 2808 0.363281 0.746094 2779 0.355469 0.738281 
2811 0.488281 0.746094 2810 0.480469 0.746094 2831 0.488281 0.753906 2812 0.496094 0.746094 2784 0.488281 0.738281 
2814 0.511719 0.746094 2813 0.503906 0.746094 2834 0.511719 0.753906 2815 0.519531 0.746094 2786 0.511719 0.738281 
2817 0.636719 0.746094 2816 0.628906 0.746094 2836 0.636719 0.753906 2818 0.644531 0.746094 2788 0.636719 0.738281 
2826 0.160156 0.753906 2825 0.152344 0.753906 2851 0.160156 0.761719 2827 0.167969 0.753906 2801 0.160156 0.746094 
2834 0.511719 0.753906 2833 0.503906 0.753906 2861 0.511719 0.761719 2835 0.519531 0.753906 2814 0.511719 0.746094 
2839 0.792969 0.753906 2838 0.785156 0.753906 2866 0.792969 0.761719 2840 0.800781 0.753906 2819 0.792969 0.746094 
2840 0.800781 0.753906 2839 0.792969 0.753906 2867 0.800781 0.761719 2841 0.808594 0.753906 2820 0.800781 0.746094 
2844 0.902344 0.753906 2843 0.894531 0.753906 2872 0.902344 0.761719 2845 0.910156 0.753906 2822 0.902344 0.746094 
2848 0.949219 0.753906 2847 0.941406 0.753906 2876 0.949219 0.761719 2849 0.957031 0.753906 2823 0.949219 0.746094 
2853 0.199219 0.761719 2852 0.191406 0.761719 2884 0.199219 0.769531 2854 0.207031 0.761719 2828 0.199219 0.753906 
2859 0.496094 0.761719 2858 0.488281 0.761719 2897 0.496094 0.769531 2860 0.503906 0.761719 2832 0.496094 0.753906 
2864 0.746094 0.761719 2863 0.738281 0.761719 2901 0.746094 0.769531 2865 0.753906 0.761719 2837 0.746094 0.753906 
2870 0.847656 0.761719 2869 0.839844 0.761719 2908 0.847656 0.769531 2871 0.855469 0.761719 2842 0.847656 0.753906 
2874 0.917969 0.761719 2873 0.910156 0.761719 2910 0.917969 0.769531 2875 0.925781 0.761719 2846 0.917969 0.753906 
2881 0.074219 0.769531 2880 0.066406 0.769531 2921 0.074219 0.777344 2882 0.082031 0.769531 2850 0.074219 0.761719 
2885 0.207031 0.769531 2884 0.199219 0.769531 2927 0.207031 0.777344 2886 0.214844 0.769531 2854 0.207031 0.761719 
2888 0.261719 0.769531 2887 0.253906 0.769531 2928 0.261719 0.777344 2889 0.269531 0.769531 2855 0.261719 0.761719 
2891 0.292969 0.769531 2890 0.285156 0.769531 2929 0.292969 0.777344 2892 0.300781 0.769531 2856 0.292969 0.761719 
2894 0.402344 0.769531 2893 0.394531 0.769531 2931 0.402344 0.777344 2895 0.410156 0.769531 2857 0.402344 0.761719 
2899 0.699219 0.769531 2898 0.691406 0.769531 2935 0.699219 0.777344 2900 0.707031 0.769531 2862 0.699219 0.761719 
2903 0.800781 0.769531 2902 0.792969 0.769531 2937 0.800781 0.777344 2904 0.808594 0.769531 2867 0.800781 0.761719 
2905 0.816406 0.769531 2904 0.808594 0.769531 2938 0.816406 0.777344 2906 0.824219 0.769531 2868 0.816406 0.761719 
2910 0.917969 0.769531 2909 0.910156 0.769531 2942 0.917969 0.777344 2911 0.925781 0.769531 2874 0.917969 0.761719 
2914 0.988281 0.769531 2913 0.980469 0.769531 2946 0.988281 0.777344 2915 0.996094 0.769531 2877 0.988281 0.761719 
2917 0.042969 0.777344 2916 0.035156 0.777344 2947 0.042969 0.785156 2918 0.050781 0.777344 2878 0.042969 0.769531 
2919 0.058594 0.777344 2918 0.050781 0.777344 2948 0.058594 0.785156 2920 0.066406 0.777344 2879 0.058594 0.769531 
2925 0.191406 0.777344 2924 0.183594 0.777344 2954 0.191406 0.785156 2926 0.199219 0.777344 2883 0.191406 0.769531 
2933 0.417969 0.777344 2932 0.410156 0.777344 2959 0.417969 0.785156 2934 0.425781 0.777344 2896 0.417969 0.769531 
2940 0.839844 0.777344 2939 0.832031 0.777344 2964 0.839844 0.785156 2941 0.847656 0.777344 2907 0.839844 0.769531 
2944 0.972656 0.777344 2943 0.964844 0.777344 2966 0.972656 0.785156 2945 0.980469 0.777344 2912 0.972656 0.769531 
2950 0.121094 0.785156 2949 0.113281 0.785156 2969 0.121094 0.792969 2951 0.128906 0.785156 2922 0.121094 0.777344 
2952 0.136719 0.785156 2951 0.128906 0.785156 2971 0.136719 0.792969 2953 0.144531 0.785156 2923 0.136719 0.777344 
2957 0.394531 0.785156 2956 0.386719 0.785156 2976 0.394531 0.792969 2958 0.402344 0.785156 2930 0.394531 0.777344 
2962 0.722656 0.785156 2961 0.714844 0.785156 2982 0.722656 0.792969 2963 0.730469 0.785156 2936 0.722656 0.777344 
2969 0.121094 0.792969 2968 0.113281 0.792969 2992 0.121094 0.800781 2970 0.128906 0.792969 2950 0.121094 0.785156 
2974 0.378906 0.792969 2973 0.371094 0.792969 2997 0.378906 0.800781 2975 0.386719 0.792969 2955 0.378906 0.785156 
2980 0.613281 0.792969 2979 0.605469 0.792969 3002 0.613281 0.800781 2981 0.621094 0.792969 2960 0.613281 0.785156 
2985 0.878906 0.792969 2984 0.871094 0.792969 3009 0.878906 0.800781 2986 0.886719 0.792969 2965 0.878906 0.785156 
2990 0.074219 0.800781 2989 0.066406 0.800781 3013 0.074219 0.808594 2991 0.082031 0.800781 2967 0.074219 0.792969 
2995 0.246094 0.800781 2994 0.238281 0.800781 3017 0.246094 0.808594 2996 0.253906 0.800781 2972 0.246094 0.792969 
2999 0.441406 0.800781 2998 0.433594 0.800781 3018 0.441406 0.808594 3000 0.449219 0.800781 2977 0.441406 0.792969 
3000 0.449219 0.800781 2999 0.441406 0.800781 3019 0.449219 0.808594 3001 0.457031 0.800781 2978 0.449219 0.792969 
3004 0.816406 0.800781 3003 0.808594 0.800781 3021 0.816406 0.808594 3005 0.824219 0.800781 2983 0.816406 0.792969 
3008 0.871094 0.800781 3007 0.863281 0.800781 3025 0.871094 0.808594 3009 0.878906 0.800781 2984 0.871094 0.792969 
3011 0.996094 0.800781 3010 0.988281 0.800781 3026 0.996094 0.808594 2988 0.003906 0.800781 2987 0.996094 0.792969 
3015 0.152344 0.808594 3014 0.144531 0.808594 3032 0.152344 0.816406 3016 0.160156 0.808594 2993 0.152344 0.800781 
3023 0.832031 0.808594 3022 0.824219 0.808594 3041 0.832031 0.816406 3024 0.839844 0.808594 3006 0.832031 0.800781 
3028 0.050781 0.816406 3027 0.042969 0.816406 3044 0.050781 0.824219 3029 0.058594 0.816406 3012 0.050781 0.808594 
3035 0.449219 0.816406 3034 0.441406 0.816406 3054 0.449219 0.824219 3036 0.457031 0.816406 3019 0.449219 0.808594 
3038 0.472656 0.816406 3037 0.464844 0.816406 3055 0.472656 0.824219 3039 0.480469 0.816406 3020 0.472656 0.808594 
3046 0.066406 0.824219 3045 0.058594 0.824219 3070 0.066406 0.832031 3047 0.074219 0.824219 3030 0.066406 0.816406 
3048 0.082031 0.824219 3047 0.074219 0.824219 3071 0.082031 0.832031 3049 0.089844 0.824219 3031 0.082031 0.816406 
3051 0.246094 0.824219 3050 0.238281 0.824219 3074 0.246094 0.832031 3052 0.253906 0.824219 3033 0.246094 0.816406 
3059 0.808594 0.824219 3058 0.800781 0.824219 3090 0.808594 0.832031 3060 0.816406 0.824219 3040 0.808594 0.816406 
3062 0.886719 0.824219 3061 0.878906 0.824219 3092 0.886719 0.832031 3063 0.894531 0.824219 3042 0.886719 0.816406 
3064 0.902344 0.824219 3063 0.894531 0.824219 3093 0.902344 0.832031 3065 0.910156 0.824219 3043 0.902344 0.816406 
3068 0.050781 0.832031 3067 0.042969 0.832031 3098 0.050781 0.839844 3069 0.058594 0.832031 3044 0.050781 0.824219 
3076 0.371094 0.832031 3075 0.363281 0.832031 3107 0.371094 0.839844 3077 0.378906 0.832031 3053 0.371094 0.824219 
3079 0.472656 0.832031 3078 0.464844 0.832031 3109 0.472656 0.839844 3080 0.480469 0.832031 3055 0.472656 0.824219 
3082 0.542969 0.832031 3081 0.535156 0.832031 3112 0.542969 0.839844 3083 0.550781 0.832031 3056 0.542969 0.824219 
3086 0.636719 0.832031 3085 0.628906 0.832031 3118 0.636719 0.839844 3087 0.644531 0.832031 3057 0.636719 0.824219 
3095 0.917969 0.832031 3094 0.910156 0.832031 3128 0.917969 0.839844 3096 0.925781 0.832031 3066 0.917969 0.824219 
3100 0.105469 0.839844 3099 0.097656 0.839844 3132 0.105469 0.847656 3101 0.113281 0.839844 3072 0.105469 0.832031 
3102 0.121094 0.839844 3101 0.113281 0.839844 3133 0.121094 0.847656 3103 0.128906 0.839844 3073 0.121094 0.832031 
3106 0.363281 0.839844 3105 0.355469 0.839844 3137 0.363281 0.847656 3107 0.371094 0.839844 3075 0.363281 0.832031 
3111 0.535156 0.839844 3110 0.527344 0.839844 3141 0.535156 0.847656 3112 0.542969 0.839844 3081 0.535156 0.832031 
3113 0.550781 0.839844 3112 0.542969 0.839844 3142 0.550781 0.847656 3114 0.558594 0.839844 3083 0.550781 0.832031 
3116 0.574219 0.839844 3115 0.566406 0.839844 3143 0.574219 0.847656 3117 0.582031 0.839844 3084 0.574219 0.832031 
3120 0.707031 0.839844 3119 0.699219 0.839844 3145 0.707031 0.847656 3121 0.714844 0.839844 3088 0.707031 0.832031 
3123 0.800781 0.839844 3122 0.792969 0.839844 3146 0.800781 0.847656 3124 0.808594 0.839844 3089 0.800781 0.832031 
3126 0.871094 0.839844 3125 0.863281 0.839844 3148 0.871094 0.847656 3127 0.878906 0.839844 3091 0.871094 0.832031 
3130 0.988281 0.839844 3129 0.980469 0.839844 3150 0.988281 0.847656 3131 0.996094 0.839844 3097 0.988281 0.832031 
3135 0.246094 0.847656 3134 0.238281 0.847656 3152 0.246094 0.855469 3136 0.253906 0.847656 3104 0.246094 0.839844 
3139 0.464844 0.847656 3138 0.457031 0.847656 3155 0.464844 0.855469 3140 0.472656 0.847656 3108 0.464844 0.839844 
3148 0.871094 0.847656 3147 0.863281 0.847656 3164 0.871094 0.855469 3149 0.878906 0.847656 3126 0.871094 0.839844 
3153 0.253906 0.855469 3152 0.246094 0.855469 3169 0.253906 0.863281 3154 0.261719 0.855469 3136 0.253906 0.847656 
3157 0.597656 0.855469 3156 0.589844 0.855469 3170 0.597656 0.863281 3158 0.605469 0.855469 3144 0.597656 0.847656 
3163 0.863281 0.855469 3162 0.855469 0.855469 3183 0.863281 0.863281 3164 0.871094 0.855469 3147 0.863281 0.847656 
3167 0.214844 0.863281 3166 0.207031 0.863281 3191 0.214844 0.871094 3168 0.222656 0.863281 3151 0.214844 0.855469 
3173 0.707031 0.863281 3172 0.699219 0.863281 3197 0.707031 0.871094 3174 0.714844 0.863281 3159 0.707031 0.855469 
3176 0.746094 0.863281 3175 0.738281 0.863281 3198 0.746094 0.871094 3177 0.753906 0.863281 3160 0.746094 0.855469 
3179 0.832031 0.863281 3178 0.824219 0.863281 3200 0.832031 0.871094 3180 0.839844 0.863281 3161 0.832031 0.855469 
3182 0.855469 0.863281 3181 0.847656 0.863281 3201 0.855469 0.871094 3183 0.863281 0.863281 3162 0.855469 0.855469 
3187 0.082031 0.871094 3186 0.074219 0.871094 3210 0.082031 0.878906 3188 0.089844 0.871094 3165 0.082031 0.863281 
3195 0.660156 0.871094 3194 0.652344 0.871094 3227 0.660156 0.878906 3196 0.667969 0.871094 3171 0.660156 0.863281 
3204 0.019531 0.878906 3203 0.011719 0.878906 3234 0.019531 0.886719 3205 0.027344 0.878906 3184 0.019531 0.871094 
3208 0.066406 0.878906 3207 0.058594 0.878906 3238 0.066406 0.886719 3209 0.074219 0.878906 3185 0.066406 0.871094 
3212 0.144531 0.878906 3211 0.136719 0.878906 3240 0.144531 0.886719 3213 0.152344 0.878906 3189 0.144531 0.871094 
3215 0.199219 0.878906 3214 0.191406 0.878906 3241 0.199219 0.886719 3216 0.207031 0.878906 3190 0.199219 0.871094 
3219 0.417969 0.878906 3218 0.410156 0.878906 3245 0.417969 0.886719 3220 0.425781 0.878906 3192 0.417969 0.871094 
3225 0.628906 0.878906 3224 0.621094 0.878906 3254 0.628906 0.886719 3226 0.636719 0.878906 3193 0.628906 0.871094 
3229 0.792969 0.878906 3228 0.785156 0.878906 3255 0.792969 0.886719 3230 0.800781 0.878906 3199 0.792969 0.871094 
3232 0.886719 0.878906 3231 0.878906 0.878906 3256 0.886719 0.886719 3233 0.894531 0.878906 3202 0.886719 0.871094 
3236 0.050781 0.886719 3235 0.042969 0.886719 3259 0.050781 0.894531 3237 0.058594 0.886719 3206 0.050781 0.878906 
3243 0.324219 0.886719 3242 0.316406 0.886719 3268 0.324219 0.894531 3244 0.332031 0.886719 3217 0.324219 0.878906 
3247 0.433594 0.886719 3246 0.425781 0.886719 3269 0.433594 0.894531 3248 0.441406 0.886719 3221 0.433594 0.878906 
3251 0.574219 0.886719 3250 0.566406 0.886719 3275 0.574219 0.894531 3252 0.582031 0.886719 3222 0.574219 0.878906 
3252 0.582031 0.886719 3251 0.574219 0.886719 3276 0.582031 0.894531 3253 0.589844 0.886719 3223 0.582031 0.878906 
3261 0.066406 0.894531 3260 0.058594 0.894531 3284 0.066406 0.902344 3262 0.074219 0.894531 3238 0.066406 0.886719 
3262 0.074219 0.894531 3261 0.066406 0.894531 3285 0.074219 0.902344 3263 0.082031 0.894531 3239 0.074219 0.886719 
3265 0.144531 0.894531 3264 0.136719 0.894531 3287 0.144531 0.902344 3266 0.152344 0.894531 3240 0.144531 0.886719 
3273 0.542969 0.894531 3272 0.535156 0.894531 3298 0.542969 0.902344 3274 0.550781 0.894531 3249 0.542969 0.886719 
3279 0.902344 0.894531 3278 0.894531 0.894531 3308 0.902344 0.902344 3280 0.910156 0.894531 3257 0.902344 0.886719 
3282 0.972656 0.894531 3281 0.964844 0.894531 3311 0.972656 0.902344 3283 0.980469 0.894531 3258 0.972656 0.886719 
3289 0.167969 0.902344 3288 0.160156 0.902344 3317 0.167969 0.910156 3290 0.175781 0.902344 3267 0.167969 0.894531 
3294 0.488281 0.902344 3293 0.480469 0.902344 3326 0.488281 0.910156 3295 0.496094 0.902344 3270 0.488281 0.894531 
3296 0.503906 0.902344 3295 0.496094 0.902344 3327 0.503906 0.910156 3297 0.511719 0.902344 3271 0.503906 0.894531 
3300 0.582031 0.902344 3299 0.574219 0.902344 3329 0.582031 0.910156 3301 0.589844 0.902344 3276 0.582031 0.894531 
3305 0.714844 0.902344 3304 0.707031 0.902344 3336 0.714844 0.910156 3306 0.722656 0.902344 3277 0.714844 0.894531 
3309 0.910156 0.902344 3308 0.902344 0.902344 3341 0.910156 0.910156 3310 0.917969 0.902344 3280 0.910156 0.894531 
3315 0.105469 0.910156 3314 0.097656 0.910156 3348 0.105469 0.917969 3316 0.113281 0.910156 3286 0.105469 0.902344 
3320 0.386719 0.910156 3319 0.378906 0.910156 3355 0.386719 0.917969 3321 0.394531 0.910156 3291 0.386719 0.902344 
3323 0.410156 0.910156 3322 0.402344 0.910156 3357 0.410156 0.917969 3324 0.417969 0.910156 3292 0.410156 0.902344 
3331 0.597656 0.910156 3330 0.589844 0.910156 3365 0.597656 0.917969 3332 0.605469 0.910156 3302 0.597656 0.902344 
3334 0.621094 0.910156 3333 0.613281 0.910156 3366 0.621094 0.917969 3335 0.628906 0.910156 3303 0.621094 0.902344 
3338 0.746094 0.910156 3337 0.738281 0.910156 3367 0.746094 0.917969 3339 0.753906 0.910156 3307 0.746094 0.902344 
3344 0.058594 0.917969 3343 0.050781 0.917969 3375 0.058594 0.925781 3345 0.066406 0.917969 3312 0.058594 0.910156 
3346 0.074219 0.917969 3345 0.066406 0.917969 3376 0.074219 0.925781 3347 0.082031 0.917969 3313 0.074219 0.910156 
3353 0.316406 0.917969 3352 0.308594 0.917969 3386 0.316406 0.925781 3354 0.324219 0.917969 3318 0.316406 0.910156 
3360 0.480469 0.917969 3359 0.472656 0.917969 3396 0.480469 0.925781 3361 0.488281 0.917969 3325 0.480469 0.910156 
3363 0.527344 0.917969 3362 0.519531 0.917969 3397 0.527344 0.925781 3364 0.535156 0.917969 3328 0.527344 0.910156 
3369 0.871094 0.917969 3368 0.863281 0.917969 3403 0.871094 0.925781 3370 0.878906 0.917969 3340 0.871094 0.910156 
3373 0.019531 0.925781 3372 0.011719 0.925781 3408 0.019531 0.933594 3374 0.027344 0.925781 3342 0.019531 0.917969 
3378 0.121094 0.925781 3377 0.113281 0.925781 3413 0.121094 0.933594 3379 0.128906 0.925781 3349 0.121094 0.917969 
3381 0.183594 0.925781 3380 0.175781 0.925781 3415 0.183594 0.933594 3382 0.191406 0.925781 3350 0.183594 0.917969 
3384 0.300781 0.925781 3383 0.292969 0.925781 3416 0.300781 0.933594 3385 0.308594 0.925781 3351 0.300781 0.917969 
3386 0.316406 0.925781 3385 0.308594 0.925781 3418 0.316406 0.933594 3387 0.324219 0.925781 3353 0.316406 0.917969 
3390 0.402344 0.925781 3389 0.394531 0.925781 3424 0.402344 0.933594 3391 0.410156 0.925781 3356 0.402344 0.917969 
3393 0.457031 0.925781 3392 0.449219 0.925781 3425 0.457031 0.933594 3394 0.464844 0.925781 3358 0.457031 0.917969 
3402 0.863281 0.925781 3401 0.855469 0.925781 3443 0.863281 0.933594 3403 0.871094 0.925781 3368 0.863281 0.917969 
3406 0.910156 0.925781 3405 0.902344 0.925781 3447 0.910156 0.933594 3407 0.917969 0.925781 3371 0.910156 0.917969 
3410 0.074219 0.933594 3409 0.066406 0.933594 3451 0.074219 0.941406 3411 0.082031 0.933594 3376 0.074219 0.925781 
3421 0.363281 0.933594 3420 0.355469 0.933594 3464 0.363281 0.941406 3422 0.371094 0.933594 3388 0.363281 0.925781 
3427 0.472656 0.933594 3426 0.464844 0.933594 3468 0.472656 0.941406 3428 0.480469 0.933594 3395 0.472656 0.925781 
3428 0.480469 0.933594 3427 0.472656 0.933594 3469 0.480469 0.941406 3429 0.488281 0.933594 3396 0.480469 0.925781 
3431 0.558594 0.933594 3430 0.550781 0.933594 3471 0.558594 0.941406 3432 0.566406 0.933594 3398 0.558594 0.925781 
3434 0.582031 0.933594 3433 0.574219 0.933594 3472 0.582031 0.941406 3435 0.589844 0.933594 3399 0.582031 0.925781 
3440 0.785156 0.933594 3439 0.777344 0.933594 3481 0.785156 0.941406 3441 0.792969 0.933594 3400 0.785156 0.925781 
3445 0.894531 0.933594 3444 0.886719 0.933594 3488 0.894531 0.941406 3446 0.902344 0.933594 3404 0.894531 0.925781 
3453 0.089844 0.941406 3452 0.082031 0.941406 3498 0.089844 0.949219 3454 0.097656 0.941406 3412 0.089844 0.933594 
3457 0.152344 0.941406 3456 0.144531 0.941406 3503 0.152344 0.949219 3458 0.160156 0.941406 3414 0.152344 0.933594 
3460 0.308594 0.941406 3459 0.300781 0.941406 3504 0.308594 0.949219 3461 0.316406 0.941406 3417 0.308594 0.933594 
3462 0.324219 0.941406 3461 0.316406 0.941406 3505 0.324219 0.949219 3463 0.332031 0.941406 3419 0.324219 0.933594 
3466 0.386719 0.941406 3465 0.378906 0.941406 3506 0.386719 0.949219 3467 0.394531 0.941406 3423 0.386719 0.933594 
3474 0.597656 0.941406 3473 0.589844 0.941406 3512 0.597656 0.949219 3475 0.605469 0.941406 3436 0.597656 0.933594 
3478 0.675781 0.941406 3477 0.667969 0.941406 3516 0.675781 0.949219 3479 0.683594 0.941406 3437 0.675781 0.933594 
3479 0.683594 0.941406 3478 0.675781 0.941406 3517 0.683594 0.949219 3480 0.691406 0.941406 3438 0.683594 0.933594 
3483 0.808594 0.941406 3482 0.800781 0.941406 3518 0.808594 0.949219 3484 0.816406 0.941406 3442 0.808594 0.933594 
3486 0.863281 0.941406 3485 0.855469 0.941406 3519 0.863281 0.949219 3487 0.871094 0.941406 3443 0.863281 0.933594 
3490 0.988281 0.941406 3489 0.980469 0.941406 3521 0.988281 0.949219 3491 0.996094 0.941406 3448 0.988281 0.933594 
3492 0.003906 0.949219 3522 0.996094 0.949219 3523 0.003906 0.957031 3493 0.011719 0.949219 3449 0.003906 0.941406 
3496 0.050781 0.949219 3495 0.042969 0.949219 3527 0.050781 0.957031 3497 0.058594 0.949219 3450 0.050781 0.941406 
3500 0.113281 0.949219 3499 0.105469 0.949219 3531 0.113281 0.957031 3501 0.121094 0.949219 3455 0.113281 0.941406 
3509 0.527344 0.949219 3508 0.519531 0.949219 3544 0.527344 0.957031 3510 0.535156 0.949219 3470 0.527344 0.941406 
3514 0.636719 0.949219 3513 0.628906 0.949219 3549 0.636719 0.957031 3515 0.644531 0.949219 3476 0.636719 0.941406 
3525 0.035156 0.957031 3524 0.027344 0.957031 3556 0.035156 0.964844 3526 0.042969 0.957031 3494 0.035156 0.949219 
3529 0.089844 0.957031 3528 0.082031 0.957031 3557 0.089844 0.964844 3530 0.097656 0.957031 3498 0.089844 0.949219 
3533 0.136719 0.957031 3532 0.128906 0.957031 3558 0.136719 0.964844 3534 0.144531 0.957031 3502 0.136719 0.949219 
3542 0.496094 0.957031 3541 0.488281 0.957031 3576 0.496094 0.964844 3543 0.503906 0.957031 3507 0.496094 0.949219 
3546 0.558594 0.957031 3545 0.550781 0.957031 3579 0.558594 0.964844 3547 0.566406 0.957031 3511 0.558594 0.949219 
3554 0.957031 0.957031 3553 0.949219 0.957031 3593 0.957031 0.964844 3555 0.964844 0.957031 3520 0.957031 0.949219 
3560 0.152344 0.964844 3559 0.144531 0.964844 3594 0.152344 0.972656 3561 0.160156 0.964844 3535 0.152344 0.957031 
3563 0.183594 0.964844 3562 0.175781 0.964844 3595 0.183594 0.972656 3564 0.191406 0.964844 3536 0.183594 0.957031 
3564 0.191406 0.964844 3563 0.183594 0.964844 3596 0.191406 0.972656 3565 0.199219 0.964844 3537 0.191406 0.957031 
3567 0.292969 0.964844 3566 0.285156 0.964844 3598 0.292969 0.972656 3568 0.300781 0.964844 3538 0.292969 0.957031 
3570 0.324219 0.964844 3569 0.316406 0.964844 3599 0.324219 0.972656 3571 0.332031 0.964844 3539 0.324219 0.957031 
3573 0.425781 0.964844 3572 0.417969 0.964844 3601 0.425781 0.972656 3574 0.433594 0.964844 3540 0.425781 0.957031 
3577 0.503906 0.964844 3576 0.496094 0.964844 3606 0.503906 0.972656 3578 0.511719 0.964844 3543 0.503906 0.957031 
3582 0.628906 0.964844 3581 0.621094 0.964844 3611 0.628906 0.972656 3583 0.636719 0.964844 3548 0.628906 0.957031 
3585 0.691406 0.964844 3584 0.683594 0.964844 3612 0.691406 0.972656 3586 0.699219 0.964844 3550 0.691406 0.957031 
3588 0.777344 0.964844 3587 0.769531 0.964844 3613 0.777344 0.972656 3589 0.785156 0.964844 3551 0.777344 0.957031 
3591 0.894531 0.964844 3590 0.886719 0.964844 3616 0.894531 0.972656 3592 0.902344 0.964844 3552 0.894531 0.957031 
3603 0.480469 0.972656 3602 0.472656 0.972656 3626 0.480469 0.980469 3604 0.488281 0.972656 3575 0.480469 0.964844 
3606 0.503906 0.972656 3605 0.496094 0.972656 3627 0.503906 0.980469 3607 0.511719 0.972656 3577 0.503906 0.964844 
3609 0.605469 0.972656 3608 0.597656 0.972656 3628 0.605469 0.980469 3610 0.613281 0.972656 3580 0.605469 0.964844 
3615 0.886719 0.972656 3614 0.878906 0.972656 3629 0.886719 0.980469 3616 0.894531 0.972656 3590 0.886719 0.964844 
3620 0.230469 0.980469 3619 0.222656 0.980469 3640 0.230469 0.988281 3621 0.238281 0.980469 3597 0.230469 0.972656 
3624 0.386719 0.980469 3623 0.378906 0.980469 3646 0.386719 0.988281 3625 0.394531 0.980469 3600 0.386719 0.972656 
3631 0.902344 0.980469 3630 0.894531 0.980469 3651 0.902344 0.988281 3632 0.910156 0.980469 3617 0.902344 0.972656 
3634 0.988281 0.980469 3633 0.980469 0.980469 3653 0.988281 0.988281 3635 0.996094 0.980469 3618 0.988281 0.972656 
3644 0.332031 0.988281 3643 0.324219 0.988281 3671 0.332031 0.996094 3645 0.339844 0.988281 3622 0.332031 0.980469 
3649 0.886719 0.988281 3648 0.878906 0.988281 3681 0.886719 0.996094 3650 0.894531 0.988281 3629 0.886719 0.980469 
3650 0.894531 0.988281 3649 0.886719 0.988281 3682 0.894531 0.996094 3651 0.902344 0.988281 3630 0.894531 0.980469 
3656 0.082031 0.996094 3655 0.074219 0.996094 5 0.082031 0.003906 3657 0.089844 0.996094 3636 0.082031 0.988281 
3658 0.097656 0.996094 3657 0.089844 0.996094 6 0.097656 0.003906 3659 0.105469 0.996094 3637 0.097656 0.988281 
3661 0.175781 0.996094 3660 0.167969 0.996094 7 0.175781 0.003906 3662 0.183594 0.996094 3638 0.175781 0.988281 
3662 0.183594 0.996094 3661 0.175781 0.996094 8 0.183594 0.003906 3663 0.191406 0.996094 3639 0.183594 0.988281 
3665 0.261719 0.996094 3664 0.253906 0.996094 9 0.261719 0.003906 3666 0.269531 0.996094 3641 0.261719 0.988281 
3666 0.269531 0.996094 3665 0.261719 0.996094 10 0.269531 0.003906 3667 0.277344 0.996094 3642 0.269531 0.988281 
3671 0.332031 0.996094 3670 0.324219 0.996094 15 0.332031 0.003906 3672 0.339844 0.996094 3644 0.332031 0.988281 
3674 0.386719 0.996094 3673 0.378906 0.996094 16 0.386719 0.003906 3675 0.394531 0.996094 3646 0.386719 0.988281 
3677 0.464844 0.996094 3676 0.457031 0.996094 17 0.464844 0.003906 3678 0.472656 0.996094 3647 0.464844 0.988281 
3685 0.957031 0.996094 3684 0.949219 0.996094 29 0.957031 0.003906 3686 0.964844 0.996094 3652 0.957031 0.988281 
