dx 0.015625
dy 0.015625
numResidualPts 204
numStatePts 938
0 0.507812 0.507812 2 0.492188 0.507812 3 0.507812 0.523438 1 0.523438 0.507812 4 0.507812 0.492188 
5 0.492188 0.523438 6 0.476562 0.523438 7 0.492188 0.539062 3 0.507812 0.523438 2 0.492188 0.507812 
12 0.476562 0.554688 18 0.460938 0.554688 19 0.476562 0.570312 9 0.492188 0.554688 8 0.476562 0.539062 
17 0.429688 0.492188 25 0.414062 0.492188 10 0.429688 0.507812 11 0.445312 0.492188 26 0.429688 0.476562 
20 0.476562 0.445312 27 0.460938 0.445312 13 0.476562 0.460938 14 0.492188 0.445312 28 0.476562 0.429688 
22 0.570312 0.460938 16 0.554688 0.460938 15 0.570312 0.476562 33 0.585938 0.460938 34 0.570312 0.445312 
30 0.507812 0.398438 37 0.492188 0.398438 21 0.507812 0.414062 36 0.523438 0.398438 39 0.507812 0.382812 
35 0.554688 0.429688 24 0.539062 0.429688 23 0.554688 0.445312 41 0.570312 0.429688 42 0.554688 0.414062 
38 0.507812 0.632812 45 0.492188 0.632812 46 0.507812 0.648438 44 0.523438 0.632812 29 0.507812 0.617188 
40 0.632812 0.492188 32 0.617188 0.492188 31 0.632812 0.507812 47 0.648438 0.492188 48 0.632812 0.476562 
49 0.539062 0.632812 44 0.523438 0.632812 57 0.539062 0.648438 56 0.554688 0.632812 43 0.539062 0.617188 
58 0.351562 0.492188 63 0.335938 0.492188 50 0.351562 0.507812 51 0.367188 0.492188 64 0.351562 0.476562 
61 0.429688 0.601562 66 0.414062 0.601562 67 0.429688 0.617188 53 0.445312 0.601562 52 0.429688 0.585938 
62 0.585938 0.398438 55 0.570312 0.398438 54 0.585938 0.414062 75 0.601562 0.398438 76 0.585938 0.382812 
65 0.367188 0.460938 77 0.351562 0.460938 59 0.367188 0.476562 60 0.382812 0.460938 78 0.367188 0.445312 
81 0.429688 0.382812 93 0.414062 0.382812 68 0.429688 0.398438 69 0.445312 0.382812 95 0.429688 0.367188 
83 0.460938 0.664062 96 0.445312 0.664062 97 0.460938 0.679688 71 0.476562 0.664062 70 0.460938 0.648438 
84 0.507812 0.710938 98 0.492188 0.710938 99 0.507812 0.726562 88 0.523438 0.710938 72 0.507812 0.695312 
85 0.648438 0.429688 74 0.632812 0.429688 73 0.648438 0.445312 103 0.664062 0.429688 104 0.648438 0.414062 
87 0.601562 0.382812 76 0.585938 0.382812 75 0.601562 0.398438 105 0.617188 0.382812 106 0.601562 0.367188 
93 0.414062 0.382812 113 0.398438 0.382812 79 0.414062 0.398438 81 0.429688 0.382812 115 0.414062 0.367188 
94 0.429688 0.648438 114 0.414062 0.648438 116 0.429688 0.664062 82 0.445312 0.648438 80 0.429688 0.632812 
104 0.648438 0.414062 86 0.632812 0.414062 85 0.648438 0.429688 124 0.664062 0.414062 125 0.648438 0.398438 
109 0.289062 0.523438 128 0.273438 0.523438 129 0.289062 0.539062 90 0.304688 0.523438 89 0.289062 0.507812 
110 0.351562 0.429688 130 0.335938 0.429688 91 0.351562 0.445312 92 0.367188 0.429688 131 0.351562 0.414062 
119 0.507812 0.742188 136 0.492188 0.742188 138 0.507812 0.757812 126 0.523438 0.742188 99 0.507812 0.726562 
120 0.507812 0.273438 137 0.492188 0.273438 100 0.507812 0.289062 127 0.523438 0.273438 139 0.507812 0.257812 
121 0.742188 0.523438 102 0.726562 0.523438 141 0.742188 0.539062 140 0.757812 0.523438 101 0.742188 0.507812 
126 0.523438 0.742188 119 0.507812 0.742188 149 0.523438 0.757812 147 0.539062 0.742188 107 0.523438 0.726562 
127 0.523438 0.273438 120 0.507812 0.273438 108 0.523438 0.289062 148 0.539062 0.273438 150 0.523438 0.257812 
132 0.367188 0.617188 151 0.351562 0.617188 152 0.367188 0.632812 112 0.382812 0.617188 111 0.367188 0.601562 
135 0.476562 0.289062 154 0.460938 0.289062 117 0.476562 0.304688 118 0.492188 0.289062 155 0.476562 0.273438 
143 0.726562 0.460938 123 0.710938 0.460938 122 0.726562 0.476562 156 0.742188 0.460938 158 0.726562 0.445312 
153 0.382812 0.367188 168 0.367188 0.367188 133 0.382812 0.382812 134 0.398438 0.367188 169 0.382812 0.351562 
157 0.726562 0.570312 144 0.710938 0.570312 173 0.726562 0.585938 172 0.742188 0.570312 142 0.726562 0.554688 
163 0.632812 0.351562 146 0.617188 0.351562 145 0.632812 0.367188 176 0.648438 0.351562 177 0.632812 0.335938 
174 0.679688 0.382812 160 0.664062 0.382812 159 0.679688 0.398438 186 0.695312 0.382812 188 0.679688 0.367188 
175 0.648438 0.664062 162 0.632812 0.664062 190 0.648438 0.679688 189 0.664062 0.664062 161 0.648438 0.648438 
178 0.539062 0.242188 165 0.523438 0.242188 164 0.539062 0.257812 191 0.554688 0.242188 192 0.539062 0.226562 
180 0.320312 0.398438 195 0.304688 0.398438 166 0.320312 0.414062 167 0.335938 0.398438 196 0.320312 0.382812 
181 0.492188 0.789062 197 0.476562 0.789062 198 0.492188 0.804688 171 0.507812 0.789062 170 0.492188 0.773438 
195 0.304688 0.398438 213 0.289062 0.398438 179 0.304688 0.414062 180 0.320312 0.398438 214 0.304688 0.382812 
199 0.492188 0.210938 216 0.476562 0.210938 182 0.492188 0.226562 183 0.507812 0.210938 218 0.492188 0.195312 
200 0.726562 0.398438 185 0.710938 0.398438 184 0.726562 0.414062 223 0.742188 0.398438 224 0.726562 0.382812 
201 0.679688 0.664062 189 0.664062 0.664062 226 0.679688 0.679688 225 0.695312 0.664062 187 0.679688 0.648438 
212 0.257812 0.429688 235 0.242188 0.429688 193 0.257812 0.445312 194 0.273438 0.429688 236 0.257812 0.414062 
227 0.679688 0.335938 203 0.664062 0.335938 202 0.679688 0.351562 243 0.695312 0.335938 245 0.679688 0.320312 
228 0.632812 0.289062 205 0.617188 0.289062 204 0.632812 0.304688 247 0.648438 0.289062 249 0.632812 0.273438 
229 0.585938 0.242188 207 0.570312 0.242188 206 0.585938 0.257812 251 0.601562 0.242188 252 0.585938 0.226562 
230 0.570312 0.226562 208 0.554688 0.226562 207 0.570312 0.242188 252 0.585938 0.226562 253 0.570312 0.210938 
231 0.539062 0.195312 211 0.523438 0.195312 209 0.539062 0.210938 254 0.554688 0.195312 256 0.539062 0.179688 
232 0.523438 0.835938 219 0.507812 0.835938 257 0.523438 0.851562 255 0.539062 0.835938 210 0.523438 0.820312 
237 0.476562 0.820312 263 0.460938 0.820312 264 0.476562 0.835938 217 0.492188 0.820312 215 0.476562 0.804688 
238 0.492188 0.179688 265 0.476562 0.179688 218 0.492188 0.195312 220 0.507812 0.179688 266 0.492188 0.164062 
241 0.757812 0.617188 222 0.742188 0.617188 271 0.757812 0.632812 269 0.773438 0.617188 221 0.757812 0.601562 
258 0.164062 0.492188 278 0.148438 0.492188 233 0.164062 0.507812 234 0.179688 0.492188 279 0.164062 0.476562 
268 0.789062 0.414062 240 0.773438 0.414062 239 0.789062 0.429688 289 0.804688 0.414062 291 0.789062 0.398438 
270 0.773438 0.398438 242 0.757812 0.398438 240 0.773438 0.414062 291 0.789062 0.398438 293 0.773438 0.382812 
272 0.679688 0.710938 246 0.664062 0.710938 295 0.679688 0.726562 294 0.695312 0.710938 244 0.679688 0.695312 
273 0.632812 0.757812 250 0.617188 0.757812 297 0.632812 0.773438 296 0.648438 0.757812 248 0.632812 0.742188 
280 0.289062 0.664062 303 0.273438 0.664062 304 0.289062 0.679688 260 0.304688 0.664062 259 0.289062 0.648438 
281 0.351562 0.289062 306 0.335938 0.289062 261 0.351562 0.304688 262 0.367188 0.289062 307 0.351562 0.273438 
284 0.507812 0.132812 311 0.492188 0.132812 267 0.507812 0.148438 300 0.523438 0.132812 313 0.507812 0.117188 
298 0.601562 0.210938 275 0.585938 0.210938 274 0.601562 0.226562 318 0.617188 0.210938 320 0.601562 0.195312 
299 0.554688 0.164062 277 0.539062 0.164062 276 0.554688 0.179688 321 0.570312 0.164062 322 0.554688 0.148438 
308 0.445312 0.835938 333 0.429688 0.835938 334 0.445312 0.851562 283 0.460938 0.835938 282 0.445312 0.820312 
314 0.851562 0.570312 286 0.835938 0.570312 340 0.851562 0.585938 339 0.867188 0.570312 285 0.851562 0.554688 
315 0.820312 0.601562 288 0.804688 0.601562 342 0.820312 0.617188 341 0.835938 0.601562 287 0.820312 0.585938 
316 0.789062 0.632812 292 0.773438 0.632812 344 0.789062 0.648438 343 0.804688 0.632812 290 0.789062 0.617188 
325 0.117188 0.523438 354 0.101562 0.523438 355 0.117188 0.539062 302 0.132812 0.523438 301 0.117188 0.507812 
332 0.320312 0.289062 364 0.304688 0.289062 305 0.320312 0.304688 306 0.335938 0.289062 365 0.320312 0.273438 
334 0.445312 0.851562 366 0.429688 0.851562 367 0.445312 0.867188 309 0.460938 0.851562 308 0.445312 0.835938 
336 0.476562 0.132812 368 0.460938 0.132812 310 0.476562 0.148438 311 0.492188 0.132812 369 0.476562 0.117188 
337 0.507812 0.914062 370 0.492188 0.914062 371 0.507812 0.929688 351 0.523438 0.914062 312 0.507812 0.898438 
346 0.617188 0.820312 319 0.601562 0.820312 383 0.617188 0.835938 381 0.632812 0.820312 317 0.617188 0.804688 
350 0.539062 0.117188 324 0.523438 0.117188 323 0.539062 0.132812 388 0.554688 0.117188 389 0.539062 0.101562 
352 0.523438 0.101562 338 0.507812 0.101562 324 0.523438 0.117188 389 0.539062 0.101562 390 0.523438 0.085938 
357 0.164062 0.429688 392 0.148438 0.429688 326 0.164062 0.445312 328 0.179688 0.429688 394 0.164062 0.414062 
358 0.179688 0.601562 393 0.164062 0.601562 395 0.179688 0.617188 329 0.195312 0.601562 327 0.179688 0.585938 
361 0.226562 0.367188 397 0.210938 0.367188 330 0.226562 0.382812 331 0.242188 0.367188 398 0.226562 0.351562 
368 0.460938 0.132812 402 0.445312 0.132812 335 0.460938 0.148438 336 0.476562 0.132812 403 0.460938 0.117188 
382 0.632812 0.195312 347 0.617188 0.195312 345 0.632812 0.210938 417 0.648438 0.195312 418 0.632812 0.179688 
386 0.570312 0.132812 349 0.554688 0.132812 348 0.570312 0.148438 419 0.585938 0.132812 421 0.570312 0.117188 
391 0.070312 0.507812 422 0.054688 0.507812 423 0.070312 0.523438 353 0.085938 0.507812 424 0.070312 0.492188 
392 0.148438 0.429688 425 0.132812 0.429688 356 0.148438 0.445312 357 0.164062 0.429688 426 0.148438 0.414062 
396 0.195312 0.382812 427 0.179688 0.382812 359 0.195312 0.398438 360 0.210938 0.382812 428 0.195312 0.367188 
399 0.257812 0.695312 431 0.242188 0.695312 432 0.257812 0.710938 363 0.273438 0.695312 362 0.257812 0.679688 
408 0.898438 0.445312 373 0.882812 0.445312 372 0.898438 0.460938 439 0.914062 0.445312 440 0.898438 0.429688 
409 0.882812 0.429688 374 0.867188 0.429688 373 0.882812 0.445312 440 0.898438 0.429688 441 0.882812 0.414062 
413 0.773438 0.320312 376 0.757812 0.320312 375 0.773438 0.335938 445 0.789062 0.320312 447 0.773438 0.304688 
415 0.726562 0.273438 378 0.710938 0.273438 377 0.726562 0.289062 449 0.742188 0.273438 450 0.726562 0.257812 
416 0.664062 0.210938 380 0.648438 0.210938 379 0.664062 0.226562 451 0.679688 0.210938 452 0.664062 0.195312 
419 0.585938 0.132812 386 0.570312 0.132812 384 0.585938 0.148438 453 0.601562 0.132812 455 0.585938 0.117188 
420 0.570312 0.898438 387 0.554688 0.898438 456 0.570312 0.914062 454 0.585938 0.898438 385 0.570312 0.882812 
433 0.398438 0.851562 462 0.382812 0.851562 463 0.398438 0.867188 401 0.414062 0.851562 400 0.398438 0.835938 
436 0.460938 0.101562 465 0.445312 0.101562 403 0.460938 0.117188 404 0.476562 0.101562 466 0.460938 0.085938 
437 0.476562 0.085938 466 0.460938 0.085938 404 0.476562 0.101562 405 0.492188 0.085938 467 0.476562 0.070312 
438 0.945312 0.476562 407 0.929688 0.476562 406 0.945312 0.492188 470 0.960938 0.476562 471 0.945312 0.460938 
442 0.835938 0.367188 411 0.820312 0.367188 410 0.835938 0.382812 474 0.851562 0.367188 475 0.835938 0.351562 
446 0.773438 0.710938 414 0.757812 0.710938 478 0.773438 0.726562 477 0.789062 0.710938 412 0.773438 0.695312 
459 0.210938 0.335938 486 0.195312 0.335938 429 0.210938 0.351562 430 0.226562 0.335938 488 0.210938 0.320312 
464 0.429688 0.898438 492 0.414062 0.898438 493 0.429688 0.914062 435 0.445312 0.898438 434 0.429688 0.882812 
476 0.804688 0.695312 444 0.789062 0.695312 499 0.804688 0.710938 498 0.820312 0.695312 443 0.804688 0.679688 
479 0.757812 0.273438 449 0.742188 0.273438 448 0.757812 0.289062 501 0.773438 0.273438 502 0.757812 0.257812 
484 0.132812 0.398438 513 0.117188 0.398438 457 0.132812 0.414062 458 0.148438 0.398438 514 0.132812 0.382812 
489 0.273438 0.257812 518 0.257812 0.257812 460 0.273438 0.273438 461 0.289062 0.257812 519 0.273438 0.242188 
495 0.976562 0.539062 469 0.960938 0.539062 523 0.976562 0.554688 521 0.992188 0.539062 468 0.976562 0.523438 
497 0.898438 0.617188 473 0.882812 0.617188 525 0.898438 0.632812 524 0.914062 0.617188 472 0.898438 0.601562 
503 0.742188 0.242188 481 0.726562 0.242188 480 0.742188 0.257812 527 0.757812 0.242188 528 0.742188 0.226562 
510 0.085938 0.585938 540 0.070312 0.585938 541 0.085938 0.601562 483 0.101562 0.585938 482 0.085938 0.570312 
516 0.195312 0.695312 543 0.179688 0.695312 545 0.195312 0.710938 487 0.210938 0.695312 485 0.195312 0.679688 
520 0.367188 0.867188 547 0.351562 0.867188 548 0.367188 0.882812 491 0.382812 0.867188 490 0.367188 0.851562 
522 0.992188 0.476562 496 0.976562 0.476562 494 0.992188 0.492188 549 0.007812 0.476562 550 0.992188 0.460938 
526 0.789062 0.273438 501 0.773438 0.273438 500 0.789062 0.289062 553 0.804688 0.273438 554 0.789062 0.257812 
534 0.585938 0.070312 506 0.570312 0.070312 504 0.585938 0.085938 558 0.601562 0.070312 560 0.585938 0.054688 
535 0.570312 0.960938 507 0.554688 0.960938 561 0.570312 0.976562 559 0.585938 0.960938 505 0.570312 0.945312 
537 0.539062 0.023438 509 0.523438 0.023438 508 0.539062 0.039062 562 0.554688 0.023438 563 0.539062 0.007812 
542 0.085938 0.414062 565 0.070312 0.414062 511 0.085938 0.429688 512 0.101562 0.414062 566 0.085938 0.398438 
544 0.179688 0.320312 570 0.164062 0.320312 515 0.179688 0.335938 517 0.195312 0.320312 572 0.179688 0.304688 
555 0.742188 0.210938 529 0.726562 0.210938 528 0.742188 0.226562 579 0.757812 0.210938 580 0.742188 0.195312 
556 0.710938 0.179688 531 0.695312 0.179688 530 0.710938 0.195312 582 0.726562 0.179688 584 0.710938 0.164062 
557 0.601562 0.945312 533 0.585938 0.945312 588 0.601562 0.960938 587 0.617188 0.945312 532 0.601562 0.929688 
561 0.570312 0.976562 536 0.554688 0.976562 591 0.570312 0.992188 589 0.585938 0.976562 535 0.570312 0.960938 
564 0.039062 0.570312 593 0.023438 0.570312 594 0.039062 0.585938 539 0.054688 0.570312 538 0.039062 0.554688 
575 0.335938 0.867188 598 0.320312 0.867188 599 0.335938 0.882812 547 0.351562 0.867188 546 0.335938 0.851562 
578 0.867188 0.320312 552 0.851562 0.320312 551 0.867188 0.335938 602 0.882812 0.320312 604 0.867188 0.304688 
595 0.132812 0.335938 610 0.117188 0.335938 567 0.132812 0.351562 568 0.148438 0.335938 611 0.132812 0.320312 
596 0.164062 0.710938 612 0.148438 0.710938 613 0.164062 0.726562 571 0.179688 0.710938 569 0.164062 0.695312 
597 0.257812 0.804688 614 0.242188 0.804688 615 0.257812 0.820312 574 0.273438 0.804688 573 0.257812 0.789062 
600 0.914062 0.351562 577 0.898438 0.351562 576 0.914062 0.367188 623 0.929688 0.351562 625 0.914062 0.335938 
605 0.726562 0.851562 583 0.710938 0.851562 634 0.726562 0.867188 632 0.742188 0.851562 581 0.726562 0.835938 
606 0.726562 0.164062 584 0.710938 0.164062 582 0.726562 0.179688 633 0.742188 0.164062 635 0.726562 0.148438 
607 0.695312 0.132812 586 0.679688 0.132812 585 0.695312 0.148438 636 0.710938 0.132812 637 0.695312 0.117188 
608 0.617188 0.960938 588 0.601562 0.960938 639 0.617188 0.976562 638 0.632812 0.960938 587 0.617188 0.945312 
609 0.585938 0.023438 592 0.570312 0.023438 590 0.585938 0.039062 640 0.601562 0.023438 641 0.585938 0.007812 
626 0.882812 0.710938 603 0.867188 0.710938 649 0.882812 0.726562 648 0.898438 0.710938 601 0.882812 0.695312 
642 0.304688 0.882812 657 0.289062 0.882812 658 0.304688 0.898438 617 0.320312 0.882812 616 0.304688 0.867188 
643 0.320312 0.117188 659 0.304688 0.117188 618 0.320312 0.132812 619 0.335938 0.117188 660 0.320312 0.101562 
644 0.382812 0.960938 661 0.367188 0.960938 662 0.382812 0.976562 621 0.398438 0.960938 620 0.382812 0.945312 
647 0.929688 0.679688 624 0.914062 0.679688 665 0.929688 0.695312 664 0.945312 0.679688 622 0.929688 0.664062 
650 0.851562 0.757812 629 0.835938 0.757812 668 0.851562 0.773438 666 0.867188 0.757812 627 0.851562 0.742188 
651 0.851562 0.257812 630 0.835938 0.257812 628 0.851562 0.273438 667 0.867188 0.257812 669 0.851562 0.242188 
652 0.835938 0.773438 631 0.820312 0.773438 670 0.835938 0.789062 668 0.851562 0.773438 629 0.835938 0.757812 
663 0.976562 0.367188 646 0.960938 0.367188 645 0.976562 0.382812 682 0.992188 0.367188 684 0.976562 0.351562 
671 0.820312 0.210938 654 0.804688 0.210938 653 0.820312 0.226562 686 0.835938 0.210938 687 0.820312 0.195312 
676 0.117188 0.726562 694 0.101562 0.726562 695 0.117188 0.742188 656 0.132812 0.726562 655 0.117188 0.710938 
689 0.679688 0.054688 673 0.664062 0.054688 672 0.679688 0.070312 703 0.695312 0.054688 705 0.679688 0.039062 
691 0.039062 0.351562 706 0.023438 0.351562 674 0.039062 0.367188 675 0.054688 0.351562 707 0.039062 0.335938 
696 0.289062 0.914062 710 0.273438 0.914062 711 0.289062 0.929688 678 0.304688 0.914062 677 0.289062 0.898438 
697 0.382812 0.007812 714 0.367188 0.007812 680 0.382812 0.023438 681 0.398438 0.007812 679 0.382812 0.992188 
698 0.976562 0.679688 685 0.960938 0.679688 716 0.976562 0.695312 715 0.992188 0.679688 683 0.976562 0.664062 
704 0.679688 0.976562 690 0.664062 0.976562 721 0.679688 0.992188 719 0.695312 0.976562 688 0.679688 0.960938 
708 0.054688 0.695312 723 0.039062 0.695312 725 0.054688 0.710938 693 0.070312 0.695312 692 0.054688 0.679688 
717 0.976562 0.320312 700 0.960938 0.320312 699 0.976562 0.335938 729 0.992188 0.320312 730 0.976562 0.304688 
718 0.898438 0.773438 702 0.882812 0.773438 732 0.898438 0.789062 731 0.914062 0.773438 701 0.898438 0.757812 
724 0.039062 0.320312 736 0.023438 0.320312 707 0.039062 0.335938 709 0.054688 0.320312 737 0.039062 0.304688 
728 0.320312 0.039062 741 0.304688 0.039062 712 0.320312 0.054688 713 0.335938 0.039062 742 0.320312 0.023438 
735 0.695312 0.023438 722 0.679688 0.023438 720 0.695312 0.039062 744 0.710938 0.023438 745 0.695312 0.007812 
738 0.179688 0.164062 750 0.164062 0.164062 726 0.179688 0.179688 727 0.195312 0.164062 751 0.179688 0.148438 
743 0.882812 0.820312 734 0.867188 0.820312 758 0.882812 0.835938 757 0.898438 0.820312 733 0.882812 0.804688 
752 0.273438 0.054688 768 0.257812 0.054688 739 0.273438 0.070312 740 0.289062 0.054688 769 0.273438 0.039062 
766 0.101562 0.210938 781 0.085938 0.210938 746 0.101562 0.226562 747 0.117188 0.210938 783 0.101562 0.195312 
767 0.132812 0.835938 784 0.117188 0.835938 785 0.132812 0.851562 749 0.148438 0.835938 748 0.132812 0.820312 
770 0.289062 0.023438 788 0.273438 0.023438 753 0.289062 0.039062 754 0.304688 0.023438 789 0.289062 0.007812 
771 0.007812 0.289062 756 0.992188 0.289062 755 0.007812 0.304688 764 0.023438 0.289062 790 0.007812 0.273438 
774 0.882812 0.851562 759 0.867188 0.851562 795 0.882812 0.867188 794 0.898438 0.851562 758 0.882812 0.835938 
775 0.773438 0.960938 761 0.757812 0.960938 797 0.773438 0.976562 796 0.789062 0.960938 760 0.773438 0.945312 
778 0.742188 0.023438 763 0.726562 0.023438 762 0.742188 0.039062 799 0.757812 0.023438 800 0.742188 0.007812 
779 0.023438 0.273438 790 0.007812 0.273438 764 0.023438 0.289062 765 0.039062 0.273438 801 0.023438 0.257812 
793 0.914062 0.179688 773 0.898438 0.179688 772 0.914062 0.195312 808 0.929688 0.179688 809 0.914062 0.164062 
798 0.757812 0.992188 777 0.742188 0.992188 813 0.757812 0.007812 812 0.773438 0.992188 776 0.757812 0.976562 
803 0.085938 0.820312 814 0.070312 0.820312 815 0.085938 0.835938 782 0.101562 0.820312 780 0.085938 0.804688 
804 0.210938 0.070312 816 0.195312 0.070312 786 0.210938 0.085938 787 0.226562 0.070312 817 0.210938 0.054688 
806 0.992188 0.242188 792 0.976562 0.242188 791 0.992188 0.257812 818 0.007812 0.242188 820 0.992188 0.226562 
814 0.070312 0.820312 828 0.054688 0.820312 829 0.070312 0.835938 803 0.085938 0.820312 802 0.070312 0.804688 
819 0.992188 0.789062 807 0.976562 0.789062 835 0.992188 0.804688 834 0.007812 0.789062 805 0.992188 0.773438 
823 0.867188 0.101562 811 0.851562 0.101562 810 0.867188 0.117188 838 0.882812 0.101562 839 0.867188 0.085938 
836 0.976562 0.820312 822 0.960938 0.820312 849 0.976562 0.835938 848 0.992188 0.820312 821 0.976562 0.804688 
840 0.851562 0.945312 826 0.835938 0.945312 853 0.851562 0.960938 851 0.867188 0.945312 824 0.851562 0.929688 
841 0.851562 0.070312 827 0.835938 0.070312 825 0.851562 0.085938 852 0.867188 0.070312 854 0.851562 0.054688 
843 0.101562 0.132812 859 0.085938 0.132812 830 0.101562 0.148438 831 0.117188 0.132812 860 0.101562 0.117188 
846 0.179688 0.960938 862 0.164062 0.960938 863 0.179688 0.976562 833 0.195312 0.960938 832 0.179688 0.945312 
847 0.007812 0.804688 835 0.992188 0.804688 864 0.007812 0.820312 842 0.023438 0.804688 834 0.007812 0.789062 
850 0.898438 0.101562 838 0.882812 0.101562 837 0.898438 0.117188 865 0.914062 0.101562 866 0.898438 0.085938 
861 0.117188 0.101562 875 0.101562 0.101562 844 0.117188 0.117188 845 0.132812 0.101562 876 0.117188 0.085938 
868 0.851562 0.976562 855 0.835938 0.976562 884 0.851562 0.992188 882 0.867188 0.976562 853 0.851562 0.960938 
870 0.835938 0.992188 856 0.820312 0.992188 885 0.835938 0.007812 884 0.851562 0.992188 855 0.835938 0.976562 
871 0.039062 0.851562 886 0.023438 0.851562 887 0.039062 0.867188 858 0.054688 0.851562 857 0.039062 0.835938 
879 0.164062 0.976562 893 0.148438 0.976562 895 0.164062 0.992188 863 0.179688 0.976562 862 0.164062 0.960938 
881 0.914062 0.085938 866 0.898438 0.085938 865 0.914062 0.101562 896 0.929688 0.085938 897 0.914062 0.070312 
883 0.867188 0.039062 869 0.851562 0.039062 867 0.867188 0.054688 898 0.882812 0.039062 899 0.867188 0.023438 
888 0.054688 0.132812 900 0.039062 0.132812 872 0.054688 0.148438 873 0.070312 0.132812 901 0.054688 0.117188 
889 0.070312 0.117188 901 0.054688 0.117188 873 0.070312 0.132812 874 0.085938 0.117188 902 0.070312 0.101562 
891 0.101562 0.085938 903 0.085938 0.085938 875 0.101562 0.101562 876 0.117188 0.085938 904 0.101562 0.070312 
892 0.117188 0.070312 904 0.101562 0.070312 876 0.117188 0.085938 877 0.132812 0.070312 905 0.117188 0.054688 
894 0.148438 0.039062 906 0.132812 0.039062 878 0.148438 0.054688 880 0.164062 0.039062 907 0.148438 0.023438 
903 0.085938 0.085938 910 0.070312 0.085938 890 0.085938 0.101562 891 0.101562 0.085938 911 0.085938 0.070312 
910 0.070312 0.085938 914 0.054688 0.085938 902 0.070312 0.101562 903 0.085938 0.085938 915 0.070312 0.070312 
912 0.101562 0.054688 916 0.085938 0.054688 904 0.101562 0.070312 905 0.117188 0.054688 917 0.101562 0.039062 
913 0.914062 0.039062 909 0.898438 0.039062 908 0.914062 0.054688 918 0.929688 0.039062 919 0.914062 0.023438 
928 0.039062 0.039062 932 0.023438 0.039062 920 0.039062 0.054688 921 0.054688 0.039062 933 0.039062 0.023438 
929 0.054688 0.023438 933 0.039062 0.023438 921 0.054688 0.039062 922 0.070312 0.023438 934 0.054688 0.007812 
930 0.007812 0.054688 924 0.992188 0.054688 923 0.007812 0.070312 927 0.023438 0.054688 935 0.007812 0.039062 
931 0.976562 0.023438 926 0.960938 0.023438 925 0.976562 0.039062 936 0.992188 0.023438 937 0.976562 0.007812 
