dx 0.003906
dy 0.003906
numResidualPts 655
numStatePts 3213
1 0.021484 0.001953 0 0.017578 0.001953 9 0.021484 0.005859 2 0.025391 0.001953 3200 0.021484 0.998047 
5 0.583984 0.001953 4 0.580078 0.001953 16 0.583984 0.005859 6 0.587891 0.001953 3207 0.583984 0.998047 
13 0.443359 0.005859 12 0.439453 0.005859 26 0.443359 0.009766 14 0.447266 0.005859 3 0.443359 0.001953 
18 0.873047 0.005859 17 0.869141 0.005859 32 0.873047 0.009766 19 0.876953 0.005859 7 0.873047 0.001953 
21 0.111328 0.009766 20 0.107422 0.009766 33 0.111328 0.013672 22 0.115234 0.009766 10 0.111328 0.005859 
24 0.126953 0.009766 23 0.123047 0.009766 34 0.126953 0.013672 25 0.130859 0.009766 11 0.126953 0.005859 
30 0.537109 0.009766 29 0.533203 0.009766 42 0.537109 0.013672 31 0.541016 0.009766 15 0.537109 0.005859 
37 0.474609 0.013672 36 0.470703 0.013672 50 0.474609 0.017578 38 0.478516 0.013672 27 0.474609 0.009766 
40 0.494141 0.013672 39 0.490234 0.013672 51 0.494141 0.017578 41 0.498047 0.013672 28 0.494141 0.009766 
48 0.318359 0.017578 47 0.314453 0.017578 65 0.318359 0.021484 49 0.322266 0.017578 35 0.318359 0.013672 
53 0.658203 0.017578 52 0.654297 0.017578 67 0.658203 0.021484 54 0.662109 0.017578 43 0.658203 0.013672 
56 0.685547 0.017578 55 0.681641 0.017578 68 0.685547 0.021484 57 0.689453 0.017578 44 0.685547 0.013672 
60 0.876953 0.017578 59 0.873047 0.017578 72 0.876953 0.021484 61 0.880859 0.017578 45 0.876953 0.013672 
63 0.029297 0.021484 62 0.025391 0.021484 74 0.029297 0.025391 64 0.033203 0.021484 46 0.029297 0.017578 
70 0.748047 0.021484 69 0.744141 0.021484 80 0.748047 0.025391 71 0.751953 0.021484 58 0.748047 0.017578 
77 0.642578 0.025391 76 0.638672 0.025391 89 0.642578 0.029297 78 0.646484 0.025391 66 0.642578 0.021484 
83 0.017578 0.029297 82 0.013672 0.029297 97 0.017578 0.033203 84 0.021484 0.029297 73 0.017578 0.025391 
86 0.283203 0.029297 85 0.279297 0.029297 99 0.283203 0.033203 87 0.287109 0.029297 75 0.283203 0.025391 
91 0.689453 0.029297 90 0.685547 0.029297 104 0.689453 0.033203 92 0.693359 0.029297 79 0.689453 0.025391 
94 0.943359 0.029297 93 0.939453 0.029297 105 0.943359 0.033203 95 0.947266 0.029297 81 0.943359 0.025391 
101 0.431641 0.033203 100 0.427734 0.033203 112 0.431641 0.037109 102 0.435547 0.033203 88 0.431641 0.029297 
107 0.970703 0.033203 106 0.966797 0.033203 119 0.970703 0.037109 108 0.974609 0.033203 96 0.970703 0.029297 
110 0.208984 0.037109 109 0.205078 0.037109 121 0.208984 0.041016 111 0.212891 0.037109 98 0.208984 0.033203 
113 0.435547 0.037109 112 0.431641 0.037109 123 0.435547 0.041016 114 0.439453 0.037109 102 0.435547 0.033203 
117 0.630859 0.037109 116 0.626953 0.037109 127 0.630859 0.041016 118 0.634766 0.037109 103 0.630859 0.033203 
125 0.619141 0.041016 124 0.615234 0.041016 137 0.619141 0.044922 126 0.623047 0.041016 115 0.619141 0.037109 
129 0.087891 0.044922 128 0.083984 0.044922 140 0.087891 0.048828 130 0.091797 0.044922 120 0.087891 0.041016 
133 0.326172 0.044922 132 0.322266 0.044922 144 0.326172 0.048828 134 0.330078 0.044922 122 0.326172 0.041016 
142 0.291016 0.048828 141 0.287109 0.048828 158 0.291016 0.052734 143 0.294922 0.048828 131 0.291016 0.044922 
146 0.353516 0.048828 145 0.349609 0.048828 159 0.353516 0.052734 147 0.357422 0.048828 135 0.353516 0.044922 
149 0.439453 0.048828 148 0.435547 0.048828 160 0.439453 0.052734 150 0.443359 0.048828 136 0.439453 0.044922 
153 0.810547 0.048828 152 0.806641 0.048828 164 0.810547 0.052734 154 0.814453 0.048828 138 0.810547 0.044922 
156 0.900391 0.048828 155 0.896484 0.048828 165 0.900391 0.052734 157 0.904297 0.048828 139 0.900391 0.044922 
162 0.501953 0.052734 161 0.498047 0.052734 168 0.501953 0.056641 163 0.505859 0.052734 151 0.501953 0.048828 
172 0.283203 0.060547 171 0.279297 0.060547 184 0.283203 0.064453 173 0.287109 0.060547 166 0.283203 0.056641 
175 0.341797 0.060547 174 0.337891 0.060547 185 0.341797 0.064453 176 0.345703 0.060547 167 0.341797 0.056641 
178 0.759766 0.060547 177 0.755859 0.060547 188 0.759766 0.064453 179 0.763672 0.060547 169 0.759766 0.056641 
181 0.837891 0.060547 180 0.833984 0.060547 191 0.837891 0.064453 182 0.841797 0.060547 170 0.837891 0.056641 
189 0.763672 0.064453 188 0.759766 0.064453 206 0.763672 0.068359 190 0.767578 0.064453 179 0.763672 0.060547 
193 0.966797 0.064453 192 0.962891 0.064453 207 0.966797 0.068359 194 0.970703 0.064453 183 0.966797 0.060547 
199 0.482422 0.068359 198 0.478516 0.068359 218 0.482422 0.072266 200 0.486328 0.068359 186 0.482422 0.064453 
202 0.537109 0.068359 201 0.533203 0.068359 219 0.537109 0.072266 203 0.541016 0.068359 187 0.537109 0.064453 
205 0.759766 0.068359 204 0.755859 0.068359 221 0.759766 0.072266 206 0.763672 0.068359 188 0.759766 0.064453 
210 0.126953 0.072266 209 0.123047 0.072266 225 0.126953 0.076172 211 0.130859 0.072266 195 0.126953 0.068359 
213 0.193359 0.072266 212 0.189453 0.072266 226 0.193359 0.076172 214 0.197266 0.072266 196 0.193359 0.068359 
216 0.388672 0.072266 215 0.384766 0.072266 227 0.388672 0.076172 217 0.392578 0.072266 197 0.388672 0.068359 
223 0.013672 0.076172 222 0.009766 0.076172 235 0.013672 0.080078 224 0.017578 0.076172 208 0.013672 0.072266 
230 0.591797 0.076172 229 0.587891 0.076172 240 0.591797 0.080078 231 0.595703 0.076172 220 0.591797 0.072266 
237 0.521484 0.080078 236 0.517578 0.080078 256 0.521484 0.083984 238 0.525391 0.080078 228 0.521484 0.076172 
242 0.607422 0.080078 241 0.603516 0.080078 263 0.607422 0.083984 243 0.611328 0.080078 232 0.607422 0.076172 
246 0.833984 0.080078 245 0.830078 0.080078 268 0.833984 0.083984 247 0.837891 0.080078 233 0.833984 0.076172 
249 0.923828 0.080078 248 0.919922 0.080078 269 0.923828 0.083984 250 0.927734 0.080078 234 0.923828 0.076172 
258 0.533203 0.083984 257 0.529297 0.083984 287 0.533203 0.087891 259 0.537109 0.083984 239 0.533203 0.080078 
261 0.591797 0.083984 260 0.587891 0.083984 288 0.591797 0.087891 262 0.595703 0.083984 240 0.591797 0.080078 
266 0.818359 0.083984 265 0.814453 0.083984 292 0.818359 0.087891 267 0.822266 0.083984 244 0.818359 0.080078 
271 0.138672 0.087891 270 0.134766 0.087891 294 0.138672 0.091797 272 0.142578 0.087891 251 0.138672 0.083984 
273 0.146484 0.087891 272 0.142578 0.087891 295 0.146484 0.091797 274 0.150391 0.087891 252 0.146484 0.083984 
276 0.220703 0.087891 275 0.216797 0.087891 296 0.220703 0.091797 277 0.224609 0.087891 253 0.220703 0.083984 
279 0.318359 0.087891 278 0.314453 0.087891 297 0.318359 0.091797 280 0.322266 0.087891 254 0.318359 0.083984 
284 0.451172 0.087891 283 0.447266 0.087891 304 0.451172 0.091797 285 0.455078 0.087891 255 0.451172 0.083984 
290 0.720703 0.087891 289 0.716797 0.087891 308 0.720703 0.091797 291 0.724609 0.087891 264 0.720703 0.083984 
299 0.380859 0.091797 298 0.376953 0.091797 312 0.380859 0.095703 300 0.384766 0.091797 281 0.380859 0.087891 
302 0.435547 0.091797 301 0.431641 0.091797 313 0.435547 0.095703 303 0.439453 0.091797 282 0.435547 0.087891 
306 0.462891 0.091797 305 0.458984 0.091797 314 0.462891 0.095703 307 0.466797 0.091797 286 0.462891 0.087891 
310 0.865234 0.091797 309 0.861328 0.091797 317 0.865234 0.095703 311 0.869141 0.091797 293 0.865234 0.087891 
319 0.513672 0.099609 318 0.509766 0.099609 326 0.513672 0.103516 320 0.517578 0.099609 315 0.513672 0.095703 
322 0.591797 0.099609 321 0.587891 0.099609 327 0.591797 0.103516 323 0.595703 0.099609 316 0.591797 0.095703 
330 0.119141 0.107422 329 0.115234 0.107422 342 0.119141 0.111328 331 0.123047 0.107422 324 0.119141 0.103516 
334 0.333984 0.107422 333 0.330078 0.107422 346 0.333984 0.111328 335 0.337891 0.107422 325 0.333984 0.103516 
339 0.861328 0.107422 338 0.857422 0.107422 354 0.861328 0.111328 340 0.865234 0.107422 328 0.861328 0.103516 
344 0.224609 0.111328 343 0.220703 0.111328 361 0.224609 0.115234 345 0.228516 0.111328 332 0.224609 0.107422 
348 0.400391 0.111328 347 0.396484 0.111328 362 0.400391 0.115234 349 0.404297 0.111328 336 0.400391 0.107422 
352 0.775391 0.111328 351 0.771484 0.111328 367 0.775391 0.115234 353 0.779297 0.111328 337 0.775391 0.107422 
357 0.021484 0.115234 356 0.017578 0.115234 371 0.021484 0.119141 358 0.025391 0.115234 341 0.021484 0.111328 
365 0.619141 0.115234 364 0.615234 0.115234 381 0.619141 0.119141 366 0.623047 0.115234 350 0.619141 0.111328 
369 0.970703 0.115234 368 0.966797 0.115234 385 0.970703 0.119141 370 0.974609 0.115234 355 0.970703 0.111328 
373 0.029297 0.119141 372 0.025391 0.119141 386 0.029297 0.123047 374 0.033203 0.119141 359 0.029297 0.115234 
376 0.166016 0.119141 375 0.162109 0.119141 387 0.166016 0.123047 377 0.169922 0.119141 360 0.166016 0.115234 
379 0.580078 0.119141 378 0.576172 0.119141 390 0.580078 0.123047 380 0.583984 0.119141 363 0.580078 0.115234 
392 0.787109 0.123047 391 0.783203 0.123047 408 0.787109 0.126953 393 0.791016 0.123047 382 0.787109 0.119141 
396 0.935547 0.123047 395 0.931641 0.123047 412 0.935547 0.126953 397 0.939453 0.123047 383 0.935547 0.119141 
399 0.955078 0.123047 398 0.951172 0.123047 413 0.955078 0.126953 400 0.958984 0.123047 384 0.955078 0.119141 
402 0.287109 0.126953 401 0.283203 0.126953 416 0.287109 0.130859 403 0.291016 0.126953 388 0.287109 0.123047 
405 0.462891 0.126953 404 0.458984 0.126953 417 0.462891 0.130859 406 0.466797 0.126953 389 0.462891 0.123047 
410 0.830078 0.126953 409 0.826172 0.126953 423 0.830078 0.130859 411 0.833984 0.126953 394 0.830078 0.123047 
420 0.751953 0.130859 419 0.748047 0.130859 435 0.751953 0.134766 421 0.755859 0.130859 407 0.751953 0.126953 
425 0.958984 0.130859 424 0.955078 0.130859 440 0.958984 0.134766 426 0.962891 0.130859 414 0.958984 0.126953 
426 0.962891 0.130859 425 0.958984 0.130859 441 0.962891 0.134766 427 0.966797 0.130859 415 0.962891 0.126953 
430 0.462891 0.134766 429 0.458984 0.134766 446 0.462891 0.138672 431 0.466797 0.134766 417 0.462891 0.130859 
433 0.533203 0.134766 432 0.529297 0.134766 447 0.533203 0.138672 434 0.537109 0.134766 418 0.533203 0.130859 
438 0.826172 0.134766 437 0.822266 0.134766 451 0.826172 0.138672 439 0.830078 0.134766 422 0.826172 0.130859 
444 0.376953 0.138672 443 0.373047 0.138672 456 0.376953 0.142578 445 0.380859 0.138672 428 0.376953 0.134766 
449 0.759766 0.138672 448 0.755859 0.138672 459 0.759766 0.142578 450 0.763672 0.138672 436 0.759766 0.134766 
453 0.232422 0.142578 452 0.228516 0.142578 460 0.232422 0.146484 454 0.236328 0.142578 442 0.232422 0.138672 
462 0.291016 0.146484 461 0.287109 0.146484 474 0.291016 0.150391 463 0.294922 0.146484 455 0.291016 0.142578 
465 0.408203 0.146484 464 0.404297 0.146484 475 0.408203 0.150391 466 0.412109 0.146484 457 0.408203 0.142578 
469 0.490234 0.146484 468 0.486328 0.146484 479 0.490234 0.150391 470 0.494141 0.146484 458 0.490234 0.142578 
477 0.443359 0.150391 476 0.439453 0.150391 493 0.443359 0.154297 478 0.447266 0.150391 467 0.443359 0.146484 
482 0.650391 0.150391 481 0.646484 0.150391 497 0.650391 0.154297 483 0.654297 0.150391 471 0.650391 0.146484 
486 0.759766 0.150391 485 0.755859 0.150391 501 0.759766 0.154297 487 0.763672 0.150391 472 0.759766 0.146484 
490 0.826172 0.150391 489 0.822266 0.150391 505 0.826172 0.154297 491 0.830078 0.150391 473 0.826172 0.146484 
495 0.603516 0.154297 494 0.599609 0.154297 511 0.603516 0.158203 496 0.607422 0.154297 480 0.603516 0.150391 
499 0.744141 0.154297 498 0.740234 0.154297 512 0.744141 0.158203 500 0.748047 0.154297 484 0.744141 0.150391 
503 0.771484 0.154297 502 0.767578 0.154297 513 0.771484 0.158203 504 0.775391 0.154297 488 0.771484 0.150391 
507 0.013672 0.158203 506 0.009766 0.158203 516 0.013672 0.162109 508 0.017578 0.158203 492 0.013672 0.154297 
518 0.037109 0.162109 517 0.033203 0.162109 531 0.037109 0.166016 519 0.041016 0.162109 509 0.037109 0.158203 
522 0.279297 0.162109 521 0.275391 0.162109 535 0.279297 0.166016 523 0.283203 0.162109 510 0.279297 0.158203 
527 0.857422 0.162109 526 0.853516 0.162109 544 0.857422 0.166016 528 0.861328 0.162109 514 0.857422 0.158203 
529 0.865234 0.162109 528 0.861328 0.162109 545 0.865234 0.166016 530 0.869141 0.162109 515 0.865234 0.158203 
533 0.095703 0.166016 532 0.091797 0.166016 548 0.095703 0.169922 534 0.099609 0.166016 520 0.095703 0.162109 
537 0.388672 0.166016 536 0.384766 0.166016 550 0.388672 0.169922 538 0.392578 0.166016 524 0.388672 0.162109 
541 0.556641 0.166016 540 0.552734 0.166016 554 0.556641 0.169922 542 0.560547 0.166016 525 0.556641 0.162109 
552 0.455078 0.169922 551 0.451172 0.169922 570 0.455078 0.173828 553 0.458984 0.169922 539 0.455078 0.166016 
557 0.814453 0.169922 556 0.810547 0.169922 574 0.814453 0.173828 558 0.818359 0.169922 543 0.814453 0.166016 
561 0.947266 0.169922 560 0.943359 0.169922 578 0.947266 0.173828 562 0.951172 0.169922 546 0.947266 0.166016 
565 0.005859 0.173828 564 0.001953 0.173828 582 0.005859 0.177734 566 0.009766 0.173828 547 0.005859 0.169922 
568 0.123047 0.173828 567 0.119141 0.173828 584 0.123047 0.177734 569 0.126953 0.173828 549 0.123047 0.169922 
572 0.654297 0.173828 571 0.650391 0.173828 586 0.654297 0.177734 573 0.658203 0.173828 555 0.654297 0.169922 
576 0.873047 0.173828 575 0.869141 0.173828 589 0.873047 0.177734 577 0.876953 0.173828 559 0.873047 0.169922 
580 0.958984 0.173828 579 0.955078 0.173828 590 0.958984 0.177734 581 0.962891 0.173828 563 0.958984 0.169922 
592 0.044922 0.181641 591 0.041016 0.181641 607 0.044922 0.185547 593 0.048828 0.181641 583 0.044922 0.177734 
596 0.271484 0.181641 595 0.267578 0.181641 612 0.271484 0.185547 597 0.275391 0.181641 585 0.271484 0.177734 
602 0.775391 0.181641 601 0.771484 0.181641 624 0.775391 0.185547 603 0.779297 0.181641 587 0.775391 0.177734 
605 0.837891 0.181641 604 0.833984 0.181641 625 0.837891 0.185547 606 0.841797 0.181641 588 0.837891 0.177734 
609 0.072266 0.185547 608 0.068359 0.185547 626 0.072266 0.189453 610 0.076172 0.185547 594 0.072266 0.181641 
614 0.326172 0.185547 613 0.322266 0.185547 630 0.326172 0.189453 615 0.330078 0.185547 598 0.326172 0.181641 
618 0.595703 0.185547 617 0.591797 0.185547 634 0.595703 0.189453 619 0.599609 0.185547 599 0.595703 0.181641 
621 0.634766 0.185547 620 0.630859 0.185547 635 0.634766 0.189453 622 0.638672 0.185547 600 0.634766 0.181641 
628 0.091797 0.189453 627 0.087891 0.189453 639 0.091797 0.193359 629 0.095703 0.189453 611 0.091797 0.185547 
632 0.544922 0.189453 631 0.541016 0.189453 642 0.544922 0.193359 633 0.548828 0.189453 616 0.544922 0.185547 
637 0.658203 0.189453 636 0.654297 0.189453 643 0.658203 0.193359 638 0.662109 0.189453 623 0.658203 0.185547 
648 0.396484 0.197266 647 0.392578 0.197266 661 0.396484 0.201172 649 0.400391 0.197266 640 0.396484 0.193359 
651 0.408203 0.197266 650 0.404297 0.197266 663 0.408203 0.201172 652 0.412109 0.197266 641 0.408203 0.193359 
654 0.748047 0.197266 653 0.744141 0.197266 664 0.748047 0.201172 655 0.751953 0.197266 644 0.748047 0.193359 
657 0.880859 0.197266 656 0.876953 0.197266 665 0.880859 0.201172 658 0.884766 0.197266 645 0.880859 0.193359 
659 0.888672 0.197266 658 0.884766 0.197266 666 0.888672 0.201172 660 0.892578 0.197266 646 0.888672 0.193359 
668 0.400391 0.205078 667 0.396484 0.205078 674 0.400391 0.208984 669 0.404297 0.205078 662 0.400391 0.201172 
676 0.478516 0.208984 675 0.474609 0.208984 690 0.478516 0.212891 677 0.482422 0.208984 670 0.478516 0.205078 
679 0.525391 0.208984 678 0.521484 0.208984 692 0.525391 0.212891 680 0.529297 0.208984 671 0.525391 0.205078 
683 0.787109 0.208984 682 0.783203 0.208984 698 0.787109 0.212891 684 0.791016 0.208984 672 0.787109 0.205078 
687 0.244141 0.212891 686 0.240234 0.212891 702 0.244141 0.216797 688 0.248047 0.212891 673 0.244141 0.208984 
695 0.724609 0.212891 694 0.720703 0.212891 713 0.724609 0.216797 696 0.728516 0.212891 681 0.724609 0.208984 
700 0.158203 0.216797 699 0.154297 0.216797 717 0.158203 0.220703 701 0.162109 0.216797 685 0.158203 0.212891 
704 0.279297 0.216797 703 0.275391 0.216797 718 0.279297 0.220703 705 0.283203 0.216797 689 0.279297 0.212891 
707 0.509766 0.216797 706 0.505859 0.216797 720 0.509766 0.220703 708 0.513672 0.216797 691 0.509766 0.212891 
711 0.638672 0.216797 710 0.634766 0.216797 724 0.638672 0.220703 712 0.642578 0.216797 693 0.638672 0.212891 
715 0.775391 0.216797 714 0.771484 0.216797 726 0.775391 0.220703 716 0.779297 0.216797 697 0.775391 0.212891 
722 0.525391 0.220703 721 0.521484 0.220703 731 0.525391 0.224609 723 0.529297 0.220703 709 0.525391 0.216797 
729 0.423828 0.224609 728 0.419922 0.224609 741 0.423828 0.228516 730 0.427734 0.224609 719 0.423828 0.220703 
733 0.771484 0.224609 732 0.767578 0.224609 743 0.771484 0.228516 734 0.775391 0.224609 725 0.771484 0.220703 
736 0.927734 0.224609 735 0.923828 0.224609 747 0.927734 0.228516 737 0.931641 0.224609 727 0.927734 0.220703 
744 0.775391 0.228516 743 0.771484 0.228516 767 0.775391 0.232422 745 0.779297 0.228516 734 0.775391 0.224609 
750 0.994141 0.228516 749 0.990234 0.228516 775 0.994141 0.232422 751 0.998047 0.228516 738 0.994141 0.224609 
754 0.208984 0.232422 753 0.205078 0.232422 779 0.208984 0.236328 755 0.212891 0.232422 739 0.208984 0.228516 
757 0.318359 0.232422 756 0.314453 0.232422 780 0.318359 0.236328 758 0.322266 0.232422 740 0.318359 0.228516 
764 0.580078 0.232422 763 0.576172 0.232422 793 0.580078 0.236328 765 0.583984 0.232422 742 0.580078 0.228516 
769 0.849609 0.232422 768 0.845703 0.232422 797 0.849609 0.236328 770 0.853516 0.232422 746 0.849609 0.228516 
773 0.982422 0.232422 772 0.978516 0.232422 801 0.982422 0.236328 774 0.986328 0.232422 748 0.982422 0.228516 
777 0.095703 0.236328 776 0.091797 0.236328 802 0.095703 0.240234 778 0.099609 0.236328 752 0.095703 0.232422 
782 0.337891 0.236328 781 0.333984 0.236328 805 0.337891 0.240234 783 0.341797 0.236328 759 0.337891 0.232422 
785 0.388672 0.236328 784 0.384766 0.236328 806 0.388672 0.240234 786 0.392578 0.236328 760 0.388672 0.232422 
788 0.435547 0.236328 787 0.431641 0.236328 807 0.435547 0.240234 789 0.439453 0.236328 761 0.435547 0.232422 
791 0.537109 0.236328 790 0.533203 0.236328 808 0.537109 0.240234 792 0.541016 0.236328 762 0.537109 0.232422 
795 0.759766 0.236328 794 0.755859 0.236328 809 0.759766 0.240234 796 0.763672 0.236328 766 0.759766 0.232422 
799 0.947266 0.236328 798 0.943359 0.236328 810 0.947266 0.240234 800 0.951172 0.236328 771 0.947266 0.232422 
813 0.150391 0.244141 812 0.146484 0.244141 824 0.150391 0.248047 814 0.154297 0.244141 803 0.150391 0.240234 
817 0.208984 0.244141 816 0.205078 0.244141 828 0.208984 0.248047 818 0.212891 0.244141 804 0.208984 0.240234 
822 0.990234 0.244141 821 0.986328 0.244141 835 0.990234 0.248047 823 0.994141 0.244141 811 0.990234 0.240234 
826 0.177734 0.248047 825 0.173828 0.248047 839 0.177734 0.251953 827 0.181641 0.248047 815 0.177734 0.244141 
830 0.775391 0.248047 829 0.771484 0.248047 840 0.775391 0.251953 831 0.779297 0.248047 819 0.775391 0.244141 
833 0.798828 0.248047 832 0.794922 0.248047 841 0.798828 0.251953 834 0.802734 0.248047 820 0.798828 0.244141 
837 0.150391 0.251953 836 0.146484 0.251953 842 0.150391 0.255859 838 0.154297 0.251953 824 0.150391 0.248047 
849 0.251953 0.259766 848 0.248047 0.259766 863 0.251953 0.263672 850 0.255859 0.259766 843 0.251953 0.255859 
852 0.287109 0.259766 851 0.283203 0.259766 864 0.287109 0.263672 853 0.291016 0.259766 844 0.287109 0.255859 
855 0.001953 0.263672 870 0.998047 0.263672 871 0.001953 0.267578 856 0.005859 0.263672 845 0.001953 0.259766 
858 0.158203 0.263672 857 0.154297 0.263672 872 0.158203 0.267578 859 0.162109 0.263672 846 0.158203 0.259766 
860 0.166016 0.263672 859 0.162109 0.263672 873 0.166016 0.267578 861 0.169922 0.263672 847 0.166016 0.259766 
868 0.861328 0.263672 867 0.857422 0.263672 884 0.861328 0.267578 869 0.865234 0.263672 854 0.861328 0.259766 
875 0.220703 0.267578 874 0.216797 0.267578 886 0.220703 0.271484 876 0.224609 0.267578 862 0.220703 0.263672 
878 0.369141 0.267578 877 0.365234 0.267578 887 0.369141 0.271484 879 0.373047 0.267578 865 0.369141 0.263672 
881 0.775391 0.267578 880 0.771484 0.267578 889 0.775391 0.271484 882 0.779297 0.267578 866 0.775391 0.263672 
891 0.849609 0.271484 890 0.845703 0.271484 902 0.849609 0.275391 892 0.853516 0.271484 883 0.849609 0.267578 
894 0.994141 0.271484 893 0.990234 0.271484 903 0.994141 0.275391 895 0.998047 0.271484 885 0.994141 0.267578 
899 0.630859 0.275391 898 0.626953 0.275391 910 0.630859 0.279297 900 0.634766 0.275391 888 0.630859 0.271484 
905 0.037109 0.279297 904 0.033203 0.279297 916 0.037109 0.283203 906 0.041016 0.279297 896 0.037109 0.275391 
908 0.607422 0.279297 907 0.603516 0.279297 918 0.607422 0.283203 909 0.611328 0.279297 897 0.607422 0.275391 
912 0.697266 0.279297 911 0.693359 0.279297 919 0.697266 0.283203 913 0.701172 0.279297 901 0.697266 0.275391 
921 0.783203 0.283203 920 0.779297 0.283203 932 0.783203 0.287109 922 0.787109 0.283203 914 0.783203 0.279297 
925 0.005859 0.287109 924 0.001953 0.287109 936 0.005859 0.291016 926 0.009766 0.287109 915 0.005859 0.283203 
929 0.205078 0.287109 928 0.201172 0.287109 941 0.205078 0.291016 930 0.208984 0.287109 917 0.205078 0.283203 
934 0.791016 0.287109 933 0.787109 0.287109 948 0.791016 0.291016 935 0.794922 0.287109 923 0.791016 0.283203 
939 0.173828 0.291016 938 0.169922 0.291016 953 0.173828 0.294922 940 0.177734 0.291016 927 0.173828 0.287109 
943 0.337891 0.291016 942 0.333984 0.291016 954 0.337891 0.294922 944 0.341797 0.291016 931 0.337891 0.287109 
951 0.052734 0.294922 950 0.048828 0.294922 969 0.052734 0.298828 952 0.056641 0.294922 937 0.052734 0.291016 
956 0.544922 0.294922 955 0.541016 0.294922 973 0.544922 0.298828 957 0.548828 0.294922 945 0.544922 0.291016 
960 0.681641 0.294922 959 0.677734 0.294922 978 0.681641 0.298828 961 0.685547 0.294922 946 0.681641 0.291016 
963 0.693359 0.294922 962 0.689453 0.294922 979 0.693359 0.298828 964 0.697266 0.294922 947 0.693359 0.291016 
966 0.880859 0.294922 965 0.876953 0.294922 981 0.880859 0.298828 967 0.884766 0.294922 949 0.880859 0.291016 
976 0.591797 0.298828 975 0.587891 0.298828 1000 0.591797 0.302734 977 0.595703 0.298828 958 0.591797 0.294922 
983 0.919922 0.298828 982 0.916016 0.298828 1005 0.919922 0.302734 984 0.923828 0.298828 968 0.919922 0.294922 
988 0.134766 0.302734 987 0.130859 0.302734 1011 0.134766 0.306641 989 0.138672 0.302734 970 0.134766 0.298828 
991 0.447266 0.302734 990 0.443359 0.302734 1013 0.447266 0.306641 992 0.451172 0.302734 971 0.447266 0.298828 
995 0.486328 0.302734 994 0.482422 0.302734 1017 0.486328 0.306641 996 0.490234 0.302734 972 0.486328 0.298828 
998 0.576172 0.302734 997 0.572266 0.302734 1018 0.576172 0.306641 999 0.580078 0.302734 974 0.576172 0.298828 
1003 0.822266 0.302734 1002 0.818359 0.302734 1023 0.822266 0.306641 1004 0.826172 0.302734 980 0.822266 0.298828 
1007 0.966797 0.302734 1006 0.962891 0.302734 1024 0.966797 0.306641 1008 0.970703 0.302734 985 0.966797 0.298828 
1009 0.974609 0.302734 1008 0.970703 0.302734 1025 0.974609 0.306641 1010 0.978516 0.302734 986 0.974609 0.298828 
1015 0.474609 0.306641 1014 0.470703 0.306641 1030 0.474609 0.310547 1016 0.478516 0.306641 993 0.474609 0.302734 
1021 0.759766 0.306641 1020 0.755859 0.306641 1035 0.759766 0.310547 1022 0.763672 0.306641 1001 0.759766 0.302734 
1027 0.138672 0.310547 1026 0.134766 0.310547 1036 0.138672 0.314453 1028 0.142578 0.310547 1012 0.138672 0.306641 
1032 0.705078 0.310547 1031 0.701172 0.310547 1042 0.705078 0.314453 1033 0.708984 0.310547 1019 0.705078 0.306641 
1039 0.447266 0.314453 1038 0.443359 0.314453 1054 0.447266 0.318359 1040 0.451172 0.314453 1029 0.447266 0.310547 
1043 0.708984 0.314453 1042 0.705078 0.314453 1058 0.708984 0.318359 1044 0.712891 0.314453 1033 0.708984 0.310547 
1046 0.736328 0.314453 1045 0.732422 0.314453 1059 0.736328 0.318359 1047 0.740234 0.314453 1034 0.736328 0.310547 
1052 0.419922 0.318359 1051 0.416016 0.318359 1069 0.419922 0.322266 1053 0.423828 0.318359 1037 0.419922 0.314453 
1056 0.544922 0.318359 1055 0.541016 0.318359 1070 0.544922 0.322266 1057 0.548828 0.318359 1041 0.544922 0.314453 
1061 0.791016 0.318359 1060 0.787109 0.318359 1071 0.791016 0.322266 1062 0.794922 0.318359 1048 0.791016 0.314453 
1064 0.052734 0.322266 1063 0.048828 0.322266 1073 0.052734 0.326172 1065 0.056641 0.322266 1049 0.052734 0.318359 
1067 0.275391 0.322266 1066 0.271484 0.322266 1076 0.275391 0.326172 1068 0.279297 0.322266 1050 0.275391 0.318359 
1074 0.056641 0.326172 1073 0.052734 0.326172 1082 0.056641 0.330078 1075 0.060547 0.326172 1065 0.056641 0.322266 
1080 0.041016 0.330078 1079 0.037109 0.330078 1091 0.041016 0.333984 1081 0.044922 0.330078 1072 0.041016 0.326172 
1086 0.595703 0.330078 1085 0.591797 0.330078 1100 0.595703 0.333984 1087 0.599609 0.330078 1077 0.595703 0.326172 
1089 0.794922 0.330078 1088 0.791016 0.330078 1103 0.794922 0.333984 1090 0.798828 0.330078 1078 0.794922 0.326172 
1093 0.091797 0.333984 1092 0.087891 0.333984 1105 0.091797 0.337891 1094 0.095703 0.333984 1083 0.091797 0.330078 
1096 0.119141 0.333984 1095 0.115234 0.333984 1107 0.119141 0.337891 1097 0.123047 0.333984 1084 0.119141 0.330078 
1110 0.294922 0.337891 1109 0.291016 0.337891 1132 0.294922 0.341797 1111 0.298828 0.337891 1098 0.294922 0.333984 
1113 0.341797 0.337891 1112 0.337891 0.337891 1133 0.341797 0.341797 1114 0.345703 0.337891 1099 0.341797 0.333984 
1117 0.666016 0.337891 1116 0.662109 0.337891 1139 0.666016 0.341797 1118 0.669922 0.337891 1101 0.666016 0.333984 
1121 0.791016 0.337891 1120 0.787109 0.337891 1143 0.791016 0.341797 1122 0.794922 0.337891 1102 0.791016 0.333984 
1124 0.814453 0.337891 1123 0.810547 0.337891 1144 0.814453 0.341797 1125 0.818359 0.337891 1104 0.814453 0.333984 
1127 0.107422 0.341797 1126 0.103516 0.341797 1145 0.107422 0.345703 1128 0.111328 0.341797 1106 0.107422 0.337891 
1130 0.216797 0.341797 1129 0.212891 0.341797 1146 0.216797 0.345703 1131 0.220703 0.341797 1108 0.216797 0.337891 
1135 0.529297 0.341797 1134 0.525391 0.341797 1149 0.529297 0.345703 1136 0.533203 0.341797 1115 0.529297 0.337891 
1141 0.720703 0.341797 1140 0.716797 0.341797 1156 0.720703 0.345703 1142 0.724609 0.341797 1119 0.720703 0.337891 
1151 0.587891 0.345703 1150 0.583984 0.345703 1168 0.587891 0.349609 1152 0.591797 0.345703 1137 0.587891 0.341797 
1154 0.638672 0.345703 1153 0.634766 0.345703 1169 0.638672 0.349609 1155 0.642578 0.345703 1138 0.638672 0.341797 
1162 0.345703 0.349609 1161 0.341797 0.349609 1185 0.345703 0.353516 1163 0.349609 0.349609 1147 0.345703 0.345703 
1165 0.404297 0.349609 1164 0.400391 0.349609 1186 0.404297 0.353516 1166 0.408203 0.349609 1148 0.404297 0.345703 
1171 0.802734 0.349609 1170 0.798828 0.349609 1194 0.802734 0.353516 1172 0.806641 0.349609 1157 0.802734 0.345703 
1176 0.111328 0.353516 1175 0.107422 0.353516 1202 0.111328 0.357422 1177 0.115234 0.353516 1158 0.111328 0.349609 
1180 0.193359 0.353516 1179 0.189453 0.353516 1208 0.193359 0.357422 1181 0.197266 0.353516 1159 0.193359 0.349609 
1183 0.263672 0.353516 1182 0.259766 0.353516 1209 0.263672 0.357422 1184 0.267578 0.353516 1160 0.263672 0.349609 
1188 0.439453 0.353516 1187 0.435547 0.353516 1212 0.439453 0.357422 1189 0.443359 0.353516 1167 0.439453 0.349609 
1197 0.943359 0.353516 1196 0.939453 0.353516 1229 0.943359 0.357422 1198 0.947266 0.353516 1173 0.943359 0.349609 
1200 0.080078 0.357422 1199 0.076172 0.357422 1230 0.080078 0.361328 1201 0.083984 0.357422 1174 0.080078 0.353516 
1204 0.150391 0.357422 1203 0.146484 0.357422 1231 0.150391 0.361328 1205 0.154297 0.357422 1178 0.150391 0.353516 
1212 0.439453 0.357422 1211 0.435547 0.357422 1240 0.439453 0.361328 1213 0.443359 0.357422 1188 0.439453 0.353516 
1215 0.521484 0.357422 1214 0.517578 0.357422 1241 0.521484 0.361328 1216 0.525391 0.357422 1190 0.521484 0.353516 
1218 0.626953 0.357422 1217 0.623047 0.357422 1242 0.626953 0.361328 1219 0.630859 0.357422 1191 0.626953 0.353516 
1221 0.669922 0.357422 1220 0.666016 0.357422 1243 0.669922 0.361328 1222 0.673828 0.357422 1192 0.669922 0.353516 
1224 0.763672 0.357422 1223 0.759766 0.357422 1244 0.763672 0.361328 1225 0.767578 0.357422 1193 0.763672 0.353516 
1227 0.841797 0.357422 1226 0.837891 0.357422 1245 0.841797 0.361328 1228 0.845703 0.357422 1195 0.841797 0.353516 
1233 0.173828 0.361328 1232 0.169922 0.361328 1246 0.173828 0.365234 1234 0.177734 0.361328 1206 0.173828 0.357422 
1235 0.181641 0.361328 1234 0.177734 0.361328 1247 0.181641 0.365234 1236 0.185547 0.361328 1207 0.181641 0.357422 
1238 0.291016 0.361328 1237 0.287109 0.361328 1248 0.291016 0.365234 1239 0.294922 0.361328 1210 0.291016 0.357422 
1251 0.173828 0.369141 1250 0.169922 0.369141 1257 0.173828 0.373047 1252 0.177734 0.369141 1246 0.173828 0.365234 
1255 0.990234 0.369141 1254 0.986328 0.369141 1264 0.990234 0.373047 1256 0.994141 0.369141 1249 0.990234 0.365234 
1259 0.439453 0.373047 1258 0.435547 0.373047 1267 0.439453 0.376953 1260 0.443359 0.373047 1253 0.439453 0.369141 
1270 0.763672 0.376953 1269 0.759766 0.376953 1290 0.763672 0.380859 1271 0.767578 0.376953 1261 0.763672 0.373047 
1273 0.783203 0.376953 1272 0.779297 0.376953 1291 0.783203 0.380859 1274 0.787109 0.376953 1262 0.783203 0.373047 
1276 0.955078 0.376953 1275 0.951172 0.376953 1292 0.955078 0.380859 1277 0.958984 0.376953 1263 0.955078 0.373047 
1280 0.080078 0.380859 1279 0.076172 0.380859 1297 0.080078 0.384766 1281 0.083984 0.380859 1265 0.080078 0.376953 
1283 0.181641 0.380859 1282 0.177734 0.380859 1299 0.181641 0.384766 1284 0.185547 0.380859 1266 0.181641 0.376953 
1287 0.619141 0.380859 1286 0.615234 0.380859 1304 0.619141 0.384766 1288 0.623047 0.380859 1268 0.619141 0.376953 
1294 0.009766 0.384766 1293 0.005859 0.384766 1311 0.009766 0.388672 1295 0.013672 0.384766 1278 0.009766 0.380859 
1301 0.255859 0.384766 1300 0.251953 0.384766 1319 0.255859 0.388672 1302 0.259766 0.384766 1285 0.255859 0.380859 
1307 0.669922 0.384766 1306 0.666016 0.384766 1326 0.669922 0.388672 1308 0.673828 0.384766 1289 0.669922 0.380859 
1313 0.025391 0.388672 1312 0.021484 0.388672 1333 0.025391 0.392578 1314 0.029297 0.388672 1296 0.025391 0.384766 
1316 0.103516 0.388672 1315 0.099609 0.388672 1334 0.103516 0.392578 1317 0.107422 0.388672 1298 0.103516 0.384766 
1321 0.447266 0.388672 1320 0.443359 0.388672 1339 0.447266 0.392578 1322 0.451172 0.388672 1303 0.447266 0.384766 
1324 0.634766 0.388672 1323 0.630859 0.388672 1341 0.634766 0.392578 1325 0.638672 0.388672 1305 0.634766 0.384766 
1328 0.712891 0.388672 1327 0.708984 0.388672 1342 0.712891 0.392578 1329 0.716797 0.388672 1309 0.712891 0.384766 
1331 0.970703 0.388672 1330 0.966797 0.388672 1344 0.970703 0.392578 1332 0.974609 0.388672 1310 0.970703 0.384766 
1336 0.181641 0.392578 1335 0.177734 0.392578 1346 0.181641 0.396484 1337 0.185547 0.392578 1318 0.181641 0.388672 
1349 0.318359 0.396484 1348 0.314453 0.396484 1365 0.318359 0.400391 1350 0.322266 0.396484 1338 0.318359 0.392578 
1353 0.474609 0.396484 1352 0.470703 0.396484 1370 0.474609 0.400391 1354 0.478516 0.396484 1340 0.474609 0.392578 
1356 0.728516 0.396484 1355 0.724609 0.396484 1371 0.728516 0.400391 1357 0.732422 0.396484 1343 0.728516 0.392578 
1360 0.103516 0.400391 1359 0.099609 0.400391 1376 0.103516 0.404297 1361 0.107422 0.400391 1345 0.103516 0.396484 
1363 0.216797 0.400391 1362 0.212891 0.400391 1377 0.216797 0.404297 1364 0.220703 0.400391 1347 0.216797 0.396484 
1367 0.365234 0.400391 1366 0.361328 0.400391 1378 0.365234 0.404297 1368 0.369141 0.400391 1351 0.365234 0.396484 
1374 0.091797 0.404297 1373 0.087891 0.404297 1387 0.091797 0.408203 1375 0.095703 0.404297 1358 0.091797 0.400391 
1380 0.451172 0.404297 1379 0.447266 0.404297 1388 0.451172 0.408203 1381 0.455078 0.404297 1369 0.451172 0.400391 
1385 0.970703 0.404297 1384 0.966797 0.404297 1396 0.970703 0.408203 1386 0.974609 0.404297 1372 0.970703 0.400391 
1391 0.587891 0.408203 1390 0.583984 0.408203 1400 0.587891 0.412109 1392 0.591797 0.408203 1382 0.587891 0.404297 
1394 0.654297 0.408203 1393 0.650391 0.408203 1401 0.654297 0.412109 1395 0.658203 0.408203 1383 0.654297 0.404297 
1398 0.533203 0.412109 1397 0.529297 0.412109 1403 0.533203 0.416016 1399 0.537109 0.412109 1389 0.533203 0.408203 
1410 0.517578 0.419922 1409 0.513672 0.419922 1430 0.517578 0.423828 1411 0.521484 0.419922 1402 0.517578 0.416016 
1413 0.568359 0.419922 1412 0.564453 0.419922 1433 0.568359 0.423828 1414 0.572266 0.419922 1404 0.568359 0.416016 
1416 0.806641 0.419922 1415 0.802734 0.419922 1434 0.806641 0.423828 1417 0.810547 0.419922 1405 0.806641 0.416016 
1419 0.826172 0.419922 1418 0.822266 0.419922 1435 0.826172 0.423828 1420 0.830078 0.419922 1406 0.826172 0.416016 
1423 0.052734 0.423828 1422 0.048828 0.423828 1440 0.052734 0.427734 1424 0.056641 0.423828 1407 0.052734 0.419922 
1427 0.412109 0.423828 1426 0.408203 0.423828 1445 0.412109 0.427734 1428 0.416016 0.423828 1408 0.412109 0.419922 
1430 0.517578 0.423828 1429 0.513672 0.423828 1446 0.517578 0.427734 1431 0.521484 0.423828 1410 0.517578 0.419922 
1437 0.927734 0.423828 1436 0.923828 0.423828 1450 0.927734 0.427734 1438 0.931641 0.423828 1421 0.927734 0.419922 
1442 0.076172 0.427734 1441 0.072266 0.427734 1454 0.076172 0.431641 1443 0.080078 0.427734 1425 0.076172 0.423828 
1448 0.533203 0.427734 1447 0.529297 0.427734 1459 0.533203 0.431641 1449 0.537109 0.427734 1432 0.533203 0.423828 
1452 0.939453 0.427734 1451 0.935547 0.427734 1461 0.939453 0.431641 1453 0.943359 0.427734 1439 0.939453 0.423828 
1457 0.404297 0.431641 1456 0.400391 0.431641 1470 0.404297 0.435547 1458 0.408203 0.431641 1444 0.404297 0.427734 
1465 0.228516 0.435547 1464 0.224609 0.435547 1480 0.228516 0.439453 1466 0.232422 0.435547 1455 0.228516 0.431641 
1472 0.884766 0.435547 1471 0.880859 0.435547 1490 0.884766 0.439453 1473 0.888672 0.435547 1460 0.884766 0.431641 
1475 0.052734 0.439453 1474 0.048828 0.439453 1494 0.052734 0.443359 1476 0.056641 0.439453 1462 0.052734 0.435547 
1478 0.083984 0.439453 1477 0.080078 0.439453 1495 0.083984 0.443359 1479 0.087891 0.439453 1463 0.083984 0.435547 
1482 0.353516 0.439453 1481 0.349609 0.439453 1496 0.353516 0.443359 1483 0.357422 0.439453 1467 0.353516 0.435547 
1485 0.373047 0.439453 1484 0.369141 0.439453 1497 0.373047 0.443359 1486 0.376953 0.439453 1468 0.373047 0.435547 
1488 0.400391 0.439453 1487 0.396484 0.439453 1498 0.400391 0.443359 1489 0.404297 0.439453 1469 0.400391 0.435547 
1500 0.888672 0.443359 1499 0.884766 0.443359 1514 0.888672 0.447266 1501 0.892578 0.443359 1491 0.888672 0.439453 
1503 0.935547 0.443359 1502 0.931641 0.443359 1515 0.935547 0.447266 1504 0.939453 0.443359 1492 0.935547 0.439453 
1506 0.017578 0.447266 1505 0.013672 0.447266 1516 0.017578 0.451172 1507 0.021484 0.447266 1493 0.017578 0.443359 
1518 0.099609 0.451172 1517 0.095703 0.451172 1537 0.099609 0.455078 1519 0.103516 0.451172 1508 0.099609 0.447266 
1522 0.138672 0.451172 1521 0.134766 0.451172 1541 0.138672 0.455078 1523 0.142578 0.451172 1509 0.138672 0.447266 
1525 0.396484 0.451172 1524 0.392578 0.451172 1542 0.396484 0.455078 1526 0.400391 0.451172 1510 0.396484 0.447266 
1528 0.619141 0.451172 1527 0.615234 0.451172 1543 0.619141 0.455078 1529 0.623047 0.451172 1511 0.619141 0.447266 
1532 0.748047 0.451172 1531 0.744141 0.451172 1547 0.748047 0.455078 1533 0.751953 0.451172 1512 0.748047 0.447266 
1535 0.849609 0.451172 1534 0.845703 0.451172 1549 0.849609 0.455078 1536 0.853516 0.451172 1513 0.849609 0.447266 
1539 0.126953 0.455078 1538 0.123047 0.455078 1550 0.126953 0.458984 1540 0.130859 0.455078 1520 0.126953 0.451172 
1545 0.701172 0.455078 1544 0.697266 0.455078 1553 0.701172 0.458984 1546 0.705078 0.455078 1530 0.701172 0.451172 
1555 0.763672 0.458984 1554 0.759766 0.458984 1564 0.763672 0.462891 1556 0.767578 0.458984 1548 0.763672 0.455078 
1558 0.189453 0.462891 1557 0.185547 0.462891 1565 0.189453 0.466797 1559 0.193359 0.462891 1551 0.189453 0.458984 
1561 0.283203 0.462891 1560 0.279297 0.462891 1566 0.283203 0.466797 1562 0.287109 0.462891 1552 0.283203 0.458984 
1570 0.591797 0.466797 1569 0.587891 0.466797 1582 0.591797 0.470703 1571 0.595703 0.466797 1563 0.591797 0.462891 
1577 0.294922 0.470703 1576 0.291016 0.470703 1597 0.294922 0.474609 1578 0.298828 0.470703 1567 0.294922 0.466797 
1580 0.580078 0.470703 1579 0.576172 0.470703 1598 0.580078 0.474609 1581 0.583984 0.470703 1568 0.580078 0.466797 
1585 0.798828 0.470703 1584 0.794922 0.470703 1603 0.798828 0.474609 1586 0.802734 0.470703 1572 0.798828 0.466797 
1588 0.869141 0.470703 1587 0.865234 0.470703 1604 0.869141 0.474609 1589 0.873047 0.470703 1573 0.869141 0.466797 
1591 0.005859 0.474609 1590 0.001953 0.474609 1605 0.005859 0.478516 1592 0.009766 0.474609 1574 0.005859 0.470703 
1595 0.205078 0.474609 1594 0.201172 0.474609 1610 0.205078 0.478516 1596 0.208984 0.474609 1575 0.205078 0.470703 
1600 0.775391 0.474609 1599 0.771484 0.474609 1611 0.775391 0.478516 1601 0.779297 0.474609 1583 0.775391 0.470703 
1607 0.126953 0.478516 1606 0.123047 0.478516 1615 0.126953 0.482422 1608 0.130859 0.478516 1593 0.126953 0.474609 
1613 0.783203 0.478516 1612 0.779297 0.478516 1620 0.783203 0.482422 1614 0.787109 0.478516 1602 0.783203 0.474609 
1617 0.193359 0.482422 1616 0.189453 0.482422 1622 0.193359 0.486328 1618 0.197266 0.482422 1609 0.193359 0.478516 
1624 0.291016 0.486328 1623 0.287109 0.486328 1630 0.291016 0.490234 1625 0.294922 0.486328 1619 0.291016 0.482422 
1627 0.876953 0.486328 1626 0.873047 0.486328 1633 0.876953 0.490234 1628 0.880859 0.486328 1621 0.876953 0.482422 
1631 0.294922 0.490234 1630 0.291016 0.490234 1638 0.294922 0.494141 1632 0.298828 0.490234 1625 0.294922 0.486328 
1636 0.212891 0.494141 1635 0.208984 0.494141 1643 0.212891 0.498047 1637 0.216797 0.494141 1629 0.212891 0.490234 
1641 0.181641 0.498047 1640 0.177734 0.498047 1649 0.181641 0.501953 1642 0.185547 0.498047 1634 0.181641 0.494141 
1647 0.701172 0.498047 1646 0.697266 0.498047 1657 0.701172 0.501953 1648 0.705078 0.498047 1639 0.701172 0.494141 
1652 0.486328 0.501953 1651 0.482422 0.501953 1662 0.486328 0.505859 1653 0.490234 0.501953 1644 0.486328 0.498047 
1655 0.533203 0.501953 1654 0.529297 0.501953 1664 0.533203 0.505859 1656 0.537109 0.501953 1645 0.533203 0.498047 
1660 0.416016 0.505859 1659 0.412109 0.505859 1670 0.416016 0.509766 1661 0.419922 0.505859 1650 0.416016 0.501953 
1664 0.533203 0.505859 1663 0.529297 0.505859 1671 0.533203 0.509766 1665 0.537109 0.505859 1655 0.533203 0.501953 
1667 0.748047 0.505859 1666 0.744141 0.505859 1672 0.748047 0.509766 1668 0.751953 0.505859 1658 0.748047 0.501953 
1674 0.759766 0.509766 1673 0.755859 0.509766 1679 0.759766 0.513672 1675 0.763672 0.509766 1669 0.759766 0.505859 
1681 0.142578 0.517578 1680 0.138672 0.517578 1694 0.142578 0.521484 1682 0.146484 0.517578 1676 0.142578 0.513672 
1687 0.583984 0.517578 1686 0.580078 0.517578 1704 0.583984 0.521484 1688 0.587891 0.517578 1677 0.583984 0.513672 
1690 0.658203 0.517578 1689 0.654297 0.517578 1706 0.658203 0.521484 1691 0.662109 0.517578 1678 0.658203 0.513672 
1696 0.205078 0.521484 1695 0.201172 0.521484 1713 0.205078 0.525391 1697 0.208984 0.521484 1683 0.205078 0.517578 
1699 0.357422 0.521484 1698 0.353516 0.521484 1714 0.357422 0.525391 1700 0.361328 0.521484 1684 0.357422 0.517578 
1702 0.505859 0.521484 1701 0.501953 0.521484 1717 0.505859 0.525391 1703 0.509766 0.521484 1685 0.505859 0.517578 
1708 0.798828 0.521484 1707 0.794922 0.521484 1725 0.798828 0.525391 1709 0.802734 0.521484 1692 0.798828 0.517578 
1711 0.119141 0.525391 1710 0.115234 0.525391 1726 0.119141 0.529297 1712 0.123047 0.525391 1693 0.119141 0.521484 
1720 0.642578 0.525391 1719 0.638672 0.525391 1737 0.642578 0.529297 1721 0.646484 0.525391 1705 0.642578 0.521484 
1728 0.396484 0.529297 1727 0.392578 0.529297 1748 0.396484 0.533203 1729 0.400391 0.529297 1715 0.396484 0.525391 
1732 0.498047 0.529297 1731 0.494141 0.529297 1752 0.498047 0.533203 1733 0.501953 0.529297 1716 0.498047 0.525391 
1735 0.630859 0.529297 1734 0.626953 0.529297 1753 0.630859 0.533203 1736 0.634766 0.529297 1718 0.630859 0.525391 
1739 0.666016 0.529297 1738 0.662109 0.529297 1754 0.666016 0.533203 1740 0.669922 0.529297 1722 0.666016 0.525391 
1742 0.716797 0.529297 1741 0.712891 0.529297 1755 0.716797 0.533203 1743 0.720703 0.529297 1723 0.716797 0.525391 
1745 0.791016 0.529297 1744 0.787109 0.529297 1758 0.791016 0.533203 1746 0.794922 0.529297 1724 0.791016 0.525391 
1750 0.474609 0.533203 1749 0.470703 0.533203 1763 0.474609 0.537109 1751 0.478516 0.533203 1730 0.474609 0.529297 
1757 0.787109 0.533203 1756 0.783203 0.533203 1765 0.787109 0.537109 1758 0.791016 0.533203 1744 0.787109 0.529297 
1761 0.224609 0.537109 1760 0.220703 0.537109 1769 0.224609 0.541016 1762 0.228516 0.537109 1747 0.224609 0.533203 
1767 0.814453 0.537109 1766 0.810547 0.537109 1773 0.814453 0.541016 1768 0.818359 0.537109 1759 0.814453 0.533203 
1771 0.595703 0.541016 1770 0.591797 0.541016 1774 0.595703 0.544922 1772 0.599609 0.541016 1764 0.595703 0.537109 
1778 0.603516 0.548828 1777 0.599609 0.548828 1788 0.603516 0.552734 1779 0.607422 0.548828 1775 0.603516 0.544922 
1786 0.509766 0.552734 1785 0.505859 0.552734 1809 0.509766 0.556641 1787 0.513672 0.552734 1776 0.509766 0.548828 
1790 0.638672 0.552734 1789 0.634766 0.552734 1810 0.638672 0.556641 1791 0.642578 0.552734 1780 0.638672 0.548828 
1795 0.701172 0.552734 1794 0.697266 0.552734 1818 0.701172 0.556641 1796 0.705078 0.552734 1781 0.701172 0.548828 
1799 0.916016 0.552734 1798 0.912109 0.552734 1822 0.916016 0.556641 1800 0.919922 0.552734 1782 0.916016 0.548828 
1803 0.134766 0.556641 1802 0.130859 0.556641 1826 0.134766 0.560547 1804 0.138672 0.556641 1783 0.134766 0.552734 
1807 0.306641 0.556641 1806 0.302734 0.556641 1830 0.306641 0.560547 1808 0.310547 0.556641 1784 0.306641 0.552734 
1813 0.654297 0.556641 1812 0.650391 0.556641 1834 0.654297 0.560547 1814 0.658203 0.556641 1792 0.654297 0.552734 
1816 0.685547 0.556641 1815 0.681641 0.556641 1835 0.685547 0.560547 1817 0.689453 0.556641 1793 0.685547 0.552734 
1820 0.876953 0.556641 1819 0.873047 0.556641 1837 0.876953 0.560547 1821 0.880859 0.556641 1797 0.876953 0.552734 
1824 0.962891 0.556641 1823 0.958984 0.556641 1838 0.962891 0.560547 1825 0.966797 0.556641 1801 0.962891 0.552734 
1828 0.236328 0.560547 1827 0.232422 0.560547 1840 0.236328 0.564453 1829 0.240234 0.560547 1805 0.236328 0.556641 
1832 0.642578 0.560547 1831 0.638672 0.560547 1841 0.642578 0.564453 1833 0.646484 0.560547 1811 0.642578 0.556641 
1843 0.826172 0.564453 1842 0.822266 0.564453 1851 0.826172 0.568359 1844 0.830078 0.564453 1836 0.826172 0.560547 
1846 0.990234 0.564453 1845 0.986328 0.564453 1854 0.990234 0.568359 1847 0.994141 0.564453 1839 0.990234 0.560547 
1855 0.001953 0.572266 1870 0.998047 0.572266 1871 0.001953 0.576172 1856 0.005859 0.572266 1848 0.001953 0.568359 
1858 0.017578 0.572266 1857 0.013672 0.572266 1872 0.017578 0.576172 1859 0.021484 0.572266 1849 0.017578 0.568359 
1863 0.544922 0.572266 1862 0.541016 0.572266 1883 0.544922 0.576172 1864 0.548828 0.572266 1850 0.544922 0.568359 
1866 0.861328 0.572266 1865 0.857422 0.572266 1884 0.861328 0.576172 1867 0.865234 0.572266 1852 0.861328 0.568359 
1868 0.869141 0.572266 1867 0.865234 0.572266 1885 0.869141 0.576172 1869 0.873047 0.572266 1853 0.869141 0.568359 
1875 0.072266 0.576172 1874 0.068359 0.576172 1891 0.072266 0.580078 1876 0.076172 0.576172 1860 0.072266 0.572266 
1878 0.294922 0.576172 1877 0.291016 0.576172 1893 0.294922 0.580078 1879 0.298828 0.576172 1861 0.294922 0.572266 
1889 0.037109 0.580078 1888 0.033203 0.580078 1907 0.037109 0.583984 1890 0.041016 0.580078 1873 0.037109 0.576172 
1896 0.400391 0.580078 1895 0.396484 0.580078 1917 0.400391 0.583984 1897 0.404297 0.580078 1880 0.400391 0.576172 
1899 0.474609 0.580078 1898 0.470703 0.580078 1919 0.474609 0.583984 1900 0.478516 0.580078 1881 0.474609 0.576172 
1902 0.486328 0.580078 1901 0.482422 0.580078 1920 0.486328 0.583984 1903 0.490234 0.580078 1882 0.486328 0.576172 
1906 0.998047 0.580078 1905 0.994141 0.580078 1927 0.998047 0.583984 1887 0.001953 0.580078 1886 0.998047 0.576172 
1910 0.193359 0.583984 1909 0.189453 0.583984 1931 0.193359 0.587891 1911 0.197266 0.583984 1892 0.193359 0.580078 
1913 0.330078 0.583984 1912 0.326172 0.583984 1932 0.330078 0.587891 1914 0.333984 0.583984 1894 0.330078 0.580078 
1917 0.400391 0.583984 1916 0.396484 0.583984 1936 0.400391 0.587891 1918 0.404297 0.583984 1896 0.400391 0.580078 
1925 0.744141 0.583984 1924 0.740234 0.583984 1947 0.744141 0.587891 1926 0.748047 0.583984 1904 0.744141 0.580078 
1929 0.044922 0.587891 1928 0.041016 0.587891 1949 0.044922 0.591797 1930 0.048828 0.587891 1908 0.044922 0.583984 
1934 0.384766 0.587891 1933 0.380859 0.587891 1950 0.384766 0.591797 1935 0.388672 0.587891 1915 0.384766 0.583984 
1938 0.498047 0.587891 1937 0.494141 0.587891 1951 0.498047 0.591797 1939 0.501953 0.587891 1921 0.498047 0.583984 
1941 0.521484 0.587891 1940 0.517578 0.587891 1952 0.521484 0.591797 1942 0.525391 0.587891 1922 0.521484 0.583984 
1945 0.732422 0.587891 1944 0.728516 0.587891 1956 0.732422 0.591797 1946 0.736328 0.587891 1923 0.732422 0.583984 
1954 0.646484 0.591797 1953 0.642578 0.591797 1968 0.646484 0.595703 1955 0.650391 0.591797 1943 0.646484 0.587891 
1960 0.861328 0.591797 1959 0.857422 0.591797 1975 0.861328 0.595703 1961 0.865234 0.591797 1948 0.861328 0.587891 
1963 0.044922 0.595703 1962 0.041016 0.595703 1977 0.044922 0.599609 1964 0.048828 0.595703 1949 0.044922 0.591797 
1970 0.787109 0.595703 1969 0.783203 0.595703 1989 0.787109 0.599609 1971 0.791016 0.595703 1957 0.787109 0.591797 
1973 0.810547 0.595703 1972 0.806641 0.595703 1990 0.810547 0.599609 1974 0.814453 0.595703 1958 0.810547 0.591797 
1981 0.400391 0.599609 1980 0.396484 0.599609 2000 0.400391 0.603516 1982 0.404297 0.599609 1965 0.400391 0.595703 
1984 0.478516 0.599609 1983 0.474609 0.599609 2001 0.478516 0.603516 1985 0.482422 0.599609 1966 0.478516 0.595703 
1987 0.591797 0.599609 1986 0.587891 0.599609 2002 0.591797 0.603516 1988 0.595703 0.599609 1967 0.591797 0.595703 
1992 0.013672 0.603516 1991 0.009766 0.603516 2004 0.013672 0.607422 1993 0.017578 0.603516 1976 0.013672 0.599609 
1995 0.251953 0.603516 1994 0.248047 0.603516 2006 0.251953 0.607422 1996 0.255859 0.603516 1978 0.251953 0.599609 
1998 0.279297 0.603516 1997 0.275391 0.603516 2008 0.279297 0.607422 1999 0.283203 0.603516 1979 0.279297 0.599609 
2006 0.251953 0.607422 2005 0.248047 0.607422 2016 0.251953 0.611328 2007 0.255859 0.607422 1995 0.251953 0.603516 
2010 0.623047 0.607422 2009 0.619141 0.607422 2019 0.623047 0.611328 2011 0.626953 0.607422 2003 0.623047 0.603516 
2021 0.736328 0.611328 2020 0.732422 0.611328 2042 0.736328 0.615234 2022 0.740234 0.611328 2012 0.736328 0.607422 
2024 0.794922 0.611328 2023 0.791016 0.611328 2044 0.794922 0.615234 2025 0.798828 0.611328 2013 0.794922 0.607422 
2029 0.060547 0.615234 2028 0.056641 0.615234 2051 0.060547 0.619141 2030 0.064453 0.615234 2014 0.060547 0.611328 
2032 0.232422 0.615234 2031 0.228516 0.615234 2052 0.232422 0.619141 2033 0.236328 0.615234 2015 0.232422 0.611328 
2036 0.490234 0.615234 2035 0.486328 0.615234 2057 0.490234 0.619141 2037 0.494141 0.615234 2017 0.490234 0.611328 
2039 0.603516 0.615234 2038 0.599609 0.615234 2058 0.603516 0.619141 2040 0.607422 0.615234 2018 0.603516 0.611328 
2046 0.927734 0.615234 2045 0.923828 0.615234 2065 0.927734 0.619141 2047 0.931641 0.615234 2026 0.927734 0.611328 
2049 0.939453 0.615234 2048 0.935547 0.615234 2066 0.939453 0.619141 2050 0.943359 0.615234 2027 0.939453 0.611328 
2054 0.349609 0.619141 2053 0.345703 0.619141 2069 0.349609 0.623047 2055 0.353516 0.619141 2034 0.349609 0.615234 
2060 0.634766 0.619141 2059 0.630859 0.619141 2073 0.634766 0.623047 2061 0.638672 0.619141 2041 0.634766 0.615234 
2063 0.783203 0.619141 2062 0.779297 0.619141 2075 0.783203 0.623047 2064 0.787109 0.619141 2043 0.783203 0.615234 
2071 0.392578 0.623047 2070 0.388672 0.623047 2082 0.392578 0.626953 2072 0.396484 0.623047 2056 0.392578 0.619141 
2077 0.021484 0.626953 2076 0.017578 0.626953 2088 0.021484 0.630859 2078 0.025391 0.626953 2067 0.021484 0.623047 
2080 0.298828 0.626953 2079 0.294922 0.626953 2089 0.298828 0.630859 2081 0.302734 0.626953 2068 0.298828 0.623047 
2084 0.689453 0.626953 2083 0.685547 0.626953 2092 0.689453 0.630859 2085 0.693359 0.626953 2074 0.689453 0.623047 
2094 0.826172 0.630859 2093 0.822266 0.630859 2108 0.826172 0.634766 2095 0.830078 0.630859 2086 0.826172 0.626953 
2097 0.013672 0.634766 2096 0.009766 0.634766 2110 0.013672 0.638672 2098 0.017578 0.634766 2087 0.013672 0.630859 
2102 0.447266 0.634766 2101 0.443359 0.634766 2117 0.447266 0.638672 2103 0.451172 0.634766 2090 0.447266 0.630859 
2106 0.537109 0.634766 2105 0.533203 0.634766 2121 0.537109 0.638672 2107 0.541016 0.634766 2091 0.537109 0.630859 
2112 0.181641 0.638672 2111 0.177734 0.638672 2126 0.181641 0.642578 2113 0.185547 0.638672 2099 0.181641 0.634766 
2115 0.380859 0.638672 2114 0.376953 0.638672 2128 0.380859 0.642578 2116 0.384766 0.638672 2100 0.380859 0.634766 
2119 0.466797 0.638672 2118 0.462891 0.638672 2130 0.466797 0.642578 2120 0.470703 0.638672 2104 0.466797 0.634766 
2123 0.861328 0.638672 2122 0.857422 0.638672 2131 0.861328 0.642578 2124 0.865234 0.638672 2109 0.861328 0.634766 
2134 0.029297 0.646484 2133 0.025391 0.646484 2145 0.029297 0.650391 2135 0.033203 0.646484 2125 0.029297 0.642578 
2137 0.216797 0.646484 2136 0.212891 0.646484 2147 0.216797 0.650391 2138 0.220703 0.646484 2127 0.216797 0.642578 
2140 0.447266 0.646484 2139 0.443359 0.646484 2149 0.447266 0.650391 2141 0.451172 0.646484 2129 0.447266 0.642578 
2143 0.904297 0.646484 2142 0.900391 0.646484 2151 0.904297 0.650391 2144 0.908203 0.646484 2132 0.904297 0.642578 
2154 0.126953 0.654297 2153 0.123047 0.654297 2169 0.126953 0.658203 2155 0.130859 0.654297 2146 0.126953 0.650391 
2158 0.345703 0.654297 2157 0.341797 0.654297 2173 0.345703 0.658203 2159 0.349609 0.654297 2148 0.345703 0.650391 
2162 0.775391 0.654297 2161 0.771484 0.654297 2181 0.775391 0.658203 2163 0.779297 0.654297 2150 0.775391 0.650391 
2166 0.939453 0.654297 2165 0.935547 0.654297 2185 0.939453 0.658203 2167 0.943359 0.654297 2152 0.939453 0.650391 
2171 0.314453 0.658203 2170 0.310547 0.658203 2189 0.314453 0.662109 2172 0.318359 0.658203 2156 0.314453 0.654297 
2175 0.357422 0.658203 2174 0.353516 0.658203 2190 0.357422 0.662109 2176 0.361328 0.658203 2160 0.357422 0.654297 
2183 0.857422 0.658203 2182 0.853516 0.658203 2203 0.857422 0.662109 2184 0.861328 0.658203 2164 0.857422 0.654297 
2187 0.962891 0.658203 2186 0.958984 0.658203 2205 0.962891 0.662109 2188 0.966797 0.658203 2168 0.962891 0.654297 
2192 0.490234 0.662109 2191 0.486328 0.662109 2207 0.490234 0.666016 2193 0.494141 0.662109 2177 0.490234 0.658203 
2195 0.525391 0.662109 2194 0.521484 0.662109 2208 0.525391 0.666016 2196 0.529297 0.662109 2178 0.525391 0.658203 
2198 0.560547 0.662109 2197 0.556641 0.662109 2209 0.560547 0.666016 2199 0.564453 0.662109 2179 0.560547 0.658203 
2201 0.607422 0.662109 2200 0.603516 0.662109 2210 0.607422 0.666016 2202 0.611328 0.662109 2180 0.607422 0.658203 
2212 0.958984 0.666016 2211 0.955078 0.666016 2219 0.958984 0.669922 2213 0.962891 0.666016 2204 0.958984 0.662109 
2216 0.259766 0.669922 2215 0.255859 0.669922 2224 0.259766 0.673828 2217 0.263672 0.669922 2206 0.259766 0.666016 
2222 0.251953 0.673828 2221 0.248047 0.673828 2233 0.251953 0.677734 2223 0.255859 0.673828 2214 0.251953 0.669922 
2228 0.826172 0.673828 2227 0.822266 0.673828 2240 0.826172 0.677734 2229 0.830078 0.673828 2218 0.826172 0.669922 
2231 0.025391 0.677734 2230 0.021484 0.677734 2241 0.025391 0.681641 2232 0.029297 0.677734 2220 0.025391 0.673828 
2235 0.701172 0.677734 2234 0.697266 0.677734 2244 0.701172 0.681641 2236 0.705078 0.677734 2225 0.701172 0.673828 
2238 0.732422 0.677734 2237 0.728516 0.677734 2246 0.732422 0.681641 2239 0.736328 0.677734 2226 0.732422 0.673828 
2248 0.041016 0.685547 2247 0.037109 0.685547 2258 0.041016 0.689453 2249 0.044922 0.685547 2242 0.041016 0.681641 
2252 0.154297 0.685547 2251 0.150391 0.685547 2262 0.154297 0.689453 2253 0.158203 0.685547 2243 0.154297 0.681641 
2256 0.720703 0.685547 2255 0.716797 0.685547 2266 0.720703 0.689453 2257 0.724609 0.685547 2245 0.720703 0.681641 
2260 0.123047 0.689453 2259 0.119141 0.689453 2267 0.123047 0.693359 2261 0.126953 0.689453 2250 0.123047 0.685547 
2264 0.287109 0.689453 2263 0.283203 0.689453 2268 0.287109 0.693359 2265 0.291016 0.689453 2254 0.287109 0.685547 
2277 0.583984 0.697266 2276 0.580078 0.697266 2298 0.583984 0.701172 2278 0.587891 0.697266 2269 0.583984 0.693359 
2280 0.619141 0.697266 2279 0.615234 0.697266 2299 0.619141 0.701172 2281 0.623047 0.697266 2270 0.619141 0.693359 
2284 0.650391 0.697266 2283 0.646484 0.697266 2303 0.650391 0.701172 2285 0.654297 0.697266 2271 0.650391 0.693359 
2287 0.712891 0.697266 2286 0.708984 0.697266 2304 0.712891 0.701172 2288 0.716797 0.697266 2272 0.712891 0.693359 
2290 0.142578 0.701172 2289 0.138672 0.701172 2306 0.142578 0.705078 2291 0.146484 0.701172 2273 0.142578 0.697266 
2293 0.474609 0.701172 2292 0.470703 0.701172 2308 0.474609 0.705078 2294 0.478516 0.701172 2274 0.474609 0.697266 
2296 0.572266 0.701172 2295 0.568359 0.701172 2309 0.572266 0.705078 2297 0.576172 0.701172 2275 0.572266 0.697266 
2301 0.642578 0.701172 2300 0.638672 0.701172 2310 0.642578 0.705078 2302 0.646484 0.701172 2282 0.642578 0.697266 
2313 0.087891 0.708984 2312 0.083984 0.708984 2323 0.087891 0.712891 2314 0.091797 0.708984 2305 0.087891 0.705078 
2317 0.443359 0.708984 2316 0.439453 0.708984 2330 0.443359 0.712891 2318 0.447266 0.708984 2307 0.443359 0.705078 
2321 0.677734 0.708984 2320 0.673828 0.708984 2335 0.677734 0.712891 2322 0.681641 0.708984 2311 0.677734 0.705078 
2328 0.322266 0.712891 2327 0.318359 0.712891 2350 0.322266 0.716797 2329 0.326172 0.712891 2315 0.322266 0.708984 
2332 0.486328 0.712891 2331 0.482422 0.712891 2351 0.486328 0.716797 2333 0.490234 0.712891 2319 0.486328 0.708984 
2341 0.169922 0.716797 2340 0.166016 0.716797 2366 0.169922 0.720703 2342 0.173828 0.716797 2324 0.169922 0.712891 
2344 0.212891 0.716797 2343 0.208984 0.716797 2367 0.212891 0.720703 2345 0.216797 0.716797 2325 0.212891 0.712891 
2348 0.244141 0.716797 2347 0.240234 0.716797 2371 0.244141 0.720703 2349 0.248047 0.716797 2326 0.244141 0.712891 
2353 0.662109 0.716797 2352 0.658203 0.716797 2372 0.662109 0.720703 2354 0.666016 0.716797 2334 0.662109 0.712891 
2356 0.072266 0.720703 2355 0.068359 0.720703 2375 0.072266 0.724609 2357 0.076172 0.720703 2336 0.072266 0.716797 
2359 0.083984 0.720703 2358 0.080078 0.720703 2376 0.083984 0.724609 2360 0.087891 0.720703 2337 0.083984 0.716797 
2362 0.146484 0.720703 2361 0.142578 0.720703 2379 0.146484 0.724609 2363 0.150391 0.720703 2338 0.146484 0.716797 
2364 0.154297 0.720703 2363 0.150391 0.720703 2380 0.154297 0.724609 2365 0.158203 0.720703 2339 0.154297 0.716797 
2369 0.228516 0.720703 2368 0.224609 0.720703 2381 0.228516 0.724609 2370 0.232422 0.720703 2346 0.228516 0.716797 
2378 0.142578 0.724609 2377 0.138672 0.724609 2390 0.142578 0.728516 2379 0.146484 0.724609 2361 0.142578 0.720703 
2383 0.869141 0.724609 2382 0.865234 0.724609 2393 0.869141 0.728516 2384 0.873047 0.724609 2373 0.869141 0.720703 
2386 0.001953 0.728516 2398 0.998047 0.728516 2399 0.001953 0.732422 2387 0.005859 0.728516 2374 0.001953 0.724609 
2389 0.138672 0.728516 2388 0.134766 0.728516 2401 0.138672 0.732422 2390 0.142578 0.728516 2377 0.138672 0.724609 
2396 0.923828 0.728516 2395 0.919922 0.728516 2413 0.923828 0.732422 2397 0.927734 0.728516 2385 0.923828 0.724609 
2403 0.236328 0.732422 2402 0.232422 0.732422 2417 0.236328 0.736328 2404 0.240234 0.732422 2391 0.236328 0.728516 
2406 0.302734 0.732422 2405 0.298828 0.732422 2418 0.302734 0.736328 2407 0.306641 0.732422 2392 0.302734 0.728516 
2411 0.892578 0.732422 2410 0.888672 0.732422 2427 0.892578 0.736328 2412 0.896484 0.732422 2394 0.892578 0.728516 
2415 0.087891 0.736328 2414 0.083984 0.736328 2428 0.087891 0.740234 2416 0.091797 0.736328 2400 0.087891 0.732422 
2420 0.447266 0.736328 2419 0.443359 0.736328 2430 0.447266 0.740234 2421 0.451172 0.736328 2408 0.447266 0.732422 
2425 0.818359 0.736328 2424 0.814453 0.736328 2439 0.818359 0.740234 2426 0.822266 0.736328 2409 0.818359 0.732422 
2432 0.591797 0.740234 2431 0.587891 0.740234 2446 0.591797 0.744141 2433 0.595703 0.740234 2422 0.591797 0.736328 
2437 0.736328 0.740234 2436 0.732422 0.740234 2453 0.736328 0.744141 2438 0.740234 0.740234 2423 0.736328 0.736328 
2443 0.130859 0.744141 2442 0.126953 0.744141 2460 0.130859 0.748047 2444 0.134766 0.744141 2429 0.130859 0.740234 
2448 0.658203 0.744141 2447 0.654297 0.744141 2465 0.658203 0.748047 2449 0.662109 0.744141 2434 0.658203 0.740234 
2451 0.712891 0.744141 2450 0.708984 0.744141 2466 0.712891 0.748047 2452 0.716797 0.744141 2435 0.712891 0.740234 
2455 0.978516 0.744141 2454 0.974609 0.744141 2467 0.978516 0.748047 2456 0.982422 0.744141 2440 0.978516 0.740234 
2458 0.021484 0.748047 2457 0.017578 0.748047 2468 0.021484 0.751953 2459 0.025391 0.748047 2441 0.021484 0.744141 
2462 0.279297 0.748047 2461 0.275391 0.748047 2469 0.279297 0.751953 2463 0.283203 0.748047 2445 0.279297 0.744141 
2471 0.322266 0.751953 2470 0.318359 0.751953 2479 0.322266 0.755859 2472 0.326172 0.751953 2464 0.322266 0.748047 
2477 0.021484 0.755859 2476 0.017578 0.755859 2491 0.021484 0.759766 2478 0.025391 0.755859 2468 0.021484 0.751953 
2482 0.587891 0.755859 2481 0.583984 0.755859 2496 0.587891 0.759766 2483 0.591797 0.755859 2473 0.587891 0.751953 
2485 0.798828 0.755859 2484 0.794922 0.755859 2498 0.798828 0.759766 2486 0.802734 0.755859 2474 0.798828 0.751953 
2488 0.892578 0.755859 2487 0.888672 0.755859 2500 0.892578 0.759766 2489 0.896484 0.755859 2475 0.892578 0.751953 
2493 0.396484 0.759766 2492 0.392578 0.759766 2505 0.396484 0.763672 2494 0.400391 0.759766 2480 0.396484 0.755859 
2502 0.990234 0.759766 2501 0.986328 0.759766 2519 0.990234 0.763672 2503 0.994141 0.759766 2490 0.990234 0.755859 
2508 0.494141 0.763672 2507 0.490234 0.763672 2526 0.494141 0.767578 2509 0.498047 0.763672 2495 0.494141 0.759766 
2513 0.701172 0.763672 2512 0.697266 0.763672 2534 0.701172 0.767578 2514 0.705078 0.763672 2497 0.701172 0.759766 
2517 0.841797 0.763672 2516 0.837891 0.763672 2538 0.841797 0.767578 2518 0.845703 0.763672 2499 0.841797 0.759766 
2521 0.146484 0.767578 2520 0.142578 0.767578 2542 0.146484 0.771484 2522 0.150391 0.767578 2504 0.146484 0.763672 
2524 0.412109 0.767578 2523 0.408203 0.767578 2543 0.412109 0.771484 2525 0.416016 0.767578 2506 0.412109 0.763672 
2528 0.525391 0.767578 2527 0.521484 0.767578 2544 0.525391 0.771484 2529 0.529297 0.767578 2510 0.525391 0.763672 
2531 0.587891 0.767578 2530 0.583984 0.767578 2545 0.587891 0.771484 2532 0.591797 0.767578 2511 0.587891 0.763672 
2536 0.798828 0.767578 2535 0.794922 0.767578 2549 0.798828 0.771484 2537 0.802734 0.767578 2515 0.798828 0.763672 
2547 0.599609 0.771484 2546 0.595703 0.771484 2560 0.599609 0.775391 2548 0.603516 0.771484 2533 0.599609 0.767578 
2552 0.974609 0.771484 2551 0.970703 0.771484 2566 0.974609 0.775391 2553 0.978516 0.771484 2539 0.974609 0.767578 
2555 0.083984 0.775391 2554 0.080078 0.775391 2567 0.083984 0.779297 2556 0.087891 0.775391 2540 0.083984 0.771484 
2558 0.115234 0.775391 2557 0.111328 0.775391 2568 0.115234 0.779297 2559 0.119141 0.775391 2541 0.115234 0.771484 
2563 0.833984 0.775391 2562 0.830078 0.775391 2575 0.833984 0.779297 2564 0.837891 0.775391 2550 0.833984 0.771484 
2572 0.681641 0.779297 2571 0.677734 0.779297 2585 0.681641 0.783203 2573 0.685547 0.779297 2561 0.681641 0.775391 
2577 0.951172 0.779297 2576 0.947266 0.779297 2589 0.951172 0.783203 2578 0.955078 0.779297 2565 0.951172 0.775391 
2580 0.244141 0.783203 2579 0.240234 0.783203 2590 0.244141 0.787109 2581 0.248047 0.783203 2569 0.244141 0.779297 
2583 0.271484 0.783203 2582 0.267578 0.783203 2591 0.271484 0.787109 2584 0.275391 0.783203 2570 0.271484 0.779297 
2587 0.791016 0.783203 2586 0.787109 0.783203 2593 0.791016 0.787109 2588 0.794922 0.783203 2574 0.791016 0.779297 
2596 0.244141 0.791016 2595 0.240234 0.791016 2605 0.244141 0.794922 2597 0.248047 0.791016 2590 0.244141 0.787109 
2599 0.755859 0.791016 2598 0.751953 0.791016 2607 0.755859 0.794922 2600 0.759766 0.791016 2592 0.755859 0.787109 
2603 0.220703 0.794922 2602 0.216797 0.794922 2613 0.220703 0.798828 2604 0.224609 0.794922 2594 0.220703 0.791016 
2611 0.146484 0.798828 2610 0.142578 0.798828 2626 0.146484 0.802734 2612 0.150391 0.798828 2601 0.146484 0.794922 
2615 0.486328 0.798828 2614 0.482422 0.798828 2628 0.486328 0.802734 2616 0.490234 0.798828 2606 0.486328 0.794922 
2620 0.880859 0.798828 2619 0.876953 0.798828 2635 0.880859 0.802734 2621 0.884766 0.798828 2608 0.880859 0.794922 
2623 0.904297 0.798828 2622 0.900391 0.798828 2636 0.904297 0.802734 2624 0.908203 0.798828 2609 0.904297 0.794922 
2630 0.630859 0.802734 2629 0.626953 0.802734 2643 0.630859 0.806641 2631 0.634766 0.802734 2617 0.630859 0.798828 
2633 0.744141 0.802734 2632 0.740234 0.802734 2645 0.744141 0.806641 2634 0.748047 0.802734 2618 0.744141 0.798828 
2638 0.990234 0.802734 2637 0.986328 0.802734 2646 0.990234 0.806641 2639 0.994141 0.802734 2625 0.990234 0.798828 
2641 0.302734 0.806641 2640 0.298828 0.806641 2648 0.302734 0.810547 2642 0.306641 0.806641 2627 0.302734 0.802734 
2650 0.658203 0.810547 2649 0.654297 0.810547 2657 0.658203 0.814453 2651 0.662109 0.810547 2644 0.658203 0.806641 
2655 0.095703 0.814453 2654 0.091797 0.814453 2664 0.095703 0.818359 2656 0.099609 0.814453 2647 0.095703 0.810547 
2659 0.904297 0.814453 2658 0.900391 0.814453 2666 0.904297 0.818359 2660 0.908203 0.814453 2652 0.904297 0.810547 
2662 0.943359 0.814453 2661 0.939453 0.814453 2667 0.943359 0.818359 2663 0.947266 0.814453 2653 0.943359 0.810547 
2669 0.138672 0.822266 2668 0.134766 0.822266 2674 0.138672 0.826172 2670 0.142578 0.822266 2665 0.138672 0.818359 
2676 0.615234 0.826172 2675 0.611328 0.826172 2687 0.615234 0.830078 2677 0.619141 0.826172 2671 0.615234 0.822266 
2679 0.798828 0.826172 2678 0.794922 0.826172 2688 0.798828 0.830078 2680 0.802734 0.826172 2672 0.798828 0.822266 
2684 0.107422 0.830078 2683 0.103516 0.830078 2696 0.107422 0.833984 2685 0.111328 0.830078 2673 0.107422 0.826172 
2691 0.951172 0.830078 2690 0.947266 0.830078 2706 0.951172 0.833984 2692 0.955078 0.830078 2681 0.951172 0.826172 
2694 0.080078 0.833984 2693 0.076172 0.833984 2708 0.080078 0.837891 2695 0.083984 0.833984 2682 0.080078 0.830078 
2700 0.271484 0.833984 2699 0.267578 0.833984 2716 0.271484 0.837891 2701 0.275391 0.833984 2686 0.271484 0.830078 
2704 0.833984 0.833984 2703 0.830078 0.833984 2722 0.833984 0.837891 2705 0.837891 0.833984 2689 0.833984 0.830078 
2711 0.212891 0.837891 2710 0.208984 0.837891 2730 0.212891 0.841797 2712 0.216797 0.837891 2697 0.212891 0.833984 
2714 0.244141 0.837891 2713 0.240234 0.837891 2731 0.244141 0.841797 2715 0.248047 0.837891 2698 0.244141 0.833984 
2720 0.732422 0.837891 2719 0.728516 0.837891 2739 0.732422 0.841797 2721 0.736328 0.837891 2702 0.732422 0.833984 
2725 0.076172 0.841797 2724 0.072266 0.841797 2746 0.076172 0.845703 2726 0.080078 0.841797 2707 0.076172 0.837891 
2728 0.099609 0.841797 2727 0.095703 0.841797 2747 0.099609 0.845703 2729 0.103516 0.841797 2709 0.099609 0.837891 
2733 0.408203 0.841797 2732 0.404297 0.841797 2748 0.408203 0.845703 2734 0.412109 0.841797 2717 0.408203 0.837891 
2737 0.595703 0.841797 2736 0.591797 0.841797 2752 0.595703 0.845703 2738 0.599609 0.841797 2718 0.595703 0.837891 
2740 0.736328 0.841797 2739 0.732422 0.841797 2753 0.736328 0.845703 2741 0.740234 0.841797 2721 0.736328 0.837891 
2744 0.970703 0.841797 2743 0.966797 0.841797 2757 0.970703 0.845703 2745 0.974609 0.841797 2723 0.970703 0.837891 
2750 0.490234 0.845703 2749 0.486328 0.845703 2758 0.490234 0.849609 2751 0.494141 0.845703 2735 0.490234 0.841797 
2755 0.927734 0.845703 2754 0.923828 0.845703 2760 0.927734 0.849609 2756 0.931641 0.845703 2742 0.927734 0.841797 
2762 0.501953 0.853516 2761 0.498047 0.853516 2766 0.501953 0.857422 2763 0.505859 0.853516 2759 0.501953 0.849609 
2768 0.724609 0.857422 2767 0.720703 0.857422 2775 0.724609 0.861328 2769 0.728516 0.857422 2764 0.724609 0.853516 
2771 0.423828 0.861328 2770 0.419922 0.861328 2777 0.423828 0.865234 2772 0.427734 0.861328 2765 0.423828 0.857422 
2779 0.490234 0.865234 2778 0.486328 0.865234 2788 0.490234 0.869141 2780 0.494141 0.865234 2773 0.490234 0.861328 
2782 0.708984 0.865234 2781 0.705078 0.865234 2789 0.708984 0.869141 2783 0.712891 0.865234 2774 0.708984 0.861328 
2785 0.158203 0.869141 2784 0.154297 0.869141 2791 0.158203 0.873047 2786 0.162109 0.869141 2776 0.158203 0.865234 
2794 0.322266 0.873047 2793 0.318359 0.873047 2804 0.322266 0.876953 2795 0.326172 0.873047 2787 0.322266 0.869141 
2798 0.033203 0.876953 2797 0.029297 0.876953 2810 0.033203 0.880859 2799 0.037109 0.876953 2790 0.033203 0.873047 
2802 0.283203 0.876953 2801 0.279297 0.876953 2815 0.283203 0.880859 2803 0.287109 0.876953 2792 0.283203 0.873047 
2806 0.404297 0.876953 2805 0.400391 0.876953 2816 0.404297 0.880859 2807 0.408203 0.876953 2796 0.404297 0.873047 
2813 0.259766 0.880859 2812 0.255859 0.880859 2830 0.259766 0.884766 2814 0.263672 0.880859 2800 0.259766 0.876953 
2818 0.591797 0.880859 2817 0.587891 0.880859 2831 0.591797 0.884766 2819 0.595703 0.880859 2808 0.591797 0.876953 
2822 0.771484 0.880859 2821 0.767578 0.880859 2835 0.771484 0.884766 2823 0.775391 0.880859 2809 0.771484 0.876953 
2826 0.099609 0.884766 2825 0.095703 0.884766 2839 0.099609 0.888672 2827 0.103516 0.884766 2811 0.099609 0.880859 
2833 0.654297 0.884766 2832 0.650391 0.884766 2847 0.654297 0.888672 2834 0.658203 0.884766 2820 0.654297 0.880859 
2837 0.861328 0.884766 2836 0.857422 0.884766 2848 0.861328 0.888672 2838 0.865234 0.884766 2824 0.861328 0.880859 
2841 0.146484 0.888672 2840 0.142578 0.888672 2852 0.146484 0.892578 2842 0.150391 0.888672 2828 0.146484 0.884766 
2844 0.166016 0.888672 2843 0.162109 0.888672 2853 0.166016 0.892578 2845 0.169922 0.888672 2829 0.166016 0.884766 
2851 0.142578 0.892578 2850 0.138672 0.892578 2862 0.142578 0.896484 2852 0.146484 0.892578 2840 0.142578 0.888672 
2855 0.287109 0.892578 2854 0.283203 0.892578 2863 0.287109 0.896484 2856 0.291016 0.892578 2846 0.287109 0.888672 
2860 0.091797 0.896484 2859 0.087891 0.896484 2873 0.091797 0.900391 2861 0.095703 0.896484 2849 0.091797 0.892578 
2866 0.798828 0.896484 2865 0.794922 0.896484 2879 0.798828 0.900391 2867 0.802734 0.896484 2857 0.798828 0.892578 
2869 0.943359 0.896484 2868 0.939453 0.896484 2881 0.943359 0.900391 2870 0.947266 0.896484 2858 0.943359 0.892578 
2876 0.333984 0.900391 2875 0.330078 0.900391 2892 0.333984 0.904297 2877 0.337891 0.900391 2864 0.333984 0.896484 
2883 0.970703 0.900391 2882 0.966797 0.900391 2901 0.970703 0.904297 2884 0.974609 0.900391 2871 0.970703 0.896484 
2886 0.009766 0.904297 2885 0.005859 0.904297 2902 0.009766 0.908203 2887 0.013672 0.904297 2872 0.009766 0.900391 
2889 0.169922 0.904297 2888 0.166016 0.904297 2903 0.169922 0.908203 2890 0.173828 0.904297 2874 0.169922 0.900391 
2894 0.427734 0.904297 2893 0.423828 0.904297 2908 0.427734 0.908203 2895 0.431641 0.904297 2878 0.427734 0.900391 
2899 0.826172 0.904297 2898 0.822266 0.904297 2916 0.826172 0.908203 2900 0.830078 0.904297 2880 0.826172 0.900391 
2905 0.208984 0.908203 2904 0.205078 0.908203 2919 0.208984 0.912109 2906 0.212891 0.908203 2891 0.208984 0.904297 
2911 0.771484 0.908203 2910 0.767578 0.908203 2927 0.771484 0.912109 2912 0.775391 0.908203 2896 0.771484 0.904297 
2914 0.818359 0.908203 2913 0.814453 0.908203 2928 0.818359 0.912109 2915 0.822266 0.908203 2897 0.818359 0.904297 
2921 0.244141 0.912109 2920 0.240234 0.912109 2935 0.244141 0.916016 2922 0.248047 0.912109 2907 0.244141 0.908203 
2924 0.494141 0.912109 2923 0.490234 0.912109 2936 0.494141 0.916016 2925 0.498047 0.912109 2909 0.494141 0.908203 
2930 0.111328 0.916016 2929 0.107422 0.916016 2941 0.111328 0.919922 2931 0.115234 0.916016 2917 0.111328 0.912109 
2933 0.150391 0.916016 2932 0.146484 0.916016 2942 0.150391 0.919922 2934 0.154297 0.916016 2918 0.150391 0.912109 
2938 0.626953 0.916016 2937 0.623047 0.916016 2946 0.626953 0.919922 2939 0.630859 0.916016 2926 0.626953 0.912109 
2949 0.736328 0.919922 2948 0.732422 0.919922 2964 0.736328 0.923828 2950 0.740234 0.919922 2940 0.736328 0.916016 
2952 0.244141 0.923828 2951 0.240234 0.923828 2968 0.244141 0.927734 2953 0.248047 0.923828 2943 0.244141 0.919922 
2955 0.365234 0.923828 2954 0.361328 0.923828 2969 0.365234 0.927734 2956 0.369141 0.923828 2944 0.365234 0.919922 
2958 0.599609 0.923828 2957 0.595703 0.923828 2970 0.599609 0.927734 2959 0.603516 0.923828 2945 0.599609 0.919922 
2961 0.634766 0.923828 2960 0.630859 0.923828 2971 0.634766 0.927734 2962 0.638672 0.923828 2947 0.634766 0.919922 
2973 0.720703 0.927734 2972 0.716797 0.927734 2988 0.720703 0.931641 2974 0.724609 0.927734 2963 0.720703 0.923828 
2976 0.818359 0.927734 2975 0.814453 0.927734 2990 0.818359 0.931641 2977 0.822266 0.927734 2965 0.818359 0.923828 
2978 0.826172 0.927734 2977 0.822266 0.927734 2991 0.826172 0.931641 2979 0.830078 0.927734 2966 0.826172 0.923828 
2985 0.154297 0.931641 2984 0.150391 0.931641 3002 0.154297 0.935547 2986 0.158203 0.931641 2967 0.154297 0.927734 
2993 0.939453 0.931641 2992 0.935547 0.931641 3015 0.939453 0.935547 2994 0.943359 0.931641 2980 0.939453 0.927734 
2996 0.951172 0.931641 2995 0.947266 0.931641 3016 0.951172 0.935547 2997 0.955078 0.931641 2981 0.951172 0.927734 
2997 0.955078 0.931641 2996 0.951172 0.931641 3017 0.955078 0.935547 2998 0.958984 0.931641 2982 0.955078 0.927734 
3000 0.111328 0.935547 2999 0.107422 0.935547 3018 0.111328 0.939453 3001 0.115234 0.935547 2983 0.111328 0.931641 
3003 0.158203 0.935547 3002 0.154297 0.935547 3019 0.158203 0.939453 3004 0.162109 0.935547 2986 0.158203 0.931641 
3007 0.572266 0.935547 3006 0.568359 0.935547 3025 0.572266 0.939453 3008 0.576172 0.935547 2987 0.572266 0.931641 
3013 0.787109 0.935547 3012 0.783203 0.935547 3036 0.787109 0.939453 3014 0.791016 0.935547 2989 0.787109 0.931641 
3022 0.302734 0.939453 3021 0.298828 0.939453 3041 0.302734 0.943359 3023 0.306641 0.939453 3005 0.302734 0.935547 
3027 0.611328 0.939453 3026 0.607422 0.939453 3045 0.611328 0.943359 3028 0.615234 0.939453 3009 0.611328 0.935547 
3030 0.642578 0.939453 3029 0.638672 0.939453 3048 0.642578 0.943359 3031 0.646484 0.939453 3010 0.642578 0.935547 
3034 0.775391 0.939453 3033 0.771484 0.939453 3052 0.775391 0.943359 3035 0.779297 0.939453 3011 0.775391 0.935547 
3039 0.189453 0.943359 3038 0.185547 0.943359 3057 0.189453 0.947266 3040 0.193359 0.943359 3020 0.189453 0.939453 
3043 0.353516 0.943359 3042 0.349609 0.943359 3059 0.353516 0.947266 3044 0.357422 0.943359 3024 0.353516 0.939453 
3046 0.615234 0.943359 3045 0.611328 0.943359 3060 0.615234 0.947266 3047 0.619141 0.943359 3028 0.615234 0.939453 
3050 0.732422 0.943359 3049 0.728516 0.943359 3061 0.732422 0.947266 3051 0.736328 0.943359 3032 0.732422 0.939453 
3054 0.970703 0.943359 3053 0.966797 0.943359 3062 0.970703 0.947266 3055 0.974609 0.943359 3037 0.970703 0.939453 
3064 0.052734 0.951172 3063 0.048828 0.951172 3073 0.052734 0.955078 3065 0.056641 0.951172 3056 0.052734 0.947266 
3069 0.279297 0.951172 3068 0.275391 0.951172 3083 0.279297 0.955078 3070 0.283203 0.951172 3058 0.279297 0.947266 
3075 0.072266 0.955078 3074 0.068359 0.955078 3087 0.072266 0.958984 3076 0.076172 0.955078 3066 0.072266 0.951172 
3079 0.181641 0.955078 3078 0.177734 0.955078 3091 0.181641 0.958984 3080 0.185547 0.955078 3067 0.181641 0.951172 
3082 0.275391 0.955078 3081 0.271484 0.955078 3092 0.275391 0.958984 3083 0.279297 0.955078 3068 0.275391 0.951172 
3086 0.998047 0.955078 3085 0.994141 0.955078 3100 0.998047 0.958984 3072 0.001953 0.955078 3071 0.998047 0.951172 
3089 0.111328 0.958984 3088 0.107422 0.958984 3102 0.111328 0.962891 3090 0.115234 0.958984 3077 0.111328 0.955078 
3098 0.916016 0.958984 3097 0.912109 0.958984 3117 0.916016 0.962891 3099 0.919922 0.958984 3084 0.916016 0.955078 
3104 0.373047 0.962891 3103 0.369141 0.962891 3121 0.373047 0.966797 3105 0.376953 0.962891 3093 0.373047 0.958984 
3107 0.388672 0.962891 3106 0.384766 0.962891 3122 0.388672 0.966797 3108 0.392578 0.962891 3094 0.388672 0.958984 
3111 0.580078 0.962891 3110 0.576172 0.962891 3126 0.580078 0.966797 3112 0.583984 0.962891 3095 0.580078 0.958984 
3114 0.654297 0.962891 3113 0.650391 0.962891 3127 0.654297 0.966797 3115 0.658203 0.962891 3096 0.654297 0.958984 
3119 0.009766 0.966797 3118 0.005859 0.966797 3132 0.009766 0.970703 3120 0.013672 0.966797 3101 0.009766 0.962891 
3124 0.548828 0.966797 3123 0.544922 0.966797 3134 0.548828 0.970703 3125 0.552734 0.966797 3109 0.548828 0.962891 
3129 0.794922 0.966797 3128 0.791016 0.966797 3135 0.794922 0.970703 3130 0.798828 0.966797 3116 0.794922 0.962891 
3136 0.001953 0.974609 3143 0.998047 0.974609 3144 0.001953 0.978516 3137 0.005859 0.974609 3131 0.001953 0.970703 
3139 0.205078 0.974609 3138 0.201172 0.974609 3145 0.205078 0.978516 3140 0.208984 0.974609 3133 0.205078 0.970703 
3147 0.455078 0.978516 3146 0.451172 0.978516 3153 0.455078 0.982422 3148 0.458984 0.978516 3141 0.455078 0.974609 
3150 0.767578 0.978516 3149 0.763672 0.978516 3154 0.767578 0.982422 3151 0.771484 0.978516 3142 0.767578 0.974609 
3156 0.970703 0.982422 3155 0.966797 0.982422 3160 0.970703 0.986328 3157 0.974609 0.982422 3152 0.970703 0.978516 
3169 0.767578 0.990234 3168 0.763672 0.990234 3195 0.767578 0.994141 3170 0.771484 0.990234 3158 0.767578 0.986328 
3172 0.783203 0.990234 3171 0.779297 0.990234 3198 0.783203 0.994141 3173 0.787109 0.990234 3159 0.783203 0.986328 
3175 0.166016 0.994141 3174 0.162109 0.994141 3201 0.166016 0.998047 3176 0.169922 0.994141 3161 0.166016 0.990234 
3178 0.193359 0.994141 3177 0.189453 0.994141 3202 0.193359 0.998047 3179 0.197266 0.994141 3162 0.193359 0.990234 
3181 0.353516 0.994141 3180 0.349609 0.994141 3203 0.353516 0.998047 3182 0.357422 0.994141 3163 0.353516 0.990234 
3184 0.365234 0.994141 3183 0.361328 0.994141 3204 0.365234 0.998047 3185 0.369141 0.994141 3164 0.365234 0.990234 
3187 0.521484 0.994141 3186 0.517578 0.994141 3205 0.521484 0.998047 3188 0.525391 0.994141 3165 0.521484 0.990234 
3190 0.541016 0.994141 3189 0.537109 0.994141 3206 0.541016 0.998047 3191 0.544922 0.994141 3166 0.541016 0.990234 
3193 0.669922 0.994141 3192 0.666016 0.994141 3208 0.669922 0.998047 3194 0.673828 0.994141 3167 0.669922 0.990234 
3197 0.779297 0.994141 3196 0.775391 0.994141 3209 0.779297 0.998047 3198 0.783203 0.994141 3171 0.779297 0.990234 
3211 0.916016 0.998047 3210 0.912109 0.998047 8 0.916016 0.001953 3212 0.919922 0.998047 3199 0.916016 0.994141 
