0 4
1 5
2 6
3 113
4 148
5 149
6 150
7 223
8 234
9 261
10 284
11 288
12 368
13 369
14 370
15 393
16 405
17 478
18 479
19 480
20 539
21 540
22 541
23 543
24 544
25 545
26 625
27 633
28 638
29 648
30 649
31 650
32 735
33 796
34 800
35 849
36 888
37 889
38 890
39 893
40 894
41 895
42 905
43 936
44 943
45 992
46 1031
47 1104
48 1105
49 1106
50 1145
51 1150
52 1191
53 1192
54 1193
55 1198
56 1199
57 1200
58 1215
59 1247
60 1248
61 1249
62 1286
63 1287
64 1288
65 1361
66 1444
67 1448
68 1455
69 1470
70 1471
71 1472
72 1504
73 1540
74 1543
75 1608
76 1699
77 1700
78 1701
79 1712
80 1727
81 1777
82 1795
83 1796
84 1797
85 1863
86 1864
87 1865
88 1902
89 1956
90 1967
91 1968
92 1969
93 2032
94 2033
95 2034
96 2040
97 2052
98 2101
99 2120
100 2157
101 2158
102 2159
103 2209
104 2224
105 2289
106 2295
107 2296
108 2297
109 2356
110 2357
111 2358
112 2414
113 2415
114 2416
115 2462
116 2464
117 2465
118 2466
119 2552
120 2582
121 2613
122 2643
123 2671
124 2717
125 2718
126 2719
127 2721
128 2837
129 2838
130 2839
131 2890
132 2898
133 2899
134 2900
135 2906
136 2928
137 2974
138 3023
139 3046
140 3094
141 3145
142 3146
143 3147
144 3155
145 3161
146 3162
147 3163
148 3183
149 3184
150 3185
151 3200
152 3278
153 3279
154 3280
155 3301
156 3302
157 3303
158 3402
159 3418
160 3440
161 3455
162 3456
163 3457
164 3535
165 3558
166 3656
167 3671
168 3712
169 3778
170 3798
171 3911
172 3912
173 3913
174 3926
175 3927
176 3928
177 4033
178 4034
179 4035
180 4053
181 4054
182 4055
183 4087
184 4168
185 4183
186 4219
187 4233
188 4290
189 4291
190 4292
191 4310
192 4342
193 4343
194 4344
195 4384
196 4401
197 4451
198 4474
199 4475
200 4476
201 4488
202 4489
203 4490
204 4545
205 4546
206 4547
207 4599
208 4611
209 4639
210 4640
211 4641
212 4656
213 4657
214 4658
215 4706
216 4707
217 4708
218 4731
219 4745
220 4759
221 4802
222 4866
223 4867
224 4868
225 4896
226 4913
227 4963
228 4997
229 5014
230 5015
231 5016
232 5019
233 5077
234 5100
235 5123
236 5252
237 5253
238 5254
239 5256
240 5271
241 5274
242 5275
243 5276
244 5329
245 5332
246 5333
247 5334
248 5355
249 5356
250 5357
251 5411
252 5413
253 5432
254 5457
255 5491
256 5509
257 5511
258 5512
259 5513
260 5526
261 5527
262 5528
263 5531
264 5560
265 5584
266 5585
267 5586
268 5589
269 5612
270 5666
271 5667
272 5668
273 5669
274 5670
275 5687
276 5688
277 5689
278 5712
279 5713
280 5714
281 5729
282 5743
283 5746
284 5747
285 5748
286 5750
287 5768
288 5783
289 5815
290 5816
291 5817
292 5841
293 5853
294 5923
295 5925
296 5944
297 5969
298 5984
299 5985
300 5986
301 5998
302 5999
303 6000
304 6003
305 6005
306 6006
307 6007
308 6072
309 6108
310 6109
311 6110
312 6241
313 6255
314 6262
315 6275
316 6295
317 6365
318 6530
319 6531
320 6532
321 6550
322 6551
323 6552
324 6686
325 6741
326 6787
327 6807
328 6876
329 6941
330 6942
331 6943
332 6969
333 6996
334 6997
335 6998
336 7014
337 7110
338 7131
339 7132
340 7133
341 7173
342 7198
343 7224
344 7225
345 7226
346 7253
347 7269
348 7270
349 7271
350 7326
351 7365
352 7366
353 7367
354 7388
355 7416
356 7428
357 7429
358 7430
359 7431
360 7466
361 7481
362 7526
363 7572
364 7581
365 7582
366 7583
367 7622
368 7671
369 7672
370 7673
371 7685
372 7686
373 7687
374 7688
375 7721
376 7722
377 7723
378 7827
379 7828
380 7829
381 7838
382 7881
383 7919
384 7924
385 7928
386 7943
387 7978
388 8009
389 8054
390 8084
391 8136
392 8137
393 8138
394 8148
395 8174
396 8175
397 8176
398 8179
399 8180
400 8181
401 8264
402 8265
403 8266
404 8309
405 8310
406 8311
407 8384
408 8393
409 8403
410 8404
411 8405
412 8431
413 8436
414 8437
415 8438
416 8521
417 8566
418 8584
419 8639
420 8640
421 8641
422 8659
423 8660
424 8692
425 8693
426 8694
427 8695
428 8800
429 8821
430 8822
431 8823
432 8839
433 8840
434 8841
435 8896
436 8898
437 8914
438 8915
439 8916
440 8949
441 8950
442 9019
443 9055
444 9056
445 9057
446 9078
447 9096
448 9153
449 9154
450 9155
451 9171
452 9274
453 9275
454 9276
455 9290
456 9312
457 9320
458 9341
459 9410
460 9531
461 9545
462 9546
463 9547
464 9575
465 9576
466 9577
467 9585
468 9596
469 9597
470 9598
471 9638
472 9666
473 9683
474 9802
475 9832
476 9840
477 9841
478 9842
479 9853
480 9882
481 9893
482 9894
483 9895
484 9918
485 9921
486 9922
487 9923
488 9925
489 9938
490 9939
491 9940
492 9987
493 10097
494 10137
495 10138
496 10139
497 10150
498 10173
499 10174
500 10175
501 10178
502 10180
503 10181
504 10182
505 10195
506 10242
507 10243
508 10244
509 10249
510 10311
511 10394
512 10430
513 10437
514 10459
515 10461
516 10499
517 10504
518 10505
519 10506
520 10520
521 10566
522 10567
523 10568
524 10595
525 10638
526 10714
527 10715
528 10716
529 10717
530 10718
531 10761
532 10775
533 10776
534 10777
535 10823
536 10850
537 10851
538 10852
539 10868
540 10893
541 10894
542 10895
543 10960
544 10971
545 10973
546 10994
547 11009
548 11032
549 11039
550 11107
551 11123
552 11124
553 11125
554 11150
555 11175
556 11215
557 11216
558 11217
559 11231
560 11249
561 11250
562 11251
563 11253
564 11264
565 11265
566 11266
567 11294
568 11295
569 11296
570 11380
571 11430
572 11431
573 11432
574 11472
575 11486
576 11487
577 11488
578 11506
579 11508
580 11509
581 11510
582 11521
583 11531
584 11551
585 11589
586 11687
587 11718
588 11734
589 11743
590 11765
591 11786
592 11787
593 11788
594 11794
595 11844
596 11845
597 11846
598 11859
599 11928
600 11938
601 11973
602 11974
603 11975
604 11989
605 11990
606 11991
607 12043
608 12049
609 12050
610 12051
611 12055
612 12101
613 12114
614 12115
615 12116
616 12171
617 12183
618 12184
619 12185
620 12193
621 12194
622 12195
623 12200
624 12230
625 12246
626 12306
627 12310
628 12311
629 12312
630 12371
631 12426
632 12427
633 12428
634 12440
635 12450
636 12455
637 12456
638 12457
639 12567
640 12645
641 12648
642 12683
643 12712
644 12735
645 12769
646 12771
647 12900
648 12901
649 12902
650 12903
651 12904
652 12905
653 12990
654 12991
655 12992
656 13024
657 13025
658 13026
659 13027
660 13028
661 13157
662 13158
663 13160
664 13247
665 13281
666 13283
667 13413
668 13414
669 13415
670 13434
671 13446
672 13513
673 13630
674 13670
675 13689
676 13690
677 13691
678 13701
679 13702
680 13703
681 13753
682 13768
683 13769
684 13770
685 13864
686 13885
687 13886
688 13887
689 13895
690 13946
691 13954
692 13958
693 13987
694 14008
695 14009
696 14010
697 14022
698 14025
699 14119
700 14120
701 14121
702 14142
703 14150
704 14151
705 14152
706 14209
707 14210
708 14211
709 14214
710 14242
711 14243
712 14244
713 14265
714 14277
715 14278
716 14279
717 14376
718 14407
719 14444
720 14466
721 14469
722 14470
723 14471
724 14499
725 14533
726 14534
727 14573
728 14699
729 14700
730 14701
731 14726
732 14788
733 14789
734 14790
735 14828
736 14829
737 14830
738 14846
739 14901
740 14929
741 14956
742 14996
743 15045
744 15046
745 15047
746 15065
747 15085
748 15099
749 15101
750 15102
751 15103
752 15128
753 15156
754 15157
755 15158
756 15184
757 15185
758 15186
759 15190
760 15203
761 15215
762 15241
763 15251
764 15252
765 15253
766 15298
767 15302
768 15320
769 15321
770 15322
771 15346
772 15354
773 15355
774 15356
775 15358
776 15383
777 15384
778 15385
779 15413
780 15441
781 15445
782 15446
783 15447
784 15458
785 15459
786 15460
787 15470
788 15471
789 15472
790 15496
791 15497
792 15498
793 15508
794 15553
795 15554
796 15555
797 15577
798 15601
799 15602
800 15603
801 15611
802 15640
803 15654
804 15669
805 15702
806 15715
807 15727
808 15753
809 15810
810 15858
811 15869
812 15909
813 15910
814 15911
815 15917
816 15924
817 15925
818 15926
819 16070
820 16076
821 16124
822 16125
823 16126
824 16166
825 16172
826 16173
827 16174
828 16181
829 16325
830 16326
831 16327
832 16331
833 16332
834 16333
835 16381
836 16421
837 16422
838 16423
839 16429
840 16582
841 16588
842 16678
843 16704
844 16713
845 16896
846 16936
847 16938
848 16959
849 16960
850 16961
851 16968
852 16969
853 16970
854 17116
855 17152
856 17153
857 17191
858 17192
859 17193
860 17194
861 17195
862 17208
863 17216
864 17225
865 17246
866 17350
867 17371
868 17372
869 17373
870 17407
871 17408
872 17448
873 17450
874 17463
875 17464
876 17465
877 17501
878 17502
879 17503
880 17605
881 17606
882 17607
883 17625
884 17628
885 17662
886 17720
887 17758
888 17825
889 17862
890 17880
891 17881
892 17882
893 17917
894 17918
895 17919
896 17929
897 18075
898 18080
899 18081
900 18082
901 18098
902 18137
903 18174
904 18184
905 18185
906 18186
907 18330
908 18331
909 18332
910 18337
911 18353
912 18354
913 18355
914 18376
915 18433
916 18441
917 18484
918 18587
919 18610
920 18631
921 18632
922 18633
923 18634
924 18688
925 18689
926 18690
927 18732
928 18739
929 18740
930 18741
931 18774
932 18888
933 18889
934 18890
935 18891
936 18945
937 18957
938 18987
939 18988
940 18989
941 18996
942 19029
943 19030
944 19031
945 19083
946 19118
947 19121
948 19146
949 19169
950 19212
951 19213
952 19214
953 19244
954 19286
955 19338
956 19339
957 19340
958 19351
959 19373
960 19374
961 19375
962 19376
963 19377
964 19378
965 19424
966 19425
967 19426
968 19435
969 19469
970 19490
971 19570
972 19580
973 19595
974 19603
975 19606
976 19607
977 19608
978 19630
979 19633
980 19666
981 19681
982 19690
983 19691
984 19692
985 19703
986 19705
987 19745
988 19746
989 19747
990 19825
991 19826
992 19827
993 19833
994 19835
995 19836
996 19837
997 19858
998 19859
999 19860
1000 19863
1001 19906
1002 19921
1003 19922
1004 19923
1005 19947
1006 19958
1007 19959
1008 19960
1009 19961
1010 19962
1011 20002
1012 20003
1013 20082
1014 20088
1015 20089
1016 20090
1017 20092
1018 20115
1019 20148
1020 20161
1021 20162
1022 20163
1023 20178
1024 20215
1025 20217
1026 20258
1027 20259
1028 20260
1029 20338
1030 20345
1031 20403
1032 20404
1033 20405
1034 20412
1035 20418
1036 20515
1037 20587
1038 20593
1039 20594
1040 20595
1041 20619
1042 20660
1043 20661
1044 20662
1045 20667
1046 20668
1047 20669
1048 20682
1049 20749
1050 20806
1051 20842
1052 20843
1053 20844
1054 20850
1055 20874
1056 20875
1057 20876
1058 20917
1059 20924
1060 20937
1061 20938
1062 20939
1063 21004
1064 21005
1065 21006
1066 21061
1067 21062
1068 21063
1069 21099
1070 21131
1071 21194
1072 21258
1073 21261
1074 21262
1075 21263
1076 21318
1077 21400
1078 21451
1079 21513
1080 21514
1081 21515
1082 21518
1083 21527
1084 21534
1085 21655
1086 21656
1087 21657
1088 21706
1089 21707
1090 21708
1091 21770
1092 21782
1093 21783
1094 21784
1095 21789
1096 21790
1097 21791
1098 21835
1099 21847
1100 21912
1101 21930
1102 21962
1103 21963
1104 21968
1105 22039
1106 22043
1107 22046
1108 22071
1109 22090
1110 22091
1111 22092
1112 22102
1113 22103
1114 22104
1115 22151
1116 22185
1117 22186
1118 22187
1119 22200
1120 22217
1121 22218
1122 22219
1123 22223
1124 22224
1125 22225
1126 22298
1127 22299
1128 22300
1129 22326
1130 22327
1131 22328
1132 22347
1133 22359
1134 22406
1135 22407
1136 22408
1137 22422
1138 22435
1139 22442
1140 22455
1141 22456
1142 22457
1143 22474
1144 22480
1145 22555
1146 22583
1147 22616
1148 22631
1149 22663
1150 22677
1151 22678
1152 22679
1153 22690
1154 22691
1155 22692
1156 22712
1157 22733
1158 22812
1159 22833
1160 22851
1161 22871
1162 22872
1163 22873
1164 22886
1165 22887
1166 22888
1167 22896
1168 22934
1169 22947
1170 22988
1171 22989
1172 22990
1173 23025
1174 23060
1175 23067
1176 23068
1177 23069
1178 23078
1179 23088
1180 23089
1181 23090
1182 23106
1183 23107
1184 23108
1185 23128
1186 23143
1187 23151
1188 23152
1189 23153
1190 23173
1191 23200
1192 23211
1193 23235
1194 23245
1195 23255
1196 23280
1197 23281
1198 23282
1199 23315
1200 23316
1201 23317
1202 23324
1203 23333
1204 23334
1205 23335
1206 23340
1207 23342
1208 23345
1209 23363
1210 23370
1211 23407
1212 23408
1213 23409
1214 23428
1215 23429
1216 23430
1217 23455
1218 23456
1219 23457
1220 23466
1221 23467
1222 23468
1223 23490
1224 23491
1225 23492
1226 23510
1227 23511
1228 23512
1229 23537
1230 23572
1231 23590
1232 23595
1233 23596
1234 23597
1235 23598
1236 23599
1237 23625
1238 23626
1239 23627
1240 23664
1241 23685
1242 23712
1243 23723
1244 23747
1245 23767
1246 23852
1247 23854
1248 23882
1249 24061
1250 24107
1251 24108
1252 24109
1253 24176
1254 24316
1255 24317
1256 24318
1257 24364
1258 24431
1259 24432
1260 24433
1261 24515
1262 24520
1263 24564
1264 24573
1265 24596
1266 24622
1267 24688
1268 24734
1269 24770
1270 24771
1271 24772
1272 24775
1273 24776
1274 24777
1275 24819
1276 24820
1277 24821
1278 24834
1279 24851
1280 24852
1281 24853
1282 24877
1283 24878
1284 24879
1285 24897
1286 24989
1287 24990
1288 24991
1289 25003
1290 25027
1291 25032
1292 25076
1293 25089
1294 25090
1295 25091
1296 25094
1297 25108
1298 25114
1299 25134
1300 25152
1301 25153
1302 25154
1303 25202
1304 25246
1305 25250
1306 25258
1307 25259
1308 25260
1309 25270
1310 25336
1311 25346
1312 25349
1313 25350
1314 25351
1315 25369
1316 25370
1317 25371
1318 25390
1319 25409
1320 25457
1321 25458
1322 25459
1323 25505
1324 25506
1325 25507
1326 25515
1327 25525
1328 25526
1329 25527
1330 25591
1331 25592
1332 25593
1333 25606
1334 25626
1335 25645
1336 25646
1337 25647
1338 25681
1339 25714
1340 25721
1341 25762
1342 25782
1343 25786
1344 25848
1345 25882
1346 25902
1347 25911
1348 25936
1349 25937
1350 25938
1351 25949
1352 25976
1353 25977
1354 25978
1355 26041
1356 26042
1357 26043
1358 26135
1359 26137
1360 26138
1361 26139
1362 26166
1363 26167
1364 26168
1365 26193
1366 26204
1367 26205
1368 26206
1369 26227
1370 26233
1371 26298
1372 26360
1373 26390
1374 26391
1375 26392
1376 26394
1377 26423
1378 26461
1379 26482
1380 26483
1381 26484
1382 26518
1383 26535
1384 26615
1385 26616
1386 26617
1387 26647
1388 26739
1389 26760
1390 26773
1391 26774
1392 26775
1393 26790
1394 26791
1395 26792
1396 26872
1397 27015
1398 27016
1399 27017
1400 27030
1401 27047
1402 27268
1403 27272
1404 27281
1405 27342
1406 27347
1407 27405
1408 27497
1409 27523
1410 27524
1411 27525
1412 27536
1413 27537
1414 27538
1415 27597
1416 27598
1417 27599
1418 27602
1419 27603
1420 27604
1421 27629
1422 27660
1423 27661
1424 27662
1425 27667
1426 27752
1427 27753
1428 27754
1429 27779
1430 27780
1431 27781
1432 27784
1433 27793
1434 27854
1435 27859
1436 27884
1437 27885
1438 27886
1439 27888
1440 27917
1441 27922
1442 27923
1443 27924
1444 28007
1445 28009
1446 28036
1447 28039
1448 28040
1449 28041
1450 28141
1451 28143
1452 28144
1453 28145
1454 28179
1455 28218
1456 28262
1457 28263
1458 28264
1459 28296
1460 28386
1461 28400
1462 28429
1463 28437
1464 28473
1465 28474
1466 28475
1467 28506
1468 28511
1469 28518
1470 28519
1471 28641
1472 28642
1473 28643
1474 28684
1475 28685
1476 28686
1477 28692
1478 28693
1479 28694
1480 28730
1481 28761
1482 28762
1483 28763
1484 28766
1485 28767
1486 28768
1487 28773
1488 28774
1489 28775
1490 28898
1491 28899
1492 28911
1493 28932
1494 28941
1495 28949
1496 29018
1497 29023
1498 29030
1499 29154
1500 29155
1501 29156
1502 29166
1503 29167
1504 29168
1505 29187
1506 29188
1507 29189
1508 29209
1509 29219
1510 29285
1511 29342
1512 29375
1513 29401
1514 29411
1515 29423
1516 29444
1517 29464
1518 29465
1519 29466
1520 29472
1521 29474
1522 29475
1523 29476
1524 29540
1525 29541
1526 29542
1527 29597
1528 29598
1529 29599
1530 29619
1531 29630
1532 29631
1533 29632
1534 29656
1535 29657
1536 29658
1537 29721
1538 29727
1539 29728
1540 29729
1541 29731
1542 29797
1543 29854
1544 29874
1545 29875
1546 29876
1547 29887
1548 29891
1549 29913
1550 29984
1551 30000
1552 30024
1553 30131
1554 30146
1555 30147
1556 30148
1557 30255
1558 30256
1559 30257
1560 30279
1561 30280
1562 30281
1563 30359
1564 30403
1565 30512
1566 30536
1567 30539
1568 30612
1569 30614
1570 30615
1571 30616
1572 30668
1573 30686
1574 30721
1575 30772
1576 30794
1577 30795
1578 30796
1579 30867
1580 30868
1581 30869
1582 30871
1583 30918
1584 30923
1585 30924
1586 30925
1587 30941
1588 30942
1589 30943
1590 30976
1591 30977
1592 30978
1593 31008
1594 31027
1595 31028
1596 31029
1597 31051
1598 31124
1599 31173
1600 31174
1601 31175
1602 31176
1603 31180
1604 31198
1605 31233
1606 31263
1607 31264
1608 31265
1609 31281
1610 31284
1611 31430
1612 31431
1613 31432
1614 31433
1615 31520
1616 31536
1617 31537
1618 31538
1619 31562
1620 31688
1621 31712
1622 31793
1623 31817
1624 31818
1625 31819
1626 31967
1627 31968
1628 31969
1629 32054
1630 32074
1631 32075
1632 32076
1633 32224
1634 32302
1635 32309
1636 32310
1637 32311
1638 32331
1639 32435
1640 32557
1641 32558
1642 32559
1643 32566
1644 32636
1645 32648
1646 32690
1647 32691
1648 32692
1649 32814
1650 32874
1651 32891
1652 32892
1653 32893
1654 32903
1655 32904
1656 32905
1657 32947
1658 32959
1659 33129
1660 33130
1661 33131
1662 33148
1663 33159
1664 33160
1665 33161
1666 33214
1667 33215
1668 33216
1669 33218
1670 33386
1671 33416
1672 33471
1673 33473
1674 33474
1675 33475
1676 33572
1677 33685
1678 33704
1679 33730
1680 33827
1681 33828
1682 33829
1683 33844
1684 33883
1685 33921
1686 33940
1687 33941
1688 33942
1689 33959
1690 33960
1691 33961
1692 33996
1693 34078
1694 34084
1695 34099
1696 34100
1697 34101
1698 34138
1699 34139
1700 34140
1701 34176
1702 34177
1703 34178
1704 34197
1705 34212
1706 34216
1707 34251
1708 34252
1709 34253
1710 34333
1711 34334
1712 34335
1713 34356
1714 34395
1715 34405
1716 34431
1717 34433
1718 34465
1719 34467
1720 34468
1721 34469
1722 34474
1723 34487
1724 34506
1725 34508
1726 34590
1727 34660
1728 34661
1729 34662
1730 34681
1731 34686
1732 34687
1733 34688
1734 34720
1735 34721
1736 34722
1737 34724
1738 34729
1739 34730
1740 34731
1741 34742
1742 34743
1743 34744
1744 34761
1745 34762
1746 34763
1747 34873
1748 34917
1749 34936
1750 34937
1751 34938
1752 34943
1753 34977
1754 34986
1755 34999
1756 35016
1757 35017
1758 35018
1759 35024
1760 35128
1761 35129
1762 35130
1763 35193
1764 35224
1765 35273
1766 35279
1767 35280
1768 35281
1769 35385
1770 35479
1771 35480
1772 35481
1773 35536
1774 35736
1775 35738
1776 35970
1777 35993
1778 35994
1779 35995
1780 36003
1781 36019
1782 36074
1783 36130
1784 36174
1785 36225
1786 36226
1787 36227
1788 36250
1789 36258
1790 36259
1791 36260
1792 36263
1793 36271
1794 36274
1795 36275
1796 36276
1797 36320
1798 36329
1799 36330
1800 36331
1801 36342
1802 36385
1803 36386
1804 36387
1805 36412
1806 36429
1807 36430
1808 36431
1809 36482
1810 36515
1811 36516
1812 36518
1813 36519
1814 36520
1815 36526
1816 36527
1817 36528
1818 36531
1819 36575
1820 36576
1821 36577
1822 36586
1823 36597
1824 36598
1825 36599
1826 36642
1827 36667
1828 36668
1829 36669
1830 36686
1831 36771
1832 36772
1833 36773
1834 36775
1835 36783
1836 36819
1837 36832
1838 36854
1839 36861
1840 36924
1841 37028
1842 37074
1843 37075
1844 37076
1845 37116
1846 37117
1847 37118
1848 37120
1849 37124
1850 37259
1851 37331
1852 37340
1853 37342
1854 37373
1855 37376
1856 37377
1857 37379
1858 37380
1859 37381
1860 37394
1861 37451
1862 37514
1863 37515
1864 37516
1865 37595
1866 37596
1867 37597
1868 37598
1869 37599
1870 37631
1871 37632
1872 37636
1873 37641
1874 37649
1875 37650
1876 37651
1877 37706
1878 37707
1879 37708
1880 37734
1881 37753
1882 37756
1883 37771
1884 37852
1885 37854
1886 37887
1887 37888
1888 37896
1889 37897
1890 37898
1891 37906
1892 37937
1893 37963
1894 37972
1895 37989
1896 37990
1897 37991
1898 38008
1899 38009
1900 38010
1901 38011
1902 38012
1903 38013
1904 38078
1905 38142
1906 38143
1907 38153
1908 38155
1909 38192
1910 38193
1911 38194
1912 38227
1913 38228
1914 38229
1915 38242
1916 38245
1917 38246
1918 38247
1919 38265
1920 38268
1921 38271
1922 38277
1923 38331
1924 38333
1925 38334
1926 38335
1927 38399
1928 38410
1929 38411
1930 38412
1931 38449
1932 38484
1933 38497
1934 38498
1935 38499
1936 38502
1937 38526
1938 38527
1939 38528
1940 38532
1941 38533
1942 38534
1943 38565
1944 38586
1945 38587
1946 38588
1947 38590
1948 38620
1949 38667
1950 38754
1951 38783
1952 38789
1953 38820
1954 38821
1955 38822
1956 38843
1957 38857
1958 38863
1959 38875
1960 38876
1961 38877
1962 38922
1963 38923
1964 38924
1965 39014
1966 39034
1967 39063
1968 39077
1969 39112
1970 39113
1971 39114
1972 39118
1973 39119
1974 39120
1975 39132
1976 39171
1977 39179
1978 39232
1979 39239
1980 39269
1981 39270
1982 39271
1983 39289
1984 39290
1985 39291
1986 39318
1987 39319
1988 39320
1989 39369
1990 39375
1991 39426
1992 39427
1993 39428
1994 39487
1995 39488
1996 39489
1997 39494
1998 39495
1999 39496
2000 39526
2001 39546
2002 39575
2003 39583
2004 39683
2005 39743
2006 39744
2007 39745
2008 39751
2009 39838
2010 39839
2011 39840
2012 39868
2013 39883
2014 39951
2015 39995
2016 40000
2017 40061
2018 40090
2019 40095
2020 40123
2021 40124
2022 40125
2023 40138
2024 40139
2025 40140
2026 40173
2027 40176
2028 40206
2029 40207
2030 40208
2031 40250
2032 40251
2033 40252
2034 40281
2035 40316
2036 40317
2037 40318
2038 40345
2039 40346
2040 40347
2041 40354
2042 40380
2043 40392
2044 40395
2045 40428
2046 40429
2047 40430
2048 40431
2049 40432
2050 40433
2051 40463
2052 40507
2053 40536
2054 40537
2055 40538
2056 40548
2057 40573
2058 40602
2059 40609
2060 40610
2061 40611
2062 40647
2063 40648
2064 40649
2065 40685
2066 40688
2067 40709
2068 40780
2069 40793
2070 40803
2071 40804
2072 40805
2073 40866
2074 40880
2075 40904
2076 40964
2077 40965
2078 40966
2079 41035
2080 41036
2081 41037
2082 41060
2083 41135
2084 41136
2085 41137
2086 41171
2087 41219
2088 41221
2089 41292
2090 41330
2091 41353
2092 41392
2093 41426
2094 41427
2095 41428
2096 41474
2097 41475
2098 41476
2099 41518
2100 41569
2101 41585
2102 41586
2103 41587
2104 41591
2105 41608
2106 41609
2107 41610
2108 41683
2109 41692
2110 41731
2111 41773
2112 41774
2113 41775
2114 41824
2115 41825
2116 41826
2117 41842
2118 41846
2119 41847
2120 41848
2121 41865
2122 41947
2123 41948
2124 41949
2125 41991
2126 42030
2127 42039
2128 42081
2129 42098
2130 42103
2131 42204
2132 42215
2133 42246
2134 42247
2135 42248
2136 42294
2137 42295
2138 42296
2139 42353
2140 42354
2141 42355
2142 42470
2143 42471
2144 42472
2145 42503
2146 42528
2147 42551
2148 42584
2149 42610
2150 42694
2151 42727
2152 42736
2153 42783
2154 42784
2155 42785
2156 42832
2157 42839
2158 42840
2159 42841
2160 42843
2161 42949
2162 42950
2163 42951
2164 42971
2165 42991
2166 42992
2167 42993
2168 42998
2169 43040
2170 43087
2171 43088
2172 43089
2173 43096
2174 43098
2175 43099
2176 43100
2177 43133
2178 43142
2179 43151
2180 43163
2181 43206
2182 43226
2183 43227
2184 43228
2185 43248
2186 43253
2187 43254
2188 43255
2189 43344
2190 43355
2191 43388
2192 43389
2193 43390
2194 43397
2195 43398
2196 43399
2197 43406
2198 43407
2199 43408
2200 43418
2201 43419
2202 43420
2203 43483
2204 43509
2205 43510
2206 43586
2207 43645
2208 43654
2209 43663
2210 43675
2211 43764
2212 43765
2213 43766
2214 43840
2215 43841
2216 43842
2217 43843
2218 43987
2219 44021
2220 44038
2221 44095
2222 44096
2223 44097
2224 44098
2225 44211
2226 44219
2227 44242
2228 44243
2229 44244
2230 44293
2231 44294
2232 44295
2233 44352
2234 44466
2235 44467
2236 44468
2237 44474
2238 44475
2239 44476
2240 44499
2241 44550
2242 44554
2243 44583
2244 44723
2245 44728
2246 44731
2247 44809
2248 44810
2249 44811
2250 44831
2251 44838
2252 44839
2253 44840
2254 44873
2255 44983
2256 44984
2257 44985
2258 45066
2259 45086
2260 45087
2261 45088
2262 45095
2263 45128
2264 45129
2265 45130
2266 45240
2267 45343
2268 45385
2269 45461
2270 45470
2271 45478
2272 45494
2273 45604
2274 45689
2275 45714
2276 45716
2277 45717
2278 45718
2279 45725
2280 45726
2281 45727
2282 45732
2283 45733
2284 45734
2285 45735
2286 45749
2287 45750
2288 45751
2289 45859
2290 45860
2291 45861
2292 45944
2293 45945
2294 45946
2295 45969
2296 45970
2297 45971
2298 45973
2299 45982
2300 45987
2301 45988
2302 45989
2303 45990
2304 46006
2305 46102
2306 46116
2307 46193
2308 46201
2309 46226
2310 46244
2311 46253
2312 46357
2313 46358
2314 46359
2315 46418
2316 46448
2317 46449
2318 46450
2319 46460
2320 46508
2321 46509
2322 46510
2323 46614
2324 46635
2325 46646
2326 46654
2327 46673
2328 46674
2329 46675
2330 46705
2331 46715
2332 46716
2333 46717
2334 46761
2335 46765
2336 46866
2337 46869
2338 46885
2339 46887
2340 46890
2341 46891
2342 46892
2343 46901
2344 46902
2345 46903
2346 46906
2347 46909
2348 46910
2349 46911
2350 46930
2351 46972
2352 47016
2353 47017
2354 47018
2355 47121
2356 47122
2357 47123
2358 47124
2359 47125
2360 47126
2361 47140
2362 47141
2363 47142
2364 47143
2365 47144
2366 47147
2367 47158
2368 47161
2369 47162
2370 47163
2371 47166
2372 47273
2373 47326
2374 47360
2375 47378
2376 47381
2377 47395
2378 47396
2379 47397
2380 47399
2381 47418
2382 47581
2383 47582
2384 47583
2385 47596
2386 47616
2387 47617
2388 47650
2389 47651
2390 47652
2391 47676
2392 47693
2393 47838
2394 47844
2395 47851
2396 47852
2397 47853
2398 47871
2399 47872
2400 47894
2401 47907
2402 47931
2403 47932
2404 47933
2405 47948
2406 47949
2407 47950
2408 47986
2409 48081
2410 48099
2411 48100
2412 48101
2413 48108
2414 48149
2415 48150
2416 48151
2417 48188
2418 48205
2419 48241
2420 48242
2421 48243
2422 48279
2423 48316
2424 48336
2425 48337
2426 48338
2427 48356
2428 48406
2429 48417
2430 48498
2431 48534
2432 48535
2433 48536
2434 48552
2435 48566
2436 48571
2437 48572
2438 48573
2439 48593
2440 48634
2441 48645
2442 48672
2443 48673
2444 48674
2445 48711
2446 48791
2447 48807
2448 48808
2449 48809
2450 48821
2451 48822
2452 48823
2453 48828
2454 48889
2455 48890
2456 48891
2457 48900
2458 48901
2459 48902
2460 48929
2461 48966
2462 48967
2463 48968
2464 48978
2465 49064
2466 49078
2467 49146
2468 49157
2469 49223
2470 49233
2471 49234
2472 49235
2473 49302
2474 49356
2475 49380
2476 49412
2477 49413
2478 49414
2479 49490
2480 49509
2481 49557
2482 49558
2483 49559
2484 49611
2485 49612
2486 49613
2487 49635
2488 49636
2489 49637
2490 49661
2491 49669
2492 49764
2493 49765
2494 49766
2495 49790
2496 49814
2497 49843
2498 49868
2499 49879
2500 49892
2501 49916
2502 49917
2503 49918
2504 49957
2505 50021
2506 50025
2507 50045
2508 50046
2509 50047
2510 50054
2511 50070
2512 50098
2513 50099
2514 50100
2515 50124
2516 50134
2517 50135
2518 50136
2519 50173
2520 50212
2521 50213
2522 50214
2523 50280
2524 50281
2525 50282
2526 50302
2527 50309
2528 50310
2529 50311
2530 50325
2531 50326
2532 50327
2533 50329
2534 50355
2535 50379
2536 50380
2537 50381
2538 50391
2539 50425
2540 50453
2541 50461
2542 50469
2543 50537
2544 50566
2545 50582
2546 50584
2547 50585
2548 50586
2549 50636
2550 50645
2551 50680
2552 50681
2553 50682
2554 50708
2555 50709
2556 50710
2557 50716
2558 50717
2559 50718
2560 50841
2561 50862
2562 50900
2563 50901
2564 50902
2565 50931
2566 50937
2567 50965
2568 50973
2569 51006
2570 51013
2571 51117
2572 51118
2573 51119
2574 51146
2575 51157
2576 51186
2577 51187
2578 51188
2579 51261
2580 51262
2581 51263
2582 51268
2583 51269
2584 51270
2585 51374
2586 51401
2587 51402
2588 51403
2589 51443
2590 51518
2591 51525
2592 51649
2593 51658
2594 51768
2595 51773
2596 51774
2597 51775
2598 51904
2599 51905
2600 51906
2601 52005
2602 52023
2603 52024
2604 52025
2605 52030
2606 52092
2607 52161
2608 52193
2609 52199
2610 52260
2611 52261
2612 52262
2613 52280
2614 52347
2615 52348
2616 52349
2617 52385
2618 52414
2619 52448
2620 52449
2621 52450
2622 52454
2623 52455
2624 52456
2625 52477
2626 52517
2627 52557
2628 52604
2629 52640
2630 52641
2631 52642
2632 52669
2633 52670
2634 52671
2635 52705
2636 52711
2637 52732
2638 52733
2639 52734
2640 52812
2641 52813
2642 52814
2643 52897
2644 52904
2645 52926
2646 52989
2647 53016
2648 53069
2649 53159
2650 53160
2651 53161
2652 53223
2653 53233
2654 53271
2655 53272
2656 53273
2657 53416
2658 53478
2659 53479
2660 53480
2661 53488
2662 53489
2663 53490
2664 53528
2665 53539
2666 53735
2667 53745
2668 53794
2669 53795
2670 53796
2671 53917
2672 53964
2673 54043
2674 54051
2675 54172
2676 54173
2677 54174
2678 54219
2679 54220
2680 54221
2681 54259
2682 54292
2683 54298
2684 54299
2685 54300
2686 54341
2687 54429
2688 54476
2689 54485
2690 54514
2691 54515
2692 54516
2693 54547
2694 54548
2695 54549
2696 54555
2697 54582
2698 54590
2699 54596
2700 54597
2701 54598
2702 54715
2703 54740
2704 54741
2705 54742
2706 54771
2707 54803
2708 54804
2709 54809
2710 54837
2711 54838
2712 54839
2713 54845
2714 54846
2715 54847
2716 54853
2717 54888
2718 54936
2719 54970
2720 54971
2721 54972
2722 54997
2723 55032
2724 55058
2725 55059
2726 55060
2727 55064
2728 55065
2729 55066
2730 55094
2731 55102
2732 55143
2733 55144
2734 55145
2735 55165
2736 55191
2737 55192
2738 55193
2739 55227
2740 55228
2741 55229
2742 55277
2743 55287
2744 55288
2745 55289
2746 55315
2747 55321
2748 55400
2749 55420
2750 55421
2751 55422
2752 55448
2753 55484
2754 55532
2755 55533
2756 55534
2757 55544
2758 55677
2759 55680
2760 55789
2761 55935
2762 55936
2763 55937
2764 55993
2765 56172
2766 56192
2767 56248
2768 56249
2769 56250
2770 56427
2771 56428
2772 56429
2773 56445
2774 56501
2775 56505
2776 56616
2777 56684
2778 56700
2779 56701
2780 56702
2781 56756
2782 56757
2783 56758
2784 56871
2785 56872
2786 56873
2787 56914
2788 56957
2789 57013
2790 57096
2791 57128
2792 57160
2793 57169
2794 57170
2795 57171
2796 57191
2797 57351
2798 57352
2799 57353
2800 57410
2801 57415
2802 57416
2803 57417
2804 57426
2805 57446
2806 57447
2807 57448
2808 57495
2809 57541
2810 57608
2811 57625
2812 57665
2813 57666
2814 57667
2815 57672
2816 57703
2817 57750
2818 57751
2819 57752
2820 57767
2821 57796
2822 57797
2823 57798
2824 57820
2825 57880
2826 57881
2827 57882
2828 57893
2829 57898
2830 57922
2831 58007
2832 58022
2833 58023
2834 58024
2835 58053
2836 58075
2837 58076
2838 58077
2839 58137
2840 58148
2841 58149
2842 58150
2843 58153
2844 58154
2845 58155
2846 58185
2847 58279
2848 58332
2849 58391
2850 58403
2851 58404
2852 58405
2853 58410
2854 58440
2855 58441
2856 58442
2857 58572
2858 58609
2859 58646
2860 58647
2861 58648
2862 58660
2863 58697
2864 58709
2865 58827
2866 58828
2867 58829
2868 58864
2869 58865
2870 58866
2871 58872
2872 58882
2873 58903
2874 58923
2875 58964
2876 58965
2877 58966
2878 58989
2879 59084
2880 59091
2881 59121
2882 59127
2883 59128
2884 59129
2885 59137
2886 59138
2887 59139
2888 59178
2889 59179
2890 59180
2891 59189
2892 59221
2893 59244
2894 59245
2895 59246
2896 59333
2897 59345
2898 59346
2899 59347
2900 59348
2901 59384
2902 59394
2903 59435
2904 59444
2905 59445
2906 59446
2907 59454
2908 59501
2909 59518
2910 59588
2911 59589
2912 59590
2913 59600
2914 59601
2915 59602
2916 59603
2917 59676
2918 59686
2919 59701
2920 59709
2921 59710
2922 59711
2923 59773
2924 59774
2925 59775
2926 59808
2927 59845
2928 59857
2929 59931
2930 59932
2931 59933
2932 59941
2933 59942
2934 59943
2935 59966
2936 60030
2937 60063
2938 60064
2939 60065
2940 60092
2941 60188
2942 60198
2943 60222
2944 60253
2945 60313
2946 60320
2947 60322
2948 60347
2949 60348
2950 60349
2951 60477
2952 60478
2953 60479
2954 60508
2955 60509
2956 60510
2957 60568
2958 60569
2959 60570
2960 60577
2961 60578
2962 60579
2963 60600
2964 60604
2965 60625
2966 60627
2967 60711
2968 60734
2969 60765
2970 60825
2971 60834
2972 60855
2973 60856
2974 60857
2975 60880
2976 60881
2977 60882
2978 60883
2979 60884
2980 60912
2981 60915
2982 60916
2983 60956
2984 60966
2985 60967
2986 60968
2987 61074
2988 61112
2989 61129
2990 61137
2991 61139
2992 61167
2993 61168
2994 61169
2995 61170
2996 61171
2997 61172
2998 61173
2999 61211
3000 61212
3001 61213
3002 61223
3003 61224
3004 61225
3005 61261
3006 61329
3007 61330
3008 61331
3009 61340
3010 61348
3011 61382
3012 61384
3013 61385
3014 61386
3015 61424
3016 61427
3017 61428
3018 61468
3019 61480
3020 61488
3021 61516
3022 61517
3023 61518
3024 61530
3025 61586
3026 61595
3027 61596
3028 61597
3029 61603
3030 61604
3031 61605
3032 61627
3033 61637
3034 61638
3035 61639
3036 61641
3037 61688
3038 61743
3039 61744
3040 61745
3041 61773
3042 61785
3043 61786
3044 61787
3045 61852
3046 61853
3047 61854
3048 61860
3049 61882
3050 61883
3051 61884
3052 61894
3053 61943
3054 61944
3055 61945
3056 61965
3057 62000
3058 62023
3059 62042
3060 62109
3061 62139
3062 62200
3063 62220
3064 62221
3065 62222
3066 62226
3067 62254
3068 62278
3069 62279
3070 62280
3071 62463
3072 62464
3073 62477
3074 62481
3075 62482
3076 62483
3077 62492
3078 62509
3079 62510
3080 62511
3081 62533
3082 62534
3083 62535
3084 62698
3085 62718
3086 62719
3087 62738
3088 62747
3089 62748
3090 62749
3091 62766
3092 62790
3093 62815
3094 62819
3095 62868
3096 62887
3097 62953
3098 62954
3099 62955
3100 62975
3101 62978
3102 63004
3103 63070
3104 63071
3105 63072
3106 63074
3107 63075
3108 63076
3109 63116
3110 63123
3111 63124
3112 63125
3113 63142
3114 63143
3115 63144
3116 63179
3117 63210
3118 63233
3119 63234
3120 63235
3121 63327
3122 63331
3123 63371
3124 63372
3125 63373
3126 63380
3127 63399
3128 63434
3129 63435
3130 63436
3131 63488
3132 63490
3133 63540
3134 63628
3135 63691
3136 63744
3137 63745
3138 63795
3139 63796
3140 63797
3141 63860
3142 63940
3143 63999
3144 64000
3145 64052
3146 64115
3147 64116
3148 64117
3149 64195
3150 64196
3151 64197
3152 64248
3153 64372
3154 64452
3155 64503
3156 64504
3157 64505
3158 64708
3159 64712
3160 64760
3161 64810
3162 64817
3163 64858
3164 64861
3165 64901
3166 64906
3167 64939
3168 64963
3169 64964
3170 64965
3171 64967
3172 64968
3173 64969
3174 65065
3175 65066
3176 65067
3177 65072
3178 65073
3179 65074
3180 65113
3181 65114
3182 65115
3183 65116
3184 65117
3185 65118
3186 65156
3187 65157
3188 65158
3189 65161
3190 65162
3191 65163
3192 65194
3193 65195
3194 65196
3195 65220
3196 65222
3197 65223
3198 65224
3199 65258
3200 65285
3201 65322
3202 65329
3203 65370
3204 65373
3205 65413
3206 65418
3207 65429
3208 65451
3209 65479
3210 65513
3211 65514
3212 65515
