0 0
1 1
2 2
3 3
4 4
5 5
6 6
7 7
8 8
9 9
10 10
11 11
12 12
13 13
14 14
15 15
16 16
17 17
18 18
19 19
20 20
21 21
22 22
23 23
24 24
25 25
26 26
27 27
28 28
29 30
30 31
31 32
32 33
33 34
34 35
35 36
36 37
37 38
38 39
39 40
40 41
41 43
42 44
43 45
44 46
45 47
46 48
47 49
48 50
49 51
50 52
51 53
52 54
53 55
54 56
55 57
56 58
57 59
58 60
59 61
60 62
61 63
62 64
63 65
64 66
65 67
66 68
67 69
68 70
69 71
70 72
71 73
72 74
73 75
74 76
75 77
76 78
77 80
78 81
79 82
80 83
81 84
82 85
83 86
84 87
85 88
86 89
87 90
88 91
89 92
90 93
91 96
92 97
93 98
94 99
95 100
96 101
97 102
98 103
99 104
100 107
101 108
102 109
103 110
104 111
105 112
106 113
107 114
108 115
109 116
110 117
111 118
112 119
113 120
114 121
115 122
116 123
117 124
118 125
119 126
120 127
121 128
122 129
123 130
124 131
125 132
126 133
127 134
128 135
129 136
130 137
131 138
132 139
133 140
134 141
135 142
136 143
137 144
138 145
139 146
140 147
141 148
142 149
143 150
144 151
145 152
146 153
147 154
148 155
149 156
150 157
151 158
152 160
153 161
154 162
155 163
156 164
157 165
158 166
159 167
160 168
161 171
162 172
163 173
164 174
165 175
166 176
167 177
168 178
169 179
170 180
171 181
172 182
173 183
174 184
175 185
176 186
177 187
178 188
179 189
180 190
181 191
182 192
183 193
184 194
185 195
186 196
187 197
188 198
189 199
190 200
191 201
192 202
193 203
194 204
195 205
196 206
197 207
198 208
199 209
200 210
201 211
202 212
203 213
204 214
205 215
206 216
207 217
208 218
209 219
210 220
211 221
212 222
213 223
214 224
215 225
216 226
217 227
218 228
219 229
220 230
221 231
222 232
223 233
224 234
225 235
226 236
227 237
228 238
229 239
230 240
231 241
232 242
233 243
234 244
235 245
236 246
237 247
238 248
239 251
240 252
241 253
242 254
243 255
244 256
245 257
246 258
247 259
248 260
249 261
250 262
251 263
252 264
253 265
254 266
255 267
256 268
257 269
258 270
259 271
260 272
261 273
262 274
263 275
264 276
265 277
266 278
267 279
268 280
269 281
270 282
271 283
272 284
273 285
274 286
275 287
276 288
277 289
278 290
279 291
280 292
281 293
282 294
283 295
284 296
285 297
286 298
287 299
288 300
289 301
290 302
291 303
292 304
293 305
294 306
295 307
296 308
297 309
298 310
299 311
300 312
301 314
302 315
303 316
304 317
305 318
306 319
307 320
308 321
309 322
310 323
311 324
312 325
313 326
314 327
315 328
316 329
317 330
318 331
319 332
320 333
321 334
322 335
323 336
324 337
325 338
326 339
327 340
328 341
329 342
330 343
331 345
332 346
333 347
334 348
335 349
336 350
337 351
338 352
339 353
340 354
341 355
342 356
343 357
344 358
345 359
346 360
347 361
348 362
349 363
350 364
351 365
352 366
353 367
354 368
355 369
356 370
357 371
358 372
359 373
360 374
361 375
362 376
363 377
364 378
365 379
366 380
367 381
368 382
369 383
370 384
371 385
372 386
373 387
374 388
375 389
376 390
377 391
378 392
379 393
380 394
381 395
382 396
383 397
384 398
385 399
386 400
387 401
388 402
389 403
390 404
391 405
392 406
393 407
394 408
395 409
396 410
397 411
398 412
399 413
400 414
401 415
402 416
403 417
404 418
405 419
406 420
407 421
408 422
409 423
410 424
411 425
412 426
413 427
414 428
415 429
416 430
417 431
418 432
419 433
420 434
421 435
422 436
423 437
424 438
425 439
426 440
427 441
428 442
429 443
430 444
431 445
432 446
433 447
434 448
435 449
436 450
437 451
438 452
439 453
440 454
441 455
442 456
443 457
444 458
445 459
446 460
447 461
448 462
449 463
450 464
451 465
452 466
453 467
454 468
455 469
456 470
457 471
458 472
459 473
460 474
461 475
462 476
463 477
464 478
465 479
466 480
467 481
468 482
469 483
470 484
471 485
472 486
473 487
474 488
475 490
476 491
477 492
478 493
479 494
480 495
481 496
482 497
483 498
484 499
485 500
486 501
487 502
488 503
489 504
490 505
491 506
492 508
493 509
494 510
495 511
496 512
497 513
498 514
499 515
500 516
501 517
502 518
503 519
504 520
505 521
506 522
507 523
508 524
509 525
510 526
511 527
512 528
513 529
514 530
515 531
516 533
517 534
518 535
519 536
520 537
521 538
522 540
523 541
524 542
525 543
526 544
527 545
528 546
529 547
530 548
531 549
532 550
533 551
534 552
535 553
536 554
537 555
538 556
539 557
540 558
541 559
542 560
543 561
544 562
545 563
546 564
547 565
548 566
549 567
550 568
551 569
552 570
553 571
554 572
555 573
556 574
557 576
558 577
559 578
560 579
561 580
562 581
563 582
564 583
565 584
566 585
567 586
568 587
569 588
570 589
571 590
572 591
573 592
574 593
575 594
576 595
577 596
578 597
579 598
580 599
581 600
582 601
583 603
584 604
585 605
586 606
587 607
588 608
589 609
590 610
591 611
592 612
593 613
594 614
595 615
596 616
597 617
598 618
599 619
600 620
601 621
602 622
603 623
604 624
605 625
606 626
607 627
608 628
609 629
610 630
611 631
612 632
613 633
614 634
615 635
616 636
617 637
618 638
619 639
620 640
621 641
622 642
623 643
624 644
625 645
626 646
627 647
628 648
629 649
630 650
631 651
632 652
633 653
634 654
635 655
636 656
637 657
638 658
639 659
640 660
641 661
642 663
643 664
644 665
645 667
646 668
647 669
648 670
649 671
650 672
651 673
652 674
653 675
654 676
655 677
656 678
657 679
658 680
659 681
660 682
661 683
662 684
663 685
664 686
665 687
666 688
667 689
668 690
669 691
670 692
671 693
672 694
673 695
674 696
675 697
676 698
677 699
678 700
679 701
680 702
681 703
682 706
683 707
684 708
685 709
686 710
687 711
688 712
689 713
690 714
691 715
692 716
693 717
694 718
695 719
696 720
697 721
698 722
699 723
700 724
701 725
702 726
703 727
704 728
705 729
706 730
707 731
708 732
709 733
710 734
711 735
712 736
713 737
714 738
715 739
716 740
717 741
718 742
719 743
720 744
721 745
722 746
723 747
724 748
725 749
726 750
727 751
728 752
729 753
730 754
731 755
732 756
733 757
734 758
735 759
736 760
737 761
738 762
739 763
740 764
741 765
742 767
743 768
744 769
745 770
746 771
747 772
748 773
749 774
750 775
751 776
752 777
753 778
754 779
755 780
756 781
757 782
758 783
759 784
760 785
761 786
762 787
763 788
764 789
765 790
766 791
767 792
768 793
769 794
770 795
771 796
772 797
773 798
774 799
775 800
776 801
777 802
778 803
779 804
780 805
781 806
782 807
783 808
784 809
785 810
786 811
787 812
788 813
789 814
790 815
791 816
792 817
793 818
794 819
795 820
796 821
797 823
798 824
799 825
800 826
801 827
802 828
803 829
804 830
805 831
806 832
807 833
808 834
809 835
810 836
811 837
812 838
813 839
814 840
815 841
816 842
817 843
818 844
819 845
820 847
821 848
822 850
823 853
824 854
825 855
826 856
827 857
828 858
829 859
830 860
831 861
832 862
833 863
834 864
835 865
836 866
837 867
838 868
839 869
840 870
841 871
842 872
843 873
844 874
845 875
846 876
847 877
848 878
849 879
850 880
851 881
852 882
853 883
854 884
855 885
856 886
857 887
858 888
859 889
860 890
861 891
862 892
863 894
864 895
865 896
866 897
867 898
868 899
869 900
870 901
871 902
872 904
873 905
874 906
875 907
876 908
877 910
878 911
879 912
880 913
881 914
882 915
883 916
884 917
885 918
886 919
887 920
888 921
889 922
890 923
891 924
892 925
893 926
894 927
895 928
896 929
897 930
898 931
899 932
900 933
901 934
902 935
903 936
904 937
905 938
906 939
907 940
908 941
909 942
910 943
911 944
912 945
913 946
914 947
915 948
916 949
917 950
918 951
919 952
920 953
921 955
922 956
923 957
924 958
925 959
926 960
927 961
928 962
929 963
930 964
931 965
932 966
933 967
934 968
935 969
936 970
937 971
938 972
939 973
940 974
941 975
942 976
943 977
944 978
945 979
946 980
947 981
948 982
949 983
950 984
951 985
952 986
953 987
954 988
955 989
956 990
957 991
958 992
959 993
960 994
961 995
962 996
963 997
964 998
965 999
966 1000
967 1001
968 1002
969 1003
970 1004
971 1005
972 1006
973 1008
974 1009
975 1010
976 1011
977 1012
978 1013
979 1014
980 1015
981 1016
982 1017
983 1018
984 1019
985 1020
986 1021
987 1022
988 1023
989 1024
990 1025
991 1026
992 1027
993 1028
994 1029
995 1030
996 1031
997 1032
998 1033
999 1034
1000 1035
1001 1036
1002 1037
1003 1038
1004 1039
1005 1040
1006 1041
1007 1042
1008 1043
1009 1044
1010 1045
1011 1046
1012 1047
1013 1048
1014 1049
1015 1052
1016 1053
1017 1054
1018 1055
1019 1056
1020 1057
1021 1058
1022 1059
1023 1060
1024 1061
1025 1062
1026 1063
1027 1064
1028 1065
1029 1066
1030 1067
1031 1068
1032 1069
1033 1070
1034 1071
1035 1072
1036 1073
1037 1074
1038 1076
1039 1077
1040 1078
1041 1079
1042 1080
1043 1081
1044 1082
1045 1083
1046 1084
1047 1085
1048 1086
1049 1087
1050 1088
1051 1089
1052 1090
1053 1091
1054 1092
1055 1093
1056 1094
1057 1095
1058 1096
1059 1097
1060 1098
1061 1099
1062 1100
1063 1101
1064 1102
1065 1103
1066 1104
1067 1105
1068 1106
1069 1107
1070 1108
1071 1109
1072 1110
1073 1111
1074 1112
1075 1113
1076 1114
1077 1115
1078 1116
1079 1117
1080 1118
1081 1119
1082 1120
1083 1121
1084 1122
1085 1123
1086 1124
1087 1125
1088 1126
1089 1127
1090 1128
1091 1129
1092 1130
1093 1131
1094 1132
1095 1133
1096 1134
1097 1135
1098 1136
1099 1137
1100 1138
1101 1139
1102 1140
1103 1141
1104 1142
1105 1143
1106 1144
1107 1145
1108 1146
1109 1147
1110 1148
1111 1149
1112 1150
1113 1151
1114 1152
1115 1153
1116 1154
1117 1155
1118 1156
1119 1157
1120 1158
1121 1159
1122 1160
1123 1161
1124 1162
1125 1163
1126 1164
1127 1166
1128 1167
1129 1168
1130 1169
1131 1170
1132 1171
1133 1172
1134 1173
1135 1174
1136 1175
1137 1176
1138 1177
1139 1178
1140 1179
1141 1180
1142 1181
1143 1182
1144 1183
1145 1184
1146 1185
1147 1186
1148 1187
1149 1188
1150 1189
1151 1190
1152 1191
1153 1192
1154 1193
1155 1194
1156 1195
1157 1196
1158 1197
1159 1198
1160 1199
1161 1200
1162 1201
1163 1202
1164 1203
1165 1204
1166 1205
1167 1206
1168 1207
1169 1209
1170 1211
1171 1212
1172 1213
1173 1214
1174 1215
1175 1216
1176 1217
1177 1218
1178 1219
1179 1220
1180 1221
1181 1222
1182 1223
1183 1224
1184 1225
1185 1226
1186 1227
1187 1228
1188 1229
1189 1230
1190 1231
1191 1232
1192 1233
1193 1234
1194 1235
1195 1236
1196 1237
1197 1238
1198 1240
1199 1241
1200 1242
1201 1243
1202 1244
1203 1245
1204 1246
1205 1247
1206 1248
1207 1249
1208 1250
1209 1251
1210 1252
1211 1253
1212 1254
1213 1255
1214 1256
1215 1257
1216 1258
1217 1259
1218 1260
1219 1261
1220 1262
1221 1263
1222 1264
1223 1265
1224 1266
1225 1267
1226 1268
1227 1269
1228 1270
1229 1271
1230 1273
1231 1274
1232 1275
1233 1276
1234 1277
1235 1278
1236 1279
1237 1280
1238 1281
1239 1282
1240 1283
1241 1284
1242 1285
1243 1286
1244 1287
1245 1288
1246 1289
1247 1290
1248 1291
1249 1292
1250 1293
1251 1294
1252 1295
1253 1296
1254 1297
1255 1298
1256 1299
1257 1300
1258 1301
1259 1303
1260 1304
1261 1305
1262 1306
1263 1307
1264 1308
1265 1309
1266 1310
1267 1311
1268 1312
1269 1313
1270 1314
1271 1315
1272 1316
1273 1317
1274 1318
1275 1319
1276 1320
1277 1321
1278 1322
1279 1323
1280 1324
1281 1325
1282 1326
1283 1327
1284 1328
1285 1329
1286 1330
1287 1332
1288 1333
1289 1334
1290 1335
1291 1336
1292 1337
1293 1338
1294 1339
1295 1340
1296 1341
1297 1342
1298 1343
1299 1344
1300 1345
1301 1346
1302 1347
1303 1348
1304 1349
1305 1350
1306 1351
1307 1352
1308 1353
1309 1354
1310 1355
1311 1356
1312 1357
1313 1358
1314 1359
1315 1360
1316 1361
1317 1362
1318 1363
1319 1364
1320 1365
1321 1366
1322 1367
1323 1368
1324 1369
1325 1370
1326 1371
1327 1372
1328 1373
1329 1374
1330 1375
1331 1376
1332 1377
1333 1378
1334 1379
1335 1380
1336 1381
1337 1382
1338 1383
1339 1384
1340 1385
1341 1387
1342 1388
1343 1389
1344 1390
1345 1391
1346 1392
1347 1393
1348 1394
1349 1395
1350 1396
1351 1397
1352 1398
1353 1399
1354 1400
1355 1401
1356 1402
1357 1403
1358 1404
1359 1405
1360 1406
1361 1407
1362 1408
1363 1409
1364 1410
1365 1411
1366 1413
1367 1414
1368 1415
1369 1416
1370 1417
1371 1418
1372 1419
1373 1420
1374 1421
1375 1422
1376 1423
1377 1424
1378 1425
1379 1426
1380 1427
1381 1428
1382 1429
1383 1430
1384 1431
1385 1432
1386 1433
1387 1434
1388 1435
1389 1436
1390 1437
1391 1438
1392 1439
1393 1440
1394 1441
1395 1442
1396 1443
1397 1444
1398 1445
1399 1446
1400 1447
1401 1448
1402 1449
1403 1450
1404 1451
1405 1452
1406 1453
1407 1454
1408 1455
1409 1457
1410 1458
1411 1459
1412 1460
1413 1461
1414 1462
1415 1463
1416 1464
1417 1465
1418 1466
1419 1467
1420 1468
1421 1469
1422 1470
1423 1471
1424 1472
1425 1473
1426 1474
1427 1475
1428 1476
1429 1478
1430 1479
1431 1480
1432 1481
1433 1482
1434 1483
1435 1484
1436 1485
1437 1486
1438 1487
1439 1488
1440 1489
1441 1490
1442 1491
1443 1492
1444 1493
1445 1494
1446 1495
1447 1496
1448 1497
1449 1498
1450 1499
1451 1500
1452 1501
1453 1502
1454 1503
1455 1504
1456 1505
1457 1506
1458 1507
1459 1508
1460 1509
1461 1510
1462 1511
1463 1512
1464 1513
1465 1514
1466 1515
1467 1516
1468 1517
1469 1518
1470 1519
1471 1520
1472 1521
1473 1522
1474 1523
1475 1524
1476 1525
1477 1526
1478 1527
1479 1528
1480 1529
1481 1530
1482 1531
1483 1532
1484 1533
1485 1535
1486 1536
1487 1537
1488 1538
1489 1539
1490 1542
1491 1543
1492 1544
1493 1545
1494 1547
1495 1548
1496 1549
1497 1550
1498 1551
1499 1552
1500 1553
1501 1554
1502 1555
1503 1556
1504 1557
1505 1558
1506 1559
1507 1560
1508 1561
1509 1562
1510 1563
1511 1564
1512 1565
1513 1566
1514 1567
1515 1568
1516 1569
1517 1570
1518 1571
1519 1572
1520 1573
1521 1574
1522 1575
1523 1577
1524 1578
1525 1579
1526 1580
1527 1581
1528 1582
1529 1583
1530 1584
1531 1585
1532 1586
1533 1587
1534 1588
1535 1589
1536 1590
1537 1591
1538 1592
1539 1593
1540 1594
1541 1596
1542 1597
1543 1598
1544 1599
1545 1600
1546 1601
1547 1602
1548 1603
1549 1605
1550 1606
1551 1607
1552 1608
1553 1610
1554 1611
1555 1612
1556 1614
1557 1615
1558 1616
1559 1617
1560 1618
1561 1619
1562 1621
1563 1622
1564 1623
1565 1624
1566 1625
1567 1626
1568 1627
1569 1628
1570 1629
1571 1630
1572 1631
1573 1632
1574 1633
1575 1634
1576 1635
1577 1636
1578 1637
1579 1638
1580 1639
1581 1640
1582 1641
1583 1642
1584 1643
1585 1644
1586 1645
1587 1646
1588 1647
1589 1648
1590 1649
1591 1650
1592 1651
1593 1652
1594 1653
1595 1654
1596 1655
1597 1656
1598 1657
1599 1658
1600 1659
1601 1660
1602 1661
1603 1662
1604 1663
1605 1664
1606 1665
1607 1666
1608 1667
1609 1668
1610 1669
1611 1670
1612 1671
1613 1672
1614 1674
1615 1675
1616 1676
1617 1677
1618 1679
1619 1680
1620 1681
1621 1682
1622 1683
1623 1684
1624 1685
1625 1686
1626 1687
1627 1688
1628 1689
1629 1691
1630 1692
1631 1693
1632 1694
1633 1695
1634 1696
1635 1697
1636 1699
1637 1700
1638 1701
1639 1702
1640 1703
1641 1704
1642 1705
1643 1706
1644 1707
1645 1709
1646 1710
1647 1711
1648 1712
1649 1713
1650 1714
1651 1715
1652 1716
1653 1717
1654 1718
1655 1719
1656 1720
1657 1721
1658 1722
1659 1723
1660 1724
1661 1725
1662 1726
1663 1727
1664 1728
1665 1729
1666 1730
1667 1731
1668 1732
1669 1733
1670 1734
1671 1735
1672 1736
1673 1737
1674 1738
1675 1739
1676 1740
1677 1741
1678 1742
1679 1743
1680 1744
1681 1745
1682 1746
1683 1747
1684 1748
1685 1749
1686 1750
1687 1751
1688 1752
1689 1753
1690 1754
1691 1755
1692 1756
1693 1757
1694 1758
1695 1759
1696 1760
1697 1761
1698 1762
1699 1763
1700 1764
1701 1765
1702 1766
1703 1767
1704 1768
1705 1769
1706 1770
1707 1771
1708 1772
1709 1773
1710 1774
1711 1775
1712 1776
1713 1777
1714 1778
1715 1781
1716 1782
1717 1783
1718 1784
1719 1785
1720 1786
1721 1787
1722 1788
1723 1789
1724 1790
1725 1791
1726 1792
1727 1793
1728 1794
1729 1795
1730 1796
1731 1797
1732 1798
1733 1799
1734 1800
1735 1801
1736 1802
1737 1803
1738 1804
1739 1805
1740 1806
1741 1807
1742 1808
1743 1809
1744 1810
1745 1811
1746 1812
1747 1813
1748 1814
1749 1815
1750 1816
1751 1817
1752 1818
1753 1819
1754 1820
1755 1821
1756 1822
1757 1823
1758 1824
1759 1825
1760 1826
1761 1827
1762 1828
1763 1829
1764 1830
1765 1831
1766 1832
1767 1833
1768 1835
1769 1836
1770 1837
1771 1838
1772 1839
1773 1840
1774 1841
1775 1842
1776 1843
1777 1845
1778 1846
1779 1847
1780 1848
1781 1849
1782 1850
1783 1851
1784 1852
1785 1853
1786 1854
1787 1855
1788 1856
1789 1857
1790 1858
1791 1859
1792 1860
1793 1861
1794 1862
1795 1863
1796 1864
1797 1865
1798 1866
1799 1867
1800 1868
1801 1869
1802 1870
1803 1871
1804 1872
1805 1873
1806 1874
1807 1875
1808 1876
1809 1877
1810 1878
1811 1879
1812 1880
1813 1881
1814 1882
1815 1883
1816 1884
1817 1885
1818 1886
1819 1887
1820 1888
1821 1889
1822 1890
1823 1891
1824 1892
1825 1893
1826 1894
1827 1895
1828 1896
1829 1897
1830 1898
1831 1899
1832 1900
1833 1901
1834 1902
1835 1903
1836 1904
1837 1905
1838 1906
1839 1907
1840 1908
1841 1909
1842 1910
1843 1911
1844 1912
1845 1913
1846 1914
1847 1915
1848 1916
1849 1917
1850 1918
1851 1919
1852 1920
1853 1921
1854 1922
1855 1923
1856 1924
1857 1925
1858 1926
1859 1927
1860 1928
1861 1929
1862 1930
1863 1931
1864 1932
1865 1933
1866 1934
1867 1935
1868 1936
1869 1937
1870 1938
1871 1939
1872 1940
1873 1941
1874 1942
1875 1943
1876 1944
1877 1945
1878 1946
1879 1947
1880 1948
1881 1949
1882 1950
1883 1951
1884 1952
1885 1953
1886 1954
1887 1955
1888 1956
1889 1957
1890 1958
1891 1959
1892 1960
1893 1961
1894 1962
1895 1963
1896 1964
1897 1965
1898 1966
1899 1967
1900 1968
1901 1969
1902 1970
1903 1971
1904 1972
1905 1973
1906 1974
1907 1975
1908 1976
1909 1977
1910 1978
1911 1979
1912 1980
1913 1981
1914 1982
1915 1983
1916 1984
1917 1985
1918 1986
1919 1987
1920 1988
1921 1989
1922 1990
1923 1991
1924 1992
1925 1993
1926 1994
1927 1995
1928 1996
1929 1997
1930 1998
1931 1999
1932 2000
1933 2001
1934 2002
1935 2003
1936 2004
1937 2005
1938 2006
1939 2007
1940 2008
1941 2009
1942 2010
1943 2011
1944 2012
1945 2013
1946 2014
1947 2015
1948 2016
1949 2017
1950 2018
1951 2019
1952 2020
1953 2021
1954 2022
1955 2023
1956 2024
1957 2025
1958 2026
1959 2027
1960 2028
1961 2029
1962 2030
1963 2031
1964 2032
1965 2033
1966 2034
1967 2035
1968 2036
1969 2037
1970 2038
1971 2039
1972 2040
1973 2041
1974 2042
1975 2043
1976 2044
1977 2045
1978 2046
1979 2047
1980 2048
1981 2049
1982 2050
1983 2051
1984 2052
1985 2053
1986 2054
1987 2055
1988 2056
1989 2057
1990 2058
1991 2059
1992 2060
1993 2061
1994 2062
1995 2063
1996 2064
1997 2065
1998 2066
1999 2067
2000 2068
2001 2069
2002 2070
2003 2071
2004 2072
2005 2073
2006 2074
2007 2075
2008 2076
2009 2077
2010 2078
2011 2079
2012 2080
2013 2081
2014 2082
2015 2083
2016 2084
2017 2085
2018 2086
2019 2087
2020 2088
2021 2089
2022 2090
2023 2091
2024 2092
2025 2093
2026 2094
2027 2095
2028 2096
2029 2097
2030 2098
2031 2099
2032 2100
2033 2101
2034 2102
2035 2103
2036 2104
2037 2105
2038 2106
2039 2107
2040 2108
2041 2109
2042 2110
2043 2111
2044 2112
2045 2113
2046 2114
2047 2115
2048 2116
2049 2117
2050 2118
2051 2119
2052 2120
2053 2121
2054 2122
2055 2123
2056 2124
2057 2125
2058 2126
2059 2127
2060 2128
2061 2129
2062 2130
2063 2131
2064 2132
2065 2133
2066 2134
2067 2135
2068 2136
2069 2137
2070 2138
2071 2139
2072 2140
2073 2141
2074 2142
2075 2143
2076 2144
2077 2145
2078 2146
2079 2147
2080 2148
2081 2149
2082 2150
2083 2151
2084 2152
2085 2153
2086 2154
2087 2155
2088 2156
2089 2157
2090 2158
2091 2160
2092 2161
2093 2162
2094 2163
2095 2164
2096 2165
2097 2166
2098 2167
2099 2168
2100 2169
2101 2170
2102 2171
2103 2172
2104 2173
2105 2174
2106 2175
2107 2176
2108 2177
2109 2178
2110 2179
2111 2180
2112 2181
2113 2182
2114 2183
2115 2184
2116 2185
2117 2186
2118 2187
2119 2188
2120 2189
2121 2190
2122 2191
2123 2192
2124 2193
2125 2194
2126 2195
2127 2196
2128 2197
2129 2198
2130 2199
2131 2200
2132 2201
2133 2202
2134 2203
2135 2204
2136 2205
2137 2206
2138 2207
2139 2208
2140 2209
2141 2210
2142 2211
2143 2212
2144 2213
2145 2214
2146 2215
2147 2216
2148 2217
2149 2218
2150 2219
2151 2220
2152 2221
2153 2222
2154 2223
2155 2225
2156 2226
2157 2227
2158 2228
2159 2229
2160 2231
2161 2232
2162 2233
2163 2234
2164 2235
2165 2236
2166 2237
2167 2238
2168 2239
2169 2240
2170 2241
2171 2242
2172 2243
2173 2244
2174 2245
2175 2246
2176 2247
2177 2248
2178 2249
2179 2250
2180 2251
2181 2252
2182 2253
2183 2254
2184 2255
2185 2256
2186 2257
2187 2258
2188 2259
2189 2260
2190 2261
2191 2262
2192 2263
2193 2264
2194 2265
2195 2266
2196 2267
2197 2268
2198 2269
2199 2270
2200 2271
2201 2272
2202 2273
2203 2274
2204 2275
2205 2276
2206 2277
2207 2278
2208 2279
2209 2280
2210 2281
2211 2282
2212 2283
2213 2284
2214 2285
2215 2286
2216 2287
2217 2288
2218 2289
2219 2290
2220 2291
2221 2292
2222 2293
2223 2296
2224 2297
2225 2298
2226 2299
2227 2300
2228 2301
2229 2302
2230 2303
2231 2304
2232 2305
2233 2306
2234 2307
2235 2308
2236 2309
2237 2310
2238 2311
2239 2312
2240 2313
2241 2314
2242 2315
2243 2316
2244 2317
2245 2318
2246 2319
2247 2320
2248 2321
2249 2322
2250 2323
2251 2324
2252 2325
2253 2326
2254 2327
2255 2328
2256 2329
2257 2330
2258 2331
2259 2332
2260 2333
2261 2334
2262 2335
2263 2336
2264 2337
2265 2338
2266 2339
2267 2340
2268 2341
2269 2342
2270 2343
2271 2344
2272 2345
2273 2346
2274 2347
2275 2348
2276 2349
2277 2350
2278 2351
2279 2352
2280 2353
2281 2354
2282 2355
2283 2356
2284 2357
2285 2358
2286 2359
2287 2360
2288 2362
2289 2364
2290 2365
2291 2366
2292 2367
2293 2368
2294 2369
2295 2370
2296 2371
2297 2372
2298 2373
2299 2374
2300 2375
2301 2376
2302 2377
2303 2378
2304 2379
2305 2380
2306 2381
2307 2382
2308 2383
2309 2384
2310 2385
2311 2386
2312 2387
2313 2388
2314 2389
2315 2390
2316 2391
2317 2392
2318 2393
2319 2394
2320 2395
2321 2396
2322 2397
2323 2398
2324 2399
2325 2400
2326 2401
2327 2402
2328 2403
2329 2404
2330 2405
2331 2406
2332 2407
2333 2408
2334 2409
2335 2410
2336 2411
2337 2412
2338 2413
2339 2414
2340 2415
2341 2416
2342 2417
2343 2418
2344 2419
2345 2420
2346 2421
2347 2422
2348 2423
2349 2424
2350 2425
2351 2426
2352 2428
2353 2429
2354 2430
2355 2431
2356 2432
2357 2433
2358 2434
2359 2435
2360 2436
2361 2437
2362 2438
2363 2439
2364 2440
2365 2441
2366 2442
2367 2443
2368 2444
2369 2445
2370 2446
2371 2447
2372 2448
2373 2449
2374 2450
2375 2451
2376 2452
2377 2453
2378 2454
2379 2455
2380 2456
2381 2457
2382 2458
2383 2459
2384 2460
2385 2461
2386 2463
2387 2464
2388 2465
2389 2466
2390 2467
2391 2468
2392 2469
2393 2470
2394 2471
2395 2472
2396 2473
2397 2474
2398 2475
2399 2476
2400 2477
2401 2478
2402 2479
2403 2480
2404 2481
2405 2482
2406 2483
2407 2484
2408 2485
2409 2486
2410 2487
2411 2488
2412 2489
2413 2490
2414 2491
2415 2492
2416 2493
2417 2494
2418 2495
2419 2497
2420 2498
2421 2499
2422 2500
2423 2501
2424 2502
2425 2503
2426 2504
2427 2505
2428 2506
2429 2507
2430 2508
2431 2509
2432 2510
2433 2511
2434 2512
2435 2513
2436 2514
2437 2515
2438 2516
2439 2517
2440 2518
2441 2519
2442 2520
2443 2521
2444 2522
2445 2523
2446 2524
2447 2525
2448 2526
2449 2529
2450 2530
2451 2531
2452 2532
2453 2533
2454 2534
2455 2535
2456 2536
2457 2537
2458 2538
2459 2539
2460 2540
2461 2541
2462 2542
2463 2543
2464 2545
2465 2546
2466 2547
2467 2548
2468 2549
2469 2550
2470 2551
2471 2552
2472 2553
2473 2554
2474 2555
2475 2556
2476 2557
2477 2558
2478 2560
2479 2561
2480 2562
2481 2563
2482 2564
2483 2565
2484 2566
2485 2567
2486 2568
2487 2569
2488 2570
2489 2571
2490 2572
2491 2573
2492 2574
2493 2575
2494 2576
2495 2577
2496 2578
2497 2579
2498 2580
2499 2581
2500 2582
2501 2583
2502 2584
2503 2585
2504 2586
2505 2587
2506 2588
2507 2589
2508 2590
2509 2591
2510 2592
2511 2593
2512 2594
2513 2595
2514 2596
2515 2597
2516 2598
2517 2599
2518 2600
2519 2601
2520 2602
2521 2603
2522 2604
2523 2605
2524 2606
2525 2607
2526 2608
2527 2609
2528 2610
2529 2611
2530 2612
2531 2613
2532 2614
2533 2615
2534 2616
2535 2618
2536 2619
2537 2620
2538 2621
2539 2623
2540 2624
2541 2625
2542 2626
2543 2627
2544 2628
2545 2629
2546 2630
2547 2631
2548 2632
2549 2633
2550 2634
2551 2635
2552 2636
2553 2637
2554 2638
2555 2639
2556 2640
2557 2641
2558 2642
2559 2643
2560 2644
2561 2645
2562 2646
2563 2647
2564 2648
2565 2649
2566 2651
2567 2652
2568 2653
2569 2654
2570 2655
2571 2656
2572 2657
2573 2658
2574 2659
2575 2660
2576 2661
2577 2662
2578 2663
2579 2664
2580 2665
2581 2666
2582 2667
2583 2668
2584 2669
2585 2670
2586 2671
2587 2672
2588 2673
2589 2674
2590 2675
2591 2676
2592 2677
2593 2678
2594 2679
2595 2680
2596 2681
2597 2682
2598 2683
2599 2684
2600 2686
2601 2687
2602 2689
2603 2690
2604 2691
2605 2692
2606 2693
2607 2694
2608 2695
2609 2696
2610 2697
2611 2698
2612 2699
2613 2700
2614 2701
2615 2702
2616 2703
2617 2705
2618 2706
2619 2707
2620 2708
2621 2709
2622 2710
2623 2711
2624 2712
2625 2713
2626 2714
2627 2715
2628 2716
2629 2717
2630 2718
2631 2719
2632 2720
2633 2721
2634 2722
2635 2723
2636 2724
2637 2725
2638 2726
2639 2727
2640 2728
2641 2729
2642 2730
2643 2731
2644 2732
2645 2733
2646 2734
2647 2735
2648 2736
2649 2737
2650 2738
2651 2739
2652 2740
2653 2741
2654 2742
2655 2743
2656 2744
2657 2745
2658 2746
2659 2747
2660 2748
2661 2749
2662 2750
2663 2751
2664 2752
2665 2753
2666 2754
2667 2755
2668 2756
2669 2757
2670 2758
2671 2759
2672 2760
2673 2761
2674 2762
2675 2763
2676 2764
2677 2765
2678 2766
2679 2767
2680 2768
2681 2769
2682 2770
2683 2771
2684 2772
2685 2773
2686 2774
2687 2775
2688 2776
2689 2777
2690 2778
2691 2779
2692 2780
2693 2781
2694 2782
2695 2783
2696 2784
2697 2785
2698 2786
2699 2787
2700 2788
2701 2789
2702 2790
2703 2791
2704 2792
2705 2793
2706 2794
2707 2795
2708 2796
2709 2797
2710 2798
2711 2799
2712 2800
2713 2801
2714 2802
2715 2804
2716 2805
2717 2806
2718 2807
2719 2808
2720 2809
2721 2810
2722 2811
2723 2812
2724 2813
2725 2814
2726 2815
2727 2816
2728 2817
2729 2818
2730 2819
2731 2820
2732 2821
2733 2822
2734 2823
2735 2824
2736 2825
2737 2826
2738 2827
2739 2828
2740 2829
2741 2830
2742 2831
2743 2832
2744 2833
2745 2834
2746 2835
2747 2837
2748 2838
2749 2839
2750 2840
2751 2841
2752 2842
2753 2843
2754 2844
2755 2845
2756 2846
2757 2847
2758 2848
2759 2849
2760 2850
2761 2851
2762 2852
2763 2853
2764 2854
2765 2855
2766 2856
2767 2857
2768 2858
2769 2859
2770 2860
2771 2861
2772 2862
2773 2863
2774 2864
2775 2865
2776 2866
2777 2867
2778 2868
2779 2869
2780 2870
2781 2871
2782 2872
2783 2873
2784 2874
2785 2875
2786 2876
2787 2877
2788 2878
2789 2879
2790 2880
2791 2881
2792 2882
2793 2883
2794 2884
2795 2885
2796 2886
2797 2887
2798 2888
2799 2889
2800 2890
2801 2891
2802 2892
2803 2893
2804 2894
2805 2895
2806 2896
2807 2897
2808 2898
2809 2901
2810 2902
2811 2903
2812 2904
2813 2905
2814 2906
2815 2907
2816 2908
2817 2909
2818 2910
2819 2911
2820 2912
2821 2913
2822 2914
2823 2915
2824 2916
2825 2917
2826 2918
2827 2919
2828 2920
2829 2921
2830 2922
2831 2923
2832 2924
2833 2925
2834 2926
2835 2927
2836 2928
2837 2930
2838 2931
2839 2932
2840 2933
2841 2934
2842 2935
2843 2936
2844 2937
2845 2938
2846 2939
2847 2940
2848 2941
2849 2942
2850 2943
2851 2944
2852 2945
2853 2946
2854 2947
2855 2948
2856 2949
2857 2950
2858 2952
2859 2954
2860 2955
2861 2956
2862 2957
2863 2958
2864 2959
2865 2960
2866 2961
2867 2962
2868 2963
2869 2964
2870 2965
2871 2966
2872 2967
2873 2968
2874 2969
2875 2970
2876 2971
2877 2972
2878 2973
2879 2974
2880 2975
2881 2976
2882 2977
2883 2978
2884 2979
2885 2980
2886 2981
2887 2982
2888 2983
2889 2984
2890 2985
2891 2986
2892 2987
2893 2988
2894 2989
2895 2990
2896 2991
2897 2992
2898 2993
2899 2994
2900 2995
2901 2996
2902 2997
2903 2998
2904 2999
2905 3000
2906 3001
2907 3002
2908 3003
2909 3004
2910 3005
2911 3006
2912 3007
2913 3008
2914 3009
2915 3010
2916 3011
2917 3012
2918 3013
2919 3014
2920 3015
2921 3016
2922 3017
2923 3018
2924 3019
2925 3020
2926 3021
2927 3022
2928 3023
2929 3024
2930 3025
2931 3026
2932 3027
2933 3028
2934 3029
2935 3030
2936 3031
2937 3032
2938 3033
2939 3034
2940 3035
2941 3036
2942 3037
2943 3038
2944 3039
2945 3040
2946 3041
2947 3042
2948 3043
2949 3044
2950 3045
2951 3046
2952 3047
2953 3048
2954 3049
2955 3050
2956 3051
2957 3052
2958 3053
2959 3054
2960 3055
2961 3056
2962 3057
2963 3058
2964 3059
2965 3060
2966 3061
2967 3062
2968 3063
2969 3064
2970 3065
2971 3066
2972 3067
2973 3068
2974 3069
2975 3070
2976 3071
2977 3072
2978 3073
2979 3074
2980 3075
2981 3076
2982 3077
2983 3078
2984 3079
2985 3080
2986 3081
2987 3082
2988 3083
2989 3084
2990 3085
2991 3086
2992 3087
2993 3088
2994 3089
2995 3090
2996 3091
2997 3092
2998 3093
2999 3094
3000 3095
3001 3096
3002 3097
3003 3098
3004 3099
3005 3100
3006 3101
3007 3102
3008 3103
3009 3104
3010 3105
3011 3106
3012 3107
3013 3108
3014 3109
3015 3110
3016 3111
3017 3112
3018 3113
3019 3114
3020 3115
3021 3116
3022 3117
3023 3118
3024 3119
3025 3120
3026 3121
3027 3122
3028 3123
3029 3124
3030 3125
3031 3126
3032 3127
3033 3128
3034 3129
3035 3130
3036 3131
3037 3132
3038 3133
3039 3134
3040 3135
3041 3136
3042 3137
3043 3138
3044 3140
3045 3141
3046 3142
3047 3143
3048 3144
3049 3145
3050 3146
3051 3147
3052 3148
3053 3149
3054 3150
3055 3151
3056 3152
3057 3153
3058 3154
3059 3155
3060 3156
3061 3157
3062 3158
3063 3159
3064 3160
3065 3161
3066 3162
3067 3163
3068 3164
3069 3165
3070 3166
3071 3167
3072 3168
3073 3169
3074 3170
3075 3171
3076 3172
3077 3173
3078 3174
3079 3175
3080 3176
3081 3177
3082 3178
3083 3179
3084 3180
3085 3181
3086 3182
3087 3183
3088 3184
3089 3185
3090 3186
3091 3187
3092 3188
3093 3189
3094 3190
3095 3191
3096 3192
3097 3193
3098 3194
3099 3195
3100 3196
3101 3197
3102 3198
3103 3199
3104 3200
3105 3201
3106 3202
3107 3203
3108 3204
3109 3205
3110 3206
3111 3207
3112 3208
3113 3209
3114 3210
3115 3211
3116 3212
3117 3213
3118 3214
3119 3215
3120 3216
3121 3217
3122 3218
3123 3219
3124 3220
3125 3221
3126 3222
3127 3223
3128 3224
3129 3225
3130 3226
3131 3227
3132 3228
3133 3229
3134 3230
3135 3231
3136 3232
3137 3233
3138 3234
3139 3235
3140 3236
3141 3237
3142 3238
3143 3239
3144 3240
3145 3241
3146 3245
3147 3246
3148 3247
3149 3248
3150 3249
3151 3250
3152 3251
3153 3252
3154 3253
3155 3254
3156 3255
3157 3256
3158 3257
3159 3258
3160 3259
3161 3260
3162 3261
3163 3262
3164 3263
3165 3264
3166 3265
3167 3266
3168 3267
3169 3268
3170 3269
3171 3270
3172 3271
3173 3272
3174 3273
3175 3274
3176 3275
3177 3276
3178 3277
3179 3278
3180 3279
3181 3280
3182 3281
3183 3282
3184 3283
3185 3284
3186 3285
3187 3286
3188 3287
3189 3288
3190 3289
3191 3290
3192 3291
3193 3292
3194 3293
3195 3294
3196 3295
3197 3296
3198 3297
3199 3298
3200 3300
3201 3301
3202 3302
3203 3303
3204 3304
3205 3306
3206 3307
3207 3309
3208 3310
3209 3311
3210 3312
3211 3313
3212 3314
3213 3315
3214 3316
3215 3317
3216 3318
3217 3319
3218 3320
3219 3321
3220 3322
3221 3323
3222 3324
3223 3325
3224 3326
3225 3327
3226 3328
3227 3329
3228 3330
3229 3331
3230 3332
3231 3333
3232 3334
3233 3335
3234 3336
3235 3337
3236 3338
3237 3339
3238 3340
3239 3341
3240 3342
3241 3343
3242 3344
3243 3345
3244 3346
3245 3347
3246 3348
3247 3349
3248 3350
3249 3352
3250 3353
3251 3354
3252 3355
3253 3356
3254 3357
3255 3358
3256 3359
3257 3360
3258 3361
3259 3362
3260 3363
3261 3364
3262 3365
3263 3366
3264 3367
3265 3368
3266 3369
3267 3370
3268 3371
3269 3372
3270 3374
3271 3375
3272 3376
3273 3377
3274 3378
3275 3379
3276 3380
3277 3381
3278 3382
3279 3383
3280 3384
3281 3385
3282 3386
3283 3387
3284 3388
3285 3389
3286 3390
3287 3391
3288 3392
3289 3393
3290 3394
3291 3395
3292 3396
3293 3397
3294 3398
3295 3399
3296 3400
3297 3401
3298 3402
3299 3403
3300 3404
3301 3405
3302 3406
3303 3407
3304 3408
3305 3409
3306 3410
3307 3411
3308 3412
3309 3415
3310 3416
3311 3417
3312 3418
3313 3419
3314 3420
3315 3421
3316 3423
3317 3424
3318 3425
3319 3426
3320 3427
3321 3428
3322 3429
3323 3430
3324 3431
3325 3432
3326 3433
3327 3434
3328 3435
3329 3436
3330 3437
3331 3438
3332 3439
3333 3440
3334 3441
3335 3442
3336 3443
3337 3444
3338 3445
3339 3446
3340 3447
3341 3448
3342 3449
3343 3450
3344 3451
3345 3452
3346 3453
3347 3454
3348 3455
3349 3456
3350 3457
3351 3458
3352 3459
3353 3460
3354 3461
3355 3462
3356 3463
3357 3464
3358 3465
3359 3466
3360 3467
3361 3468
3362 3469
3363 3470
3364 3471
3365 3472
3366 3474
3367 3475
3368 3476
3369 3478
3370 3479
3371 3480
3372 3481
3373 3482
3374 3483
3375 3484
3376 3485
3377 3486
3378 3487
3379 3488
3380 3489
3381 3490
3382 3491
3383 3492
3384 3493
3385 3494
3386 3495
3387 3496
3388 3497
3389 3498
3390 3499
3391 3500
3392 3501
3393 3502
3394 3503
3395 3504
3396 3505
3397 3506
3398 3507
3399 3508
3400 3509
3401 3510
3402 3511
3403 3512
3404 3513
3405 3514
3406 3515
3407 3516
3408 3517
3409 3518
3410 3519
3411 3520
3412 3521
3413 3523
3414 3524
3415 3525
3416 3526
3417 3527
3418 3528
3419 3529
3420 3530
3421 3531
3422 3532
3423 3533
3424 3534
3425 3535
3426 3536
3427 3537
3428 3539
3429 3542
3430 3543
3431 3544
3432 3545
3433 3546
3434 3547
3435 3548
3436 3549
3437 3550
3438 3551
3439 3552
3440 3553
3441 3554
3442 3555
3443 3556
3444 3557
3445 3558
3446 3559
3447 3560
3448 3561
3449 3562
3450 3563
3451 3564
3452 3565
3453 3566
3454 3567
3455 3568
3456 3569
3457 3570
3458 3571
3459 3572
3460 3573
3461 3574
3462 3575
3463 3576
3464 3577
3465 3578
3466 3579
3467 3580
3468 3581
3469 3582
3470 3583
3471 3584
3472 3585
3473 3586
3474 3587
3475 3588
3476 3589
3477 3590
3478 3591
3479 3592
3480 3593
3481 3594
3482 3595
3483 3596
3484 3597
3485 3598
3486 3599
3487 3600
3488 3601
3489 3602
3490 3603
3491 3604
3492 3605
3493 3606
3494 3607
3495 3608
3496 3609
3497 3610
3498 3611
3499 3612
3500 3613
3501 3614
3502 3615
3503 3616
3504 3617
3505 3618
3506 3619
3507 3620
3508 3621
3509 3622
3510 3623
3511 3624
3512 3625
3513 3626
3514 3627
3515 3628
3516 3629
3517 3630
3518 3631
3519 3632
3520 3633
3521 3634
3522 3635
3523 3636
3524 3637
3525 3638
3526 3639
3527 3640
3528 3641
3529 3642
3530 3643
3531 3644
3532 3645
3533 3646
3534 3647
3535 3648
3536 3649
3537 3650
3538 3651
3539 3652
3540 3653
3541 3654
3542 3655
3543 3656
3544 3657
3545 3658
3546 3659
3547 3660
3548 3661
3549 3662
3550 3663
3551 3664
3552 3665
3553 3666
3554 3667
3555 3668
3556 3669
3557 3670
3558 3671
3559 3672
3560 3673
3561 3674
3562 3675
3563 3676
3564 3677
3565 3678
3566 3679
3567 3680
3568 3681
3569 3683
3570 3684
3571 3685
3572 3686
3573 3687
3574 3688
3575 3689
3576 3690
3577 3691
3578 3692
3579 3693
3580 3694
3581 3695
3582 3696
3583 3697
3584 3698
3585 3699
3586 3700
3587 3701
3588 3702
3589 3703
3590 3704
3591 3706
3592 3707
3593 3708
3594 3709
3595 3710
3596 3711
3597 3713
3598 3714
3599 3715
3600 3716
3601 3717
3602 3718
3603 3719
3604 3720
3605 3721
3606 3722
3607 3723
3608 3724
3609 3725
3610 3726
3611 3727
3612 3728
3613 3729
3614 3730
3615 3731
3616 3732
3617 3733
3618 3734
3619 3735
3620 3736
3621 3737
3622 3738
3623 3739
3624 3740
3625 3741
3626 3742
3627 3743
3628 3744
3629 3745
3630 3746
3631 3747
3632 3748
3633 3749
3634 3750
3635 3751
3636 3752
3637 3753
3638 3754
3639 3755
3640 3756
3641 3758
3642 3759
3643 3760
3644 3761
3645 3762
3646 3763
3647 3764
3648 3765
3649 3766
3650 3767
3651 3768
3652 3769
3653 3770
3654 3771
3655 3772
3656 3773
3657 3774
3658 3775
3659 3776
3660 3777
3661 3778
3662 3779
3663 3780
3664 3781
3665 3782
3666 3783
3667 3784
3668 3785
3669 3786
3670 3787
3671 3788
3672 3789
3673 3790
3674 3791
3675 3793
3676 3794
3677 3795
3678 3796
3679 3797
3680 3798
3681 3799
3682 3800
3683 3801
3684 3802
3685 3803
3686 3804
3687 3805
3688 3806
3689 3807
3690 3808
3691 3809
3692 3810
3693 3811
3694 3812
3695 3813
3696 3814
3697 3815
3698 3816
3699 3817
3700 3818
3701 3819
3702 3820
3703 3823
3704 3824
3705 3825
3706 3826
3707 3827
3708 3828
3709 3829
3710 3830
3711 3831
3712 3832
3713 3833
3714 3834
3715 3835
3716 3836
3717 3837
3718 3838
3719 3839
3720 3840
3721 3841
3722 3842
3723 3843
3724 3844
3725 3845
3726 3846
3727 3847
3728 3848
3729 3849
3730 3850
3731 3851
3732 3852
3733 3853
3734 3854
3735 3855
3736 3856
3737 3857
3738 3858
3739 3859
3740 3860
3741 3861
3742 3862
3743 3863
3744 3864
3745 3865
3746 3866
3747 3867
3748 3868
3749 3869
3750 3870
3751 3871
3752 3872
3753 3873
3754 3874
3755 3875
3756 3876
3757 3877
3758 3878
3759 3879
3760 3880
3761 3881
3762 3882
3763 3883
3764 3884
3765 3885
3766 3886
3767 3887
3768 3888
3769 3889
3770 3890
3771 3891
3772 3892
3773 3893
3774 3894
3775 3895
3776 3896
3777 3897
3778 3898
3779 3900
3780 3901
3781 3902
3782 3903
3783 3904
3784 3905
3785 3906
3786 3907
3787 3908
3788 3909
3789 3910
3790 3911
3791 3912
3792 3913
3793 3914
3794 3915
3795 3916
3796 3917
3797 3918
3798 3919
3799 3920
3800 3921
3801 3922
3802 3923
3803 3924
3804 3925
3805 3926
3806 3927
3807 3928
3808 3929
3809 3930
3810 3931
3811 3932
3812 3933
3813 3934
3814 3935
3815 3936
3816 3937
3817 3938
3818 3939
3819 3940
3820 3941
3821 3942
3822 3943
3823 3944
3824 3945
3825 3946
3826 3947
3827 3948
3828 3949
3829 3950
3830 3951
3831 3952
3832 3953
3833 3954
3834 3955
3835 3956
3836 3957
3837 3958
3838 3959
3839 3960
3840 3961
3841 3962
3842 3964
3843 3965
3844 3966
3845 3967
3846 3968
3847 3969
3848 3970
3849 3971
3850 3972
3851 3973
3852 3974
3853 3975
3854 3976
3855 3977
3856 3978
3857 3979
3858 3980
3859 3981
3860 3982
3861 3983
3862 3984
3863 3985
3864 3986
3865 3987
3866 3988
3867 3989
3868 3990
3869 3991
3870 3992
3871 3993
3872 3994
3873 3995
3874 3996
3875 3997
3876 3998
3877 3999
3878 4000
3879 4001
3880 4002
3881 4003
3882 4004
3883 4005
3884 4006
3885 4007
3886 4008
3887 4009
3888 4010
3889 4011
3890 4012
3891 4013
3892 4014
3893 4015
3894 4016
3895 4017
3896 4018
3897 4019
3898 4020
3899 4021
3900 4022
3901 4023
3902 4024
3903 4025
3904 4026
3905 4027
3906 4028
3907 4029
3908 4030
3909 4031
3910 4032
3911 4033
3912 4034
3913 4035
3914 4036
3915 4037
3916 4038
3917 4039
3918 4040
3919 4041
3920 4042
3921 4043
3922 4044
3923 4045
3924 4046
3925 4047
3926 4048
3927 4049
3928 4050
3929 4051
3930 4052
3931 4053
3932 4054
3933 4055
3934 4056
3935 4057
3936 4058
3937 4059
3938 4060
3939 4061
3940 4062
3941 4063
3942 4064
3943 4065
3944 4066
3945 4068
3946 4069
3947 4070
3948 4071
3949 4072
3950 4073
3951 4074
3952 4076
3953 4077
3954 4078
3955 4079
3956 4080
3957 4081
3958 4082
3959 4083
3960 4084
3961 4085
3962 4086
3963 4087
3964 4088
3965 4089
3966 4090
3967 4091
3968 4092
3969 4093
3970 4094
3971 4095
