0 0
1 1
2 2
3 7
4 8
5 10
6 12
7 22
8 23
9 33
10 34
11 35
12 36
13 37
14 38
15 42
16 49
17 59
18 91
19 92
20 93
21 94
22 95
23 105
24 106
25 107
26 118
27 119
28 120
29 122
30 129
31 130
32 134
33 135
34 136
35 137
36 138
37 139
38 148
39 161
40 162
41 163
42 164
43 165
44 170
45 171
46 184
47 193
48 220
49 221
50 222
51 223
52 224
53 234
54 239
55 247
56 257
57 258
58 259
59 263
60 264
61 266
62 275
63 276
64 277
65 290
66 297
67 298
68 299
69 300
70 305
71 311
72 312
73 313
74 320
75 321
76 322
77 338
78 350
79 351
80 353
81 364
82 366
83 367
84 368
85 380
86 386
87 404
88 411
89 424
90 425
91 426
92 427
93 432
94 433
95 434
96 440
97 446
98 448
99 449
100 450
101 461
102 465
103 466
104 467
105 475
106 480
107 481
108 482
109 488
110 491
111 492
112 493
113 495
114 507
115 508
116 509
117 538
118 539
119 540
120 551
121 553
122 561
123 573
124 574
125 575
126 577
127 581
128 588
129 589
130 590
131 594
132 596
133 602
134 603
135 604
136 609
137 612
138 615
139 616
140 617
141 620
142 636
143 658
144 662
145 667
146 668
147 678
148 679
149 680
150 691
151 697
152 702
153 708
154 709
155 710
156 717
157 723
158 724
159 725
160 731
161 736
162 739
163 740
164 741
165 744
166 768
167 785
168 786
169 787
170 789
171 790
172 791
173 795
174 796
175 797
176 807
177 818
178 819
179 820
180 823
181 824
182 825
183 826
184 837
185 850
186 851
187 852
188 853
189 863
190 864
191 865
192 868
193 869
194 870
195 880
196 885
197 896
198 897
199 914
200 918
201 924
202 944
203 947
204 950
205 951
206 952
207 953
208 957
209 961
210 977
211 978
212 979
213 980
214 981
215 982
216 990
217 992
218 994
219 997
220 1007
221 1008
222 1009
223 1012
224 1013
225 1014
226 1023
227 1024
228 1032
229 1036
230 1048
231 1071
232 1072
233 1073
234 1079
235 1084
236 1085
237 1086
238 1088
239 1089
240 1090
241 1099
242 1106
243 1107
244 1109
245 1117
246 1118
247 1119
248 1121
249 1122
250 1123
251 1124
252 1125
253 1132
254 1135
255 1136
256 1137
257 1141
258 1159
259 1160
260 1161
261 1163
262 1164
263 1165
264 1175
265 1176
266 1177
267 1181
268 1185
269 1190
270 1200
271 1205
272 1211
273 1213
274 1214
275 1215
276 1216
277 1217
278 1226
279 1227
280 1228
281 1246
282 1250
283 1251
284 1252
285 1253
286 1254
287 1259
288 1260
289 1261
290 1263
291 1264
292 1268
293 1277
294 1288
295 1289
296 1292
297 1294
298 1300
299 1304
300 1308
301 1309
302 1310
303 1312
304 1313
305 1314
306 1317
307 1318
308 1319
309 1326
310 1332
311 1333
312 1334
313 1338
314 1339
315 1340
316 1342
317 1344
318 1346
319 1355
320 1368
321 1371
322 1373
323 1377
324 1378
325 1379
326 1380
327 1381
328 1382
329 1388
330 1390
331 1391
332 1392
333 1393
334 1395
335 1396
336 1397
337 1399
338 1404
339 1405
340 1406
341 1415
342 1416
343 1417
344 1418
345 1421
346 1422
347 1423
348 1427
349 1428
350 1429
351 1435
352 1436
353 1437
354 1441
355 1446
356 1453
357 1454
358 1455
359 1461
360 1467
361 1473
362 1474
363 1475
364 1495
365 1496
366 1497
367 1498
368 1499
369 1500
370 1501
371 1502
372 1504
373 1506
374 1509
375 1519
376 1520
377 1524
378 1526
379 1527
380 1528
381 1533
382 1544
383 1545
384 1550
385 1556
386 1564
387 1582
388 1602
389 1603
390 1607
391 1609
392 1621
393 1624
394 1627
395 1629
396 1630
397 1631
398 1632
399 1633
400 1636
401 1637
402 1638
403 1655
404 1678
405 1689
406 1713
407 1729
408 1730
409 1731
410 1732
411 1734
412 1735
413 1736
414 1737
415 1738
416 1748
417 1749
418 1750
419 1758
420 1760
421 1765
422 1767
423 1782
424 1783
425 1784
426 1790
427 1793
428 1802
429 1805
430 1806
431 1807
432 1809
433 1816
434 1817
435 1818
436 1829
437 1840
438 1841
439 1842
440 1856
441 1857
442 1858
443 1859
444 1863
445 1865
446 1877
447 1894
448 1895
449 1896
450 1898
451 1906
452 1911
453 1915
454 1917
455 1918
456 1919
457 1920
458 1921
459 1922
460 1929
461 1930
462 1931
463 1932
464 1934
465 1936
466 1937
467 1938
468 1945
469 1949
470 1956
471 1957
472 1958
473 1968
474 1969
475 1973
476 1985
477 2015
478 2016
479 2023
480 2025
481 2026
482 2027
483 2032
484 2033
485 2034
486 2035
487 2042
488 2043
489 2044
490 2045
491 2046
492 2049
493 2058
494 2059
495 2060
496 2061
497 2065
498 2066
499 2067
500 2076
501 2077
502 2078
503 2082
504 2085
505 2095
506 2096
507 2097
508 2100
509 2101
510 2102
511 2130
512 2136
513 2142
514 2143
515 2144
516 2145
517 2154
518 2159
519 2160
520 2161
521 2162
522 2164
523 2171
524 2172
525 2173
526 2174
527 2188
528 2190
529 2194
530 2204
531 2205
532 2206
533 2209
534 2210
535 2211
536 2224
537 2227
538 2228
539 2229
540 2245
541 2257
542 2258
543 2259
544 2263
545 2264
546 2265
547 2266
548 2271
549 2272
550 2287
551 2288
552 2289
553 2291
554 2292
555 2293
556 2301
557 2317
558 2318
559 2319
560 2332
561 2333
562 2338
563 2345
564 2352
565 2356
566 2372
567 2373
568 2374
569 2385
570 2386
571 2387
572 2392
573 2393
574 2394
575 2395
576 2398
577 2399
578 2400
579 2406
580 2415
581 2416
582 2417
583 2420
584 2421
585 2422
586 2432
587 2446
588 2459
589 2460
590 2461
591 2472
592 2473
593 2474
594 2479
595 2480
596 2481
597 2483
598 2484
599 2485
600 2498
601 2501
602 2513
603 2514
604 2522
605 2527
606 2533
607 2534
608 2535
609 2540
610 2542
611 2543
612 2544
613 2545
614 2546
615 2549
616 2550
617 2551
618 2560
619 2561
620 2566
621 2584
622 2588
623 2595
624 2601
625 2608
626 2612
627 2625
628 2626
629 2627
630 2640
631 2641
632 2642
633 2652
634 2653
635 2662
636 2667
637 2668
638 2669
639 2671
640 2673
641 2676
642 2677
643 2678
644 2679
645 2680
646 2684
647 2687
648 2688
649 2693
650 2694
651 2695
652 2711
653 2712
654 2713
655 2722
656 2723
657 2724
658 2726
659 2729
660 2743
661 2749
662 2754
663 2769
664 2779
665 2780
666 2781
667 2782
668 2796
669 2803
670 2804
671 2805
672 2806
673 2807
674 2811
675 2812
676 2813
677 2816
678 2817
679 2818
680 2822
681 2823
682 2824
683 2833
684 2840
685 2851
686 2853
687 2854
688 2855
689 2856
690 2857
691 2858
692 2865
693 2869
694 2870
695 2871
696 2872
697 2876
698 2877
699 2878
700 2884
701 2899
702 2900
703 2908
704 2909
705 2918
706 2920
707 2932
708 2940
709 2943
710 2944
711 2945
712 2946
713 2947
714 2949
715 2951
716 2960
717 2961
718 2962
719 2978
720 2982
721 2985
722 2986
723 2992
724 2993
725 2994
726 2996
727 2997
728 2998
729 2999
730 3005
731 3011
732 3012
733 3013
734 3026
735 3027
736 3028
737 3029
738 3045
739 3046
740 3047
741 3048
742 3049
743 3074
744 3076
745 3077
746 3078
747 3089
748 3097
749 3098
750 3105
751 3106
752 3107
753 3113
754 3114
755 3115
756 3119
757 3121
758 3123
759 3124
760 3125
761 3128
762 3140
763 3147
764 3155
765 3156
766 3174
767 3176
768 3205
769 3224
770 3225
771 3226
772 3227
773 3234
774 3242
775 3246
776 3247
777 3248
778 3252
779 3255
780 3256
781 3257
782 3274
783 3275
784 3276
785 3294
786 3297
787 3314
788 3343
789 3352
790 3353
791 3354
792 3374
793 3375
794 3384
795 3402
796 3403
797 3409
798 3421
799 3422
800 3423
801 3424
802 3425
803 3426
804 3432
805 3441
806 3442
807 3443
808 3467
809 3470
810 3471
811 3472
812 3481
813 3489
814 3501
815 3502
816 3503
817 3529
818 3530
819 3531
820 3536
821 3537
822 3538
823 3547
824 3550
825 3551
826 3552
827 3553
828 3559
829 3560
830 3561
831 3568
832 3569
833 3570
834 3579
835 3594
836 3595
837 3596
838 3599
839 3616
840 3617
841 3618
842 3630
843 3633
844 3647
845 3658
846 3661
847 3665
848 3668
849 3674
850 3675
851 3676
852 3680
853 3685
854 3688
855 3696
856 3697
857 3698
858 3702
859 3706
860 3707
861 3708
862 3710
863 3718
864 3722
865 3723
866 3724
867 3733
868 3736
869 3739
870 3745
871 3746
872 3760
873 3761
874 3762
875 3772
876 3774
877 3775
878 3776
879 3788
880 3789
881 3790
882 3795
883 3796
884 3797
885 3803
886 3810
887 3812
888 3813
889 3814
890 3825
891 3829
892 3830
893 3831
894 3835
895 3837
896 3838
897 3839
898 3845
899 3846
900 3847
901 3849
902 3851
903 3853
904 3860
905 3861
906 3862
907 3863
908 3864
909 3865
910 3866
911 3867
912 3868
913 3873
914 3874
915 3875
916 3887
917 3888
918 3889
919 3899
920 3900
921 3901
922 3903
923 3915
924 3917
925 3924
926 3937
927 3938
928 3939
929 3941
930 3953
931 3955
932 3958
933 3966
934 3974
935 3976
936 3977
937 3978
938 3980
939 3981
940 3982
941 3989
942 3992
943 3995
944 4002
945 4016
946 4028
947 4030
948 4031
949 4032
950 4042
951 4043
952 4044
953 4066
954 4080
955 4081
956 4082
957 4083
958 4084
959 4104
960 4105
961 4106
962 4109
963 4112
964 4114
965 4157
966 4158
967 4159
968 4160
969 4170
970 4171
971 4209
972 4211
973 4215
974 4232
975 4233
976 4238
977 4239
978 4240
979 4241
980 4242
981 4243
982 4247
983 4273
984 4279
985 4286
986 4287
987 4288
988 4289
989 4297
990 4298
991 4299
992 4324
993 4342
994 4343
995 4344
996 4351
997 4352
998 4359
999 4360
1000 4361
1001 4365
1002 4366
1003 4367
1004 4368
1005 4370
1006 4374
1007 4375
1008 4376
1009 4392
1010 4400
1011 4401
1012 4402
1013 4406
1014 4407
1015 4408
1016 4416
1017 4418
1018 4426
1019 4451
1020 4452
1021 4453
1022 4454
1023 4460
1024 4469
1025 4470
1026 4471
1027 4478
1028 4479
1029 4481
1030 4486
1031 4487
1032 4488
1033 4494
1034 4503
1035 4519
1036 4520
1037 4521
1038 4529
1039 4530
1040 4535
1041 4541
1042 4544
1043 4545
1044 4546
1045 4547
1046 4557
1047 4580
1048 4581
1049 4582
1050 4583
1051 4587
1052 4588
1053 4589
1054 4594
1055 4598
1056 4607
1057 4608
1058 4609
1059 4610
1060 4611
1061 4615
1062 4619
1063 4629
1064 4639
1065 4648
1066 4649
1067 4657
1068 4658
1069 4659
1070 4668
1071 4669
1072 4670
1073 4671
1074 4672
1075 4673
1076 4674
1077 4675
1078 4684
1079 4685
1080 4686
1081 4706
1082 4710
1083 4715
1084 4716
1085 4721
1086 4722
1087 4723
1088 4728
1089 4729
1090 4737
1091 4738
1092 4739
1093 4740
1094 4746
1095 4747
1096 4748
1097 4756
1098 4757
1099 4758
1100 4766
1101 4767
1102 4768
1103 4773
1104 4776
1105 4777
1106 4778
1107 4786
1108 4794
1109 4797
1110 4800
1111 4802
1112 4803
1113 4804
1114 4808
1115 4813
1116 4828
1117 4831
1118 4833
1119 4834
1120 4835
1121 4836
1122 4842
1123 4843
1124 4844
1125 4845
1126 4850
1127 4852
1128 4855
1129 4856
1130 4857
1131 4858
1132 4861
1133 4862
1134 4867
1135 4875
1136 4885
1137 4894
1138 4895
1139 4900
1140 4901
1141 4902
1142 4905
1143 4912
1144 4921
1145 4922
1146 4923
1147 4931
1148 4935
1149 4936
1150 4937
1151 4955
1152 4956
1153 4957
1154 4958
1155 4959
1156 4960
1157 4962
1158 4963
1159 4964
1160 4965
1161 4971
1162 4972
1163 4973
1164 4979
1165 4980
1166 4981
1167 4984
1168 4985
1169 4988
1170 4989
1171 4990
1172 4991
1173 5020
1174 5021
1175 5022
1176 5023
1177 5029
1178 5037
1179 5039
1180 5040
1181 5041
1182 5050
1183 5063
1184 5064
1185 5065
1186 5082
1187 5084
1188 5087
1189 5090
1190 5092
1191 5100
1192 5101
1193 5102
1194 5106
1195 5108
1196 5117
1197 5118
1198 5123
1199 5137
1200 5147
1201 5148
1202 5149
1203 5150
1204 5164
1205 5165
1206 5166
1207 5167
1208 5168
1209 5177
1210 5178
1211 5179
1212 5187
1213 5192
1214 5209
1215 5210
1216 5211
1217 5217
1218 5218
1219 5219
1220 5229
1221 5233
1222 5234
1223 5235
1224 5250
1225 5251
1226 5252
1227 5264
1228 5265
1229 5266
1230 5276
1231 5286
1232 5288
1233 5293
1234 5295
1235 5298
1236 5306
1237 5314
1238 5315
1239 5316
1240 5317
1241 5319
1242 5338
1243 5344
1244 5346
1245 5362
1246 5377
1247 5378
1248 5379
1249 5393
1250 5394
1251 5396
1252 5397
1253 5413
1254 5414
1255 5415
1256 5416
1257 5417
1258 5418
1259 5425
1260 5426
1261 5427
1262 5428
1263 5443
1264 5444
1265 5445
1266 5446
1267 5447
1268 5448
1269 5453
1270 5471
1271 5472
1272 5473
1273 5486
1274 5506
1275 5521
1276 5522
1277 5523
1278 5524
1279 5525
1280 5526
1281 5541
1282 5542
1283 5544
1284 5545
1285 5546
1286 5547
1287 5553
1288 5554
1289 5555
1290 5556
1291 5557
1292 5567
1293 5573
1294 5574
1295 5575
1296 5580
1297 5581
1298 5582
1299 5590
1300 5593
1301 5600
1302 5601
1303 5602
1304 5613
1305 5614
1306 5615
1307 5619
1308 5639
1309 5644
1310 5648
1311 5650
1312 5652
1313 5653
1314 5660
1315 5667
1316 5668
1317 5669
1318 5670
1319 5671
1320 5672
1321 5673
1322 5674
1323 5682
1324 5684
1325 5692
1326 5694
1327 5695
1328 5696
1329 5701
1330 5702
1331 5705
1332 5709
1333 5717
1334 5718
1335 5719
1336 5720
1337 5721
1338 5722
1339 5724
1340 5729
1341 5736
1342 5738
1343 5742
1344 5743
1345 5744
1346 5745
1347 5746
1348 5747
1349 5748
1350 5749
1351 5766
1352 5767
1353 5768
1354 5771
1355 5772
1356 5773
1357 5775
1358 5776
1359 5777
1360 5778
1361 5787
1362 5788
1363 5789
1364 5794
1365 5795
1366 5796
1367 5797
1368 5800
1369 5819
1370 5820
1371 5821
1372 5823
1373 5828
1374 5829
1375 5830
1376 5832
1377 5833
1378 5834
1379 5836
1380 5846
1381 5849
1382 5851
1383 5852
1384 5853
1385 5856
1386 5857
1387 5858
1388 5863
1389 5864
1390 5865
1391 5866
1392 5867
1393 5870
1394 5871
1395 5872
1396 5873
1397 5874
1398 5875
1399 5876
1400 5877
1401 5878
1402 5895
1403 5898
1404 5899
1405 5900
1406 5902
1407 5903
1408 5904
1409 5905
1410 5906
1411 5907
1412 5916
1413 5923
1414 5948
1415 5951
1416 5957
1417 5961
1418 5963
1419 5964
1420 5965
1421 5973
1422 5974
1423 5975
1424 5980
1425 5985
1426 5992
1427 5994
1428 5999
1429 6000
1430 6001
1431 6005
1432 6026
1433 6027
1434 6028
1435 6031
1436 6034
1437 6064
1438 6066
1439 6077
1440 6078
1441 6079
1442 6080
1443 6085
1444 6091
1445 6092
1446 6102
1447 6107
1448 6108
1449 6109
1450 6119
1451 6144
1452 6155
1453 6160
1454 6186
1455 6191
1456 6192
1457 6193
1458 6194
1459 6195
1460 6204
1461 6205
1462 6206
1463 6207
1464 6209
1465 6212
1466 6213
1467 6214
1468 6218
1469 6219
1470 6220
1471 6236
1472 6246
1473 6247
1474 6248
1475 6253
1476 6270
1477 6272
1478 6273
1479 6283
1480 6287
1481 6288
1482 6289
1483 6313
1484 6314
1485 6315
1486 6320
1487 6322
1488 6328
1489 6333
1490 6336
1491 6337
1492 6338
1493 6341
1494 6342
1495 6343
1496 6346
1497 6347
1498 6356
1499 6363
1500 6364
1501 6365
1502 6366
1503 6375
1504 6376
1505 6377
1506 6380
1507 6381
1508 6382
1509 6397
1510 6398
1511 6399
1512 6400
1513 6406
1514 6410
1515 6411
1516 6412
1517 6413
1518 6416
1519 6423
1520 6442
1521 6455
1522 6456
1523 6457
1524 6465
1525 6468
1526 6469
1527 6470
1528 6473
1529 6474
1530 6475
1531 6483
1532 6484
1533 6485
1534 6492
1535 6493
1536 6494
1537 6495
1538 6497
1539 6504
1540 6509
1541 6510
1542 6511
1543 6526
1544 6533
1545 6534
1546 6535
1547 6539
1548 6540
1549 6541
1550 6542
1551 6550
1552 6551
1553 6552
1554 6565
1555 6569
1556 6584
1557 6595
1558 6596
1559 6597
1560 6598
1561 6599
1562 6602
1563 6612
1564 6619
1565 6620
1566 6621
1567 6622
1568 6624
1569 6625
1570 6626
1571 6638
1572 6653
1573 6654
1574 6655
1575 6662
1576 6669
1577 6679
1578 6692
1579 6693
1580 6694
1581 6696
1582 6697
1583 6698
1584 6724
1585 6725
1586 6726
1587 6727
1588 6728
1589 6748
1590 6753
1591 6754
1592 6755
1593 6756
1594 6771
1595 6772
1596 6782
1597 6787
1598 6788
1599 6810
1600 6817
1601 6821
1602 6825
1603 6843
1604 6852
1605 6855
1606 6880
1607 6881
1608 6882
1609 6883
1610 6884
1611 6885
1612 6898
1613 6899
1614 6900
1615 6901
1616 6908
1617 6914
1618 6915
1619 6916
1620 6917
1621 6937
1622 6938
1623 6939
1624 6944
1625 6945
1626 6946
1627 6970
1628 6971
1629 6972
1630 6979
1631 6980
1632 6981
1633 6990
1634 7009
1635 7010
1636 7011
1637 7012
1638 7027
1639 7028
1640 7032
1641 7035
1642 7036
1643 7037
1644 7043
1645 7044
1646 7045
1647 7059
1648 7062
1649 7063
1650 7064
1651 7065
1652 7066
1653 7073
1654 7099
1655 7108
1656 7117
1657 7118
1658 7119
1659 7138
1660 7159
1661 7160
1662 7161
1663 7163
1664 7164
1665 7169
1666 7170
1667 7171
1668 7172
1669 7173
1670 7174
1671 7186
1672 7187
1673 7188
1674 7189
1675 7190
1676 7191
1677 7192
1678 7193
1679 7194
1680 7211
1681 7238
1682 7240
1683 7246
1684 7257
1685 7269
1686 7271
1687 7279
1688 7286
1689 7287
1690 7288
1691 7289
1692 7290
1693 7291
1694 7292
1695 7296
1696 7297
1697 7298
1698 7299
1699 7301
1700 7304
1701 7306
1702 7315
1703 7318
1704 7319
1705 7321
1706 7338
1707 7339
1708 7340
1709 7365
1710 7366
1711 7367
1712 7368
1713 7369
1714 7384
1715 7385
1716 7386
1717 7396
1718 7397
1719 7398
1720 7399
1721 7400
1722 7406
1723 7407
1724 7408
1725 7413
1726 7414
1727 7415
1728 7416
1729 7419
1730 7425
1731 7431
1732 7432
1733 7433
1734 7434
1735 7435
1736 7436
1737 7442
1738 7467
1739 7468
1740 7469
1741 7484
1742 7494
1743 7496
1744 7513
1745 7525
1746 7527
1747 7535
1748 7536
1749 7537
1750 7542
1751 7560
1752 7562
1753 7563
1754 7564
1755 7565
1756 7568
1757 7569
1758 7570
1759 7571
1760 7589
1761 7596
1762 7603
1763 7607
1764 7611
1765 7612
1766 7613
1767 7616
1768 7623
1769 7629
1770 7652
1771 7653
1772 7654
1773 7664
1774 7665
1775 7666
1776 7668
1777 7680
1778 7688
1779 7692
1780 7695
1781 7696
1782 7697
1783 7698
1784 7699
1785 7716
1786 7717
1787 7718
1788 7730
1789 7731
1790 7732
1791 7734
1792 7735
1793 7736
1794 7740
1795 7743
1796 7744
1797 7745
1798 7750
1799 7751
1800 7752
1801 7756
1802 7757
1803 7758
1804 7781
1805 7792
1806 7793
1807 7794
1808 7795
1809 7796
1810 7797
1811 7808
1812 7809
1813 7815
1814 7816
1815 7817
1816 7824
1817 7826
1818 7845
1819 7857
1820 7858
1821 7859
1822 7863
1823 7864
1824 7872
1825 7879
1826 7883
1827 7884
1828 7885
1829 7890
1830 7907
1831 7919
1832 7921
1833 7924
1834 7935
1835 7936
1836 7944
1837 7949
1838 7953
1839 7954
1840 7955
1841 7986
1842 7991
1843 7992
1844 7993
1845 8011
1846 8012
1847 8017
1848 8018
1849 8019
1850 8025
1851 8034
1852 8035
1853 8036
1854 8044
1855 8046
1856 8047
1857 8048
1858 8076
1859 8077
1860 8078
1861 8082
1862 8095
1863 8098
1864 8120
1865 8138
1866 8139
1867 8140
1868 8146
1869 8152
1870 8153
1871 8154
1872 8162
1873 8163
1874 8171
1875 8172
1876 8173
1877 8175
1878 8176
1879 8205
1880 8222
1881 8223
1882 8224
1883 8225
1884 8226
1885 8227
1886 8240
1887 8252
1888 8262
1889 8267
1890 8281
1891 8282
1892 8283
1893 8289
1894 8290
1895 8291
1896 8300
1897 8302
1898 8303
1899 8304
1900 8305
1901 8329
1902 8351
1903 8354
1904 8357
1905 8362
1906 8367
1907 8368
1908 8369
1909 8375
1910 8379
1911 8380
1912 8381
1913 8383
1914 8389
1915 8390
1916 8391
1917 8397
1918 8406
1919 8410
1920 8416
1921 8418
1922 8431
1923 8432
1924 8435
1925 8455
1926 8456
1927 8457
1928 8458
1929 8484
1930 8485
1931 8486
1932 8489
1933 8490
1934 8491
1935 8496
1936 8502
1937 8503
1938 8504
1939 8508
1940 8510
1941 8511
1942 8512
1943 8518
1944 8524
1945 8525
1946 8526
1947 8533
1948 8534
1949 8535
1950 8537
1951 8543
1952 8544
1953 8545
1954 8552
1955 8554
1956 8557
1957 8562
1958 8563
1959 8564
1960 8582
1961 8583
1962 8584
1963 8585
1964 8606
1965 8613
1966 8616
1967 8617
1968 8618
1969 8626
1970 8631
1971 8639
1972 8653
1973 8654
1974 8660
1975 8661
1976 8662
1977 8664
1978 8665
1979 8666
1980 8670
1981 8671
1982 8672
1983 8679
1984 8680
1985 8681
1986 8682
1987 8683
1988 8684
1989 8685
1990 8686
1991 8689
1992 8690
1993 8691
1994 8692
1995 8711
1996 8712
1997 8713
1998 8733
1999 8734
2000 8735
2001 8742
2002 8745
2003 8753
2004 8754
2005 8755
2006 8781
2007 8782
2008 8783
2009 8789
2010 8793
2011 8799
2012 8808
2013 8810
2014 8813
2015 8818
2016 8819
2017 8820
2018 8821
2019 8840
2020 8862
2021 8869
2022 8870
2023 8871
2024 8882
2025 8910
2026 8928
2027 8936
2028 8940
2029 8948
2030 8954
2031 8968
2032 8979
2033 8997
2034 8998
2035 8999
2036 9001
2037 9003
2038 9009
2039 9016
2040 9021
2041 9039
2042 9055
2043 9056
2044 9057
2045 9063
2046 9064
2047 9065
2048 9067
2049 9068
2050 9069
2051 9081
2052 9082
2053 9083
2054 9095
2055 9096
2056 9097
2057 9106
2058 9107
2059 9108
2060 9126
2061 9128
2062 9129
2063 9130
2064 9131
2065 9132
2066 9136
2067 9137
2068 9138
2069 9140
2070 9143
2071 9144
2072 9145
2073 9148
2074 9149
2075 9150
2076 9151
2077 9166
2078 9167
2079 9168
2080 9184
2081 9192
2082 9193
2083 9194
2084 9196
2085 9208
2086 9210
2087 9216
2088 9217
2089 9220
2090 9224
2091 9235
2092 9237
2093 9250
2094 9257
2095 9259
2096 9265
2097 9267
2098 9268
2099 9269
2100 9271
2101 9272
2102 9277
2103 9278
2104 9279
2105 9280
2106 9283
2107 9284
2108 9295
2109 9298
2110 9321
2111 9335
2112 9336
2113 9337
2114 9344
2115 9345
2116 9346
2117 9347
2118 9348
2119 9349
2120 9364
2121 9365
2122 9366
2123 9369
2124 9374
2125 9375
2126 9377
2127 9378
2128 9379
2129 9396
2130 9398
2131 9399
2132 9400
2133 9407
2134 9410
2135 9411
2136 9412
2137 9413
2138 9420
2139 9425
2140 9426
2141 9427
2142 9429
2143 9433
2144 9455
2145 9464
2146 9471
2147 9472
2148 9473
2149 9474
2150 9475
2151 9476
2152 9484
2153 9492
2154 9493
2155 9494
2156 9496
2157 9497
2158 9498
2159 9501
2160 9502
2161 9503
2162 9504
2163 9505
2164 9506
2165 9518
2166 9527
2167 9534
2168 9535
2169 9536
2170 9539
2171 9540
2172 9547
2173 9548
2174 9549
2175 9554
2176 9556
2177 9557
2178 9558
2179 9560
2180 9561
2181 9562
2182 9577
2183 9582
2184 9583
2185 9584
2186 9591
2187 9601
2188 9602
2189 9603
2190 9611
2191 9612
2192 9613
2193 9621
2194 9623
2195 9624
2196 9625
2197 9630
2198 9631
2199 9632
2200 9633
2201 9634
2202 9645
2203 9646
2204 9647
2205 9650
2206 9651
2207 9659
2208 9663
2209 9676
2210 9685
2211 9689
2212 9694
2213 9698
2214 9701
2215 9704
2216 9705
2217 9706
2218 9711
2219 9718
2220 9719
2221 9720
2222 9728
2223 9729
2224 9730
2225 9731
2226 9740
2227 9744
2228 9745
2229 9751
2230 9752
2231 9753
2232 9759
2233 9761
2234 9774
2235 9777
2236 9778
2237 9779
2238 9780
2239 9786
2240 9787
2241 9788
2242 9808
2243 9816
2244 9817
2245 9818
2246 9821
2247 9822
2248 9823
2249 9825
2250 9826
2251 9827
2252 9828
2253 9829
2254 9830
2255 9831
2256 9833
2257 9847
2258 9856
2259 9857
2260 9858
2261 9867
2262 9868
2263 9869
2264 9871
2265 9872
2266 9873
2267 9874
2268 9880
2269 9903
2270 9906
2271 9907
2272 9915
2273 9923
2274 9925
2275 9934
2276 9935
2277 9936
2278 9937
2279 9945
2280 9950
2281 9951
2282 9954
2283 9957
2284 9958
2285 9959
2286 9960
2287 9977
2288 9979
2289 9980
2290 9983
2291 9984
2292 9996
2293 10000
2294 10001
2295 10006
2296 10024
2297 10030
2298 10031
2299 10032
2300 10033
2301 10034
2302 10035
2303 10050
2304 10051
2305 10052
2306 10053
2307 10054
2308 10061
2309 10062
2310 10063
2311 10064
2312 10073
2313 10078
2314 10079
2315 10080
2316 10085
2317 10086
2318 10087
2319 10104
2320 10105
2321 10106
2322 10107
2323 10108
2324 10109
2325 10113
2326 10121
2327 10122
2328 10131
2329 10133
2330 10134
2331 10135
2332 10151
2333 10152
2334 10153
2335 10156
2336 10159
2337 10161
2338 10162
2339 10163
2340 10179
2341 10181
2342 10190
2343 10191
2344 10200
2345 10201
2346 10202
2347 10206
2348 10207
2349 10208
2350 10214
2351 10228
2352 10233
2353 10235
2354 10236
2355 10240
2356 10241
2357 10242
2358 10248
2359 10249
2360 10250
2361 10251
2362 10258
2363 10259
2364 10260
2365 10262
2366 10268
2367 10269
2368 10270
2369 10274
2370 10278
2371 10280
2372 10283
2373 10284
2374 10285
2375 10290
2376 10315
2377 10328
2378 10329
2379 10333
2380 10335
2381 10355
2382 10356
2383 10357
2384 10359
2385 10362
2386 10368
2387 10369
2388 10370
2389 10377
2390 10378
2391 10387
2392 10395
2393 10396
2394 10397
2395 10398
2396 10399
2397 10401
2398 10402
2399 10403
2400 10405
2401 10406
2402 10407
2403 10412
2404 10433
2405 10442
2406 10443
2407 10444
2408 10445
2409 10455
2410 10456
2411 10457
2412 10460
2413 10461
2414 10462
2415 10484
2416 10486
2417 10487
2418 10488
2419 10489
2420 10490
2421 10491
2422 10495
2423 10496
2424 10497
2425 10498
2426 10499
2427 10524
2428 10525
2429 10526
2430 10530
2431 10534
2432 10547
2433 10560
2434 10561
2435 10562
2436 10568
2437 10571
2438 10572
2439 10573
2440 10574
2441 10582
2442 10584
2443 10587
2444 10588
2445 10589
2446 10604
2447 10609
2448 10615
2449 10616
2450 10617
2451 10618
2452 10620
2453 10626
2454 10644
2455 10646
2456 10671
2457 10674
2458 10675
2459 10676
2460 10678
2461 10685
2462 10689
2463 10695
2464 10696
2465 10697
2466 10701
2467 10709
2468 10710
2469 10711
2470 10716
2471 10719
2472 10721
2473 10723
2474 10726
2475 10731
2476 10732
2477 10733
2478 10735
2479 10736
2480 10737
2481 10738
2482 10745
2483 10747
2484 10748
2485 10749
2486 10755
2487 10771
2488 10772
2489 10773
2490 10774
2491 10775
2492 10779
2493 10798
2494 10799
2495 10800
2496 10802
2497 10803
2498 10804
2499 10805
2500 10806
2501 10807
2502 10812
2503 10813
2504 10814
2505 10824
2506 10832
2507 10838
2508 10846
2509 10847
2510 10848
2511 10849
2512 10850
2513 10851
2514 10852
2515 10853
2516 10854
2517 10855
2518 10860
2519 10862
2520 10863
2521 10864
2522 10865
2523 10876
2524 10882
2525 10883
2526 10884
2527 10896
2528 10900
2529 10902
2530 10906
2531 10907
2532 10908
2533 10927
2534 10931
2535 10932
2536 10934
2537 10935
2538 10940
2539 10941
2540 10942
2541 10945
2542 10959
2543 10960
2544 10961
2545 10975
2546 10977
2547 10979
2548 10982
2549 10988
2550 10989
2551 10990
2552 10991
2553 10992
2554 10993
2555 11011
2556 11023
2557 11024
2558 11025
2559 11035
2560 11059
2561 11060
2562 11061
2563 11062
2564 11063
2565 11064
2566 11069
2567 11072
2568 11073
2569 11074
2570 11081
2571 11088
2572 11115
2573 11116
2574 11117
2575 11118
2576 11119
2577 11120
2578 11143
2579 11152
2580 11154
2581 11188
2582 11191
2583 11192
2584 11201
2585 11202
2586 11203
2587 11208
2588 11209
2589 11210
2590 11244
2591 11245
2592 11246
2593 11247
2594 11270
2595 11271
2596 11272
2597 11281
2598 11282
2599 11283
2600 11301
2601 11303
2602 11305
2603 11309
2604 11317
2605 11319
2606 11320
2607 11321
2608 11330
2609 11337
2610 11358
2611 11364
2612 11369
2613 11374
2614 11399
2615 11410
2616 11428
2617 11429
2618 11430
2619 11431
2620 11432
2621 11433
2622 11434
2623 11436
2624 11437
2625 11438
2626 11444
2627 11445
2628 11446
2629 11448
2630 11449
2631 11461
2632 11464
2633 11465
2634 11466
2635 11484
2636 11485
2637 11486
2638 11487
2639 11491
2640 11492
2641 11493
2642 11496
2643 11497
2644 11498
2645 11499
2646 11540
2647 11551
2648 11557
2649 11559
2650 11561
2651 11565
2652 11573
2653 11576
2654 11577
2655 11578
2656 11588
2657 11589
2658 11590
2659 11593
2660 11594
2661 11597
2662 11599
2663 11611
2664 11612
2665 11613
2666 11614
2667 11618
2668 11619
2669 11620
2670 11625
2671 11626
2672 11627
2673 11628
2674 11630
2675 11652
2676 11653
2677 11657
2678 11662
2679 11667
2680 11668
2681 11669
2682 11676
2683 11678
2684 11679
2685 11680
2686 11705
2687 11717
2688 11721
2689 11722
2690 11723
2691 11724
2692 11725
2693 11726
2694 11727
2695 11728
2696 11740
2697 11743
2698 11747
2699 11753
2700 11754
2701 11755
2702 11757
2703 11758
2704 11759
2705 11767
2706 11776
2707 11779
2708 11780
2709 11781
2710 11782
2711 11784
2712 11785
2713 11786
2714 11789
2715 11790
2716 11791
2717 11796
2718 11803
2719 11804
2720 11805
2721 11807
2722 11835
2723 11839
2724 11848
2725 11849
2726 11850
2727 11853
2728 11855
2729 11859
2730 11870
2731 11871
2732 11872
2733 11882
2734 11886
2735 11894
2736 11895
2737 11896
2738 11897
2739 11904
2740 11905
2741 11908
2742 11909
2743 11911
2744 11912
2745 11913
2746 11918
2747 11932
2748 11956
2749 11962
2750 11963
2751 11964
2752 11966
2753 11967
2754 11968
2755 11977
2756 11982
2757 11983
2758 11984
2759 11986
2760 11987
2761 11988
2762 11999
2763 12005
2764 12015
2765 12023
2766 12024
2767 12025
2768 12026
2769 12031
2770 12032
2771 12036
2772 12037
2773 12038
2774 12040
2775 12059
2776 12060
2777 12061
2778 12074
2779 12077
2780 12083
2781 12084
2782 12085
2783 12091
2784 12094
2785 12095
2786 12097
2787 12111
2788 12113
2789 12115
2790 12132
2791 12133
2792 12134
2793 12142
2794 12143
2795 12144
2796 12153
2797 12165
2798 12167
2799 12168
2800 12169
2801 12180
2802 12188
2803 12201
2804 12202
2805 12203
2806 12204
2807 12205
2808 12206
2809 12212
2810 12221
2811 12222
2812 12223
2813 12224
2814 12225
2815 12226
2816 12240
2817 12241
2818 12242
2819 12261
2820 12262
2821 12271
2822 12275
2823 12281
2824 12296
2825 12307
2826 12308
2827 12309
2828 12313
2829 12330
2830 12333
2831 12350
2832 12351
2833 12352
2834 12353
2835 12354
2836 12369
2837 12383
2838 12388
2839 12389
2840 12390
2841 12391
2842 12396
2843 12402
2844 12403
2845 12404
2846 12405
2847 12408
2848 12409
2849 12410
2850 12425
2851 12436
2852 12440
2853 12441
2854 12442
2855 12449
2856 12453
2857 12467
2858 12478
2859 12479
2860 12480
2861 12481
2862 12505
2863 12510
2864 12511
2865 12512
2866 12517
2867 12518
2868 12520
2869 12523
2870 12524
2871 12525
2872 12531
2873 12532
2874 12533
2875 12534
2876 12537
2877 12542
2878 12549
2879 12551
2880 12552
2881 12553
2882 12554
2883 12568
2884 12569
2885 12570
2886 12571
2887 12576
2888 12577
2889 12578
2890 12580
2891 12581
2892 12582
2893 12594
2894 12595
2895 12596
2896 12597
2897 12607
2898 12632
2899 12633
2900 12634
2901 12639
2902 12645
2903 12646
2904 12647
2905 12648
2906 12649
2907 12651
2908 12652
2909 12660
2910 12661
2911 12662
2912 12668
2913 12669
2914 12670
2915 12671
2916 12676
2917 12677
2918 12678
2919 12679
2920 12680
2921 12681
2922 12687
2923 12689
2924 12695
2925 12696
2926 12697
2927 12698
2928 12705
2929 12709
2930 12722
2931 12723
2932 12724
2933 12725
2934 12726
2935 12761
2936 12764
2937 12774
2938 12776
2939 12778
2940 12779
2941 12780
2942 12789
2943 12795
2944 12796
2945 12797
2946 12798
2947 12805
2948 12807
2949 12814
2950 12815
2951 12816
2952 12817
2953 12818
2954 12824
2955 12848
2956 12849
2957 12850
2958 12851
2959 12853
2960 12878
2961 12891
2962 12892
2963 12893
2964 12907
2965 12912
2966 12924
2967 12937
2968 12942
2969 12943
2970 12944
2971 12945
2972 12959
2973 12975
2974 12976
2975 12977
2976 12978
2977 12984
2978 12985
2979 13005
2980 13006
2981 13007
2982 13020
2983 13032
2984 13039
2985 13040
2986 13041
2987 13055
2988 13056
2989 13064
2990 13065
2991 13066
2992 13071
2993 13075
2994 13086
2995 13087
2996 13088
2997 13104
2998 13111
2999 13112
3000 13113
3001 13114
3002 13134
3003 13159
3004 13160
3005 13161
3006 13162
3007 13166
3008 13167
3009 13168
3010 13182
3011 13183
3012 13190
3013 13193
3014 13202
3015 13203
3016 13204
3017 13215
3018 13240
3019 13241
3020 13244
3021 13288
3022 13289
3023 13290
3024 13291
3025 13295
3026 13311
3027 13317
3028 13318
3029 13319
3030 13320
3031 13322
3032 13331
3033 13343
3034 13368
3035 13369
3036 13370
3037 13371
3038 13372
3039 13373
3040 13415
3041 13418
3042 13425
3043 13427
3044 13446
3045 13447
3046 13448
3047 13449
3048 13450
3049 13451
3050 13470
3051 13471
3052 13472
3053 13487
3054 13497
3055 13500
3056 13509
3057 13521
3058 13542
3059 13543
3060 13544
3061 13552
3062 13553
3063 13554
3064 13555
3065 13556
3066 13557
3067 13573
3068 13574
3069 13575
3070 13576
3071 13578
3072 13581
3073 13583
3074 13599
3075 13614
3076 13615
3077 13616
3078 13627
3079 13628
3080 13629
3081 13636
3082 13637
3083 13638
3084 13641
3085 13648
3086 13649
3087 13650
3088 13658
3089 13670
3090 13671
3091 13679
3092 13681
3093 13683
3094 13684
3095 13685
3096 13686
3097 13694
3098 13702
3099 13708
3100 13709
3101 13710
3102 13711
3103 13712
3104 13727
3105 13741
3106 13742
3107 13743
3108 13755
3109 13756
3110 13763
3111 13764
3112 13765
3113 13766
3114 13767
3115 13768
3116 13769
3117 13770
3118 13777
3119 13785
3120 13786
3121 13787
3122 13797
3123 13798
3124 13799
3125 13806
3126 13807
3127 13808
3128 13813
3129 13821
3130 13822
3131 13823
3132 13837
3133 13839
3134 13854
3135 13855
3136 13856
3137 13870
3138 13882
3139 13883
3140 13884
3141 13892
3142 13894
3143 13897
3144 13900
3145 13914
3146 13926
3147 13934
3148 13935
3149 13936
3150 13950
3151 13979
3152 13983
3153 13984
3154 13985
3155 14011
3156 14027
3157 14028
3158 14029
3159 14042
3160 14047
3161 14058
3162 14061
3163 14062
3164 14063
3165 14090
3166 14106
3167 14107
3168 14108
3169 14112
3170 14156
3171 14164
3172 14169
3173 14170
3174 14171
3175 14174
3176 14175
3177 14176
3178 14185
3179 14186
3180 14187
3181 14188
3182 14189
3183 14190
3184 14210
3185 14216
3186 14217
3187 14218
3188 14219
3189 14226
3190 14233
3191 14235
3192 14261
3193 14288
3194 14291
3195 14292
3196 14293
3197 14298
3198 14303
3199 14309
3200 14314
3201 14317
3202 14321
3203 14337
3204 14338
3205 14339
3206 14342
3207 14343
3208 14344
3209 14345
3210 14346
3211 14353
3212 14354
3213 14355
3214 14360
3215 14361
3216 14362
3217 14377
3218 14388
3219 14389
3220 14390
3221 14391
3222 14409
3223 14410
3224 14415
3225 14416
3226 14417
3227 14420
3228 14436
3229 14437
3230 14438
3231 14448
3232 14449
3233 14450
3234 14466
3235 14469
3236 14470
3237 14471
3238 14472
3239 14473
3240 14482
3241 14489
3242 14504
3243 14505
3244 14506
3245 14517
3246 14518
3247 14519
3248 14520
3249 14533
3250 14536
3251 14537
3252 14538
3253 14539
3254 14544
3255 14565
3256 14577
3257 14579
3258 14588
3259 14598
3260 14599
3261 14600
3262 14601
3263 14602
3264 14609
3265 14610
3266 14611
3267 14613
3268 14633
3269 14647
3270 14654
3271 14656
3272 14660
3273 14661
3274 14662
3275 14665
3276 14666
3277 14683
3278 14706
3279 14707
3280 14708
3281 14715
3282 14716
3283 14717
3284 14728
3285 14729
3286 14733
3287 14738
3288 14740
3289 14741
3290 14742
3291 14769
3292 14772
3293 14781
3294 14782
3295 14783
3296 14784
3297 14785
3298 14789
3299 14793
3300 14794
3301 14795
3302 14796
3303 14799
3304 14810
3305 14811
3306 14812
3307 14815
3308 14835
3309 14836
3310 14837
3311 14844
3312 14855
3313 14857
3314 14860
3315 14861
3316 14862
3317 14869
3318 14888
3319 14896
3320 14897
3321 14898
3322 14899
3323 14900
3324 14901
3325 14909
3326 14910
3327 14912
3328 14915
3329 14922
3330 14923
3331 14924
3332 14925
3333 14926
3334 14927
3335 14928
3336 14939
3337 14942
3338 14943
3339 14944
3340 14959
3341 14964
3342 14978
3343 14982
3344 14983
3345 14984
3346 14985
3347 14986
3348 14989
3349 14991
3350 14999
3351 15014
3352 15015
3353 15016
3354 15017
3355 15025
3356 15027
3357 15028
3358 15034
3359 15036
3360 15037
3361 15038
3362 15042
3363 15043
3364 15044
3365 15052
3366 15055
3367 15071
3368 15086
3369 15087
3370 15088
3371 15092
3372 15105
3373 15106
3374 15107
3375 15111
3376 15113
3377 15118
3378 15119
3379 15120
3380 15126
3381 15127
3382 15128
3383 15141
3384 15142
3385 15143
3386 15144
3387 15145
3388 15150
3389 15154
3390 15155
3391 15156
3392 15161
3393 15162
3394 15163
3395 15164
3396 15165
3397 15171
3398 15175
3399 15178
3400 15204
3401 15213
3402 15214
3403 15215
3404 15218
3405 15219
3406 15220
3407 15221
3408 15234
3409 15240
3410 15241
3411 15242
3412 15243
3413 15247
3414 15251
3415 15255
3416 15270
3417 15271
3418 15272
3419 15273
3420 15277
3421 15278
3422 15279
3423 15281
3424 15283
3425 15290
3426 15291
3427 15292
3428 15293
3429 15294
3430 15302
3431 15303
3432 15304
3433 15305
3434 15306
3435 15307
3436 15308
3437 15318
3438 15319
3439 15331
3440 15332
3441 15333
3442 15335
3443 15342
3444 15345
3445 15346
3446 15347
3447 15348
3448 15358
3449 15360
3450 15366
3451 15369
3452 15370
3453 15371
3454 15372
3455 15374
3456 15378
3457 15379
3458 15380
3459 15398
3460 15399
3461 15400
3462 15401
3463 15402
3464 15406
3465 15408
3466 15409
3467 15410
3468 15420
3469 15421
3470 15427
3471 15431
3472 15434
3473 15435
3474 15436
3475 15437
3476 15441
3477 15445
3478 15446
3479 15447
3480 15448
3481 15460
3482 15462
3483 15463
3484 15464
3485 15469
3486 15470
3487 15471
3488 15474
3489 15485
3490 15486
3491 15487
3492 15488
3493 15489
3494 15492
3495 15493
3496 15494
3497 15495
3498 15499
3499 15501
3500 15502
3501 15503
3502 15505
3503 15507
3504 15527
3505 15529
3506 15537
3507 15551
3508 15554
3509 15555
3510 15556
3511 15559
3512 15564
3513 15568
3514 15569
3515 15570
3516 15574
3517 15575
3518 15591
3519 15598
3520 15610
3521 15614
3522 15615
3523 15616
3524 15619
3525 15620
3526 15621
3527 15622
3528 15626
3529 15627
3530 15628
3531 15630
3532 15632
3533 15633
3534 15634
3535 15635
3536 15639
3537 15640
3538 15653
3539 15657
3540 15670
3541 15678
3542 15679
3543 15680
3544 15683
3545 15686
3546 15687
3547 15688
3548 15696
3549 15697
3550 15704
3551 15715
3552 15730
3553 15737
3554 15738
3555 15739
3556 15748
3557 15755
3558 15761
3559 15762
3560 15763
3561 15764
3562 15766
3563 15767
3564 15768
3565 15769
3566 15780
3567 15781
3568 15782
3569 15784
3570 15785
3571 15786
3572 15797
3573 15798
3574 15799
3575 15805
3576 15807
3577 15808
3578 15809
3579 15815
3580 15821
3581 15823
3582 15824
3583 15825
3584 15831
3585 15832
3586 15833
3587 15842
3588 15843
3589 15844
3590 15857
3591 15858
3592 15859
3593 15866
3594 15891
3595 15895
3596 15896
3597 15901
3598 15909
3599 15913
3600 15921
3601 15926
3602 15932
3603 15933
3604 15934
3605 15935
3606 15936
3607 15937
3608 15948
3609 15949
3610 15950
3611 15952
3612 15960
3613 15971
3614 15984
3615 15985
3616 15986
3617 15987
3618 15998
3619 16028
3620 16029
3621 16030
3622 16042
3623 16048
3624 16049
3625 16050
3626 16061
3627 16064
3628 16077
3629 16113
3630 16114
3631 16115
3632 16116
3633 16125
3634 16126
3635 16127
3636 16138
3637 16140
3638 16150
3639 16151
3640 16157
3641 16161
3642 16162
3643 16169
3644 16170
3645 16171
3646 16177
3647 16187
3648 16240
3649 16241
3650 16242
3651 16243
3652 16250
3653 16254
3654 16257
3655 16265
3656 16266
3657 16267
3658 16268
3659 16269
3660 16277
3661 16278
3662 16279
3663 16280
3664 16288
3665 16289
3666 16290
3667 16291
3668 16292
3669 16293
3670 16297
3671 16298
3672 16299
3673 16304
3674 16305
3675 16306
3676 16314
3677 16315
3678 16316
3679 16348
3680 16362
3681 16369
3682 16370
3683 16375
3684 16377
3685 16378
3686 16379
