dx 0.007812
dy 0.007812
numResidualPts 819
numStatePts 3691
1 0.511719 0.503906 0 0.503906 0.503906 3 0.511719 0.511719 2 0.519531 0.503906 4 0.511719 0.496094 
9 0.488281 0.488281 11 0.480469 0.488281 5 0.488281 0.496094 7 0.496094 0.488281 13 0.488281 0.480469 
10 0.496094 0.527344 12 0.488281 0.527344 14 0.496094 0.535156 8 0.503906 0.527344 6 0.496094 0.519531 
21 0.527344 0.535156 16 0.519531 0.535156 29 0.527344 0.542969 28 0.535156 0.535156 15 0.527344 0.527344 
25 0.480469 0.472656 32 0.472656 0.472656 17 0.480469 0.480469 18 0.488281 0.472656 33 0.480469 0.464844 
27 0.542969 0.480469 20 0.535156 0.480469 19 0.542969 0.488281 34 0.550781 0.480469 35 0.542969 0.472656 
31 0.472656 0.535156 37 0.464844 0.535156 39 0.472656 0.542969 24 0.480469 0.535156 22 0.472656 0.527344 
32 0.472656 0.472656 38 0.464844 0.472656 23 0.472656 0.480469 25 0.480469 0.472656 40 0.472656 0.464844 
33 0.480469 0.464844 40 0.472656 0.464844 25 0.480469 0.472656 26 0.488281 0.464844 41 0.480469 0.457031 
36 0.433594 0.503906 45 0.425781 0.503906 46 0.433594 0.511719 30 0.441406 0.503906 47 0.433594 0.496094 
50 0.582031 0.511719 43 0.574219 0.511719 62 0.582031 0.519531 60 0.589844 0.511719 42 0.582031 0.503906 
51 0.582031 0.496094 44 0.574219 0.496094 42 0.582031 0.503906 61 0.589844 0.496094 63 0.582031 0.488281 
58 0.480469 0.441406 69 0.472656 0.441406 48 0.480469 0.449219 49 0.488281 0.441406 70 0.480469 0.433594 
66 0.550781 0.550781 53 0.542969 0.550781 76 0.550781 0.558594 75 0.558594 0.550781 52 0.550781 0.542969 
67 0.449219 0.464844 78 0.441406 0.464844 54 0.449219 0.472656 56 0.457031 0.464844 80 0.449219 0.457031 
68 0.457031 0.550781 79 0.449219 0.550781 81 0.457031 0.558594 57 0.464844 0.550781 55 0.457031 0.542969 
71 0.503906 0.410156 82 0.496094 0.410156 59 0.503906 0.417969 77 0.511719 0.410156 83 0.503906 0.402344 
74 0.574219 0.472656 65 0.566406 0.472656 64 0.574219 0.480469 86 0.582031 0.472656 87 0.574219 0.464844 
84 0.605469 0.496094 73 0.597656 0.496094 72 0.605469 0.503906 94 0.613281 0.496094 95 0.605469 0.488281 
95 0.605469 0.488281 85 0.597656 0.488281 84 0.605469 0.496094 106 0.613281 0.488281 107 0.605469 0.480469 
98 0.574219 0.457031 88 0.566406 0.457031 87 0.574219 0.464844 109 0.582031 0.457031 110 0.574219 0.449219 
101 0.511719 0.394531 92 0.503906 0.394531 89 0.511719 0.402344 112 0.519531 0.394531 114 0.511719 0.386719 
102 0.449219 0.441406 117 0.441406 0.441406 90 0.449219 0.449219 91 0.457031 0.441406 118 0.449219 0.433594 
105 0.628906 0.503906 93 0.621094 0.503906 123 0.628906 0.511719 122 0.636719 0.503906 124 0.628906 0.496094 
108 0.582031 0.550781 97 0.574219 0.550781 127 0.582031 0.558594 126 0.589844 0.550781 96 0.582031 0.542969 
111 0.519531 0.613281 100 0.511719 0.613281 129 0.519531 0.621094 128 0.527344 0.613281 99 0.519531 0.605469 
121 0.488281 0.613281 132 0.480469 0.613281 133 0.488281 0.621094 104 0.496094 0.613281 103 0.488281 0.605469 
129 0.519531 0.621094 113 0.511719 0.621094 139 0.519531 0.628906 138 0.527344 0.621094 111 0.519531 0.613281 
130 0.417969 0.550781 142 0.410156 0.550781 143 0.417969 0.558594 116 0.425781 0.550781 115 0.417969 0.542969 
131 0.472656 0.605469 146 0.464844 0.605469 147 0.472656 0.613281 120 0.480469 0.605469 119 0.472656 0.597656 
135 0.628906 0.519531 125 0.621094 0.519531 150 0.628906 0.527344 149 0.636719 0.519531 123 0.628906 0.511719 
148 0.488281 0.628906 164 0.480469 0.628906 165 0.488281 0.636719 134 0.496094 0.628906 133 0.488281 0.621094 
152 0.558594 0.410156 137 0.550781 0.410156 136 0.558594 0.417969 168 0.566406 0.410156 170 0.558594 0.402344 
158 0.363281 0.496094 174 0.355469 0.496094 140 0.363281 0.503906 141 0.371094 0.496094 175 0.363281 0.488281 
160 0.425781 0.433594 178 0.417969 0.433594 144 0.425781 0.441406 145 0.433594 0.433594 180 0.425781 0.425781 
169 0.558594 0.605469 153 0.550781 0.605469 186 0.558594 0.613281 184 0.566406 0.605469 151 0.558594 0.597656 
172 0.542969 0.621094 155 0.535156 0.621094 189 0.542969 0.628906 188 0.550781 0.621094 154 0.542969 0.613281 
173 0.519531 0.644531 157 0.511719 0.644531 191 0.519531 0.652344 190 0.527344 0.644531 156 0.519531 0.636719 
179 0.425781 0.582031 198 0.417969 0.582031 199 0.425781 0.589844 161 0.433594 0.582031 159 0.425781 0.574219 
181 0.449219 0.605469 200 0.441406 0.605469 201 0.449219 0.613281 163 0.457031 0.605469 162 0.449219 0.597656 
182 0.574219 0.597656 167 0.566406 0.597656 206 0.574219 0.605469 205 0.582031 0.597656 166 0.574219 0.589844 
187 0.558594 0.394531 171 0.550781 0.394531 170 0.558594 0.402344 208 0.566406 0.394531 209 0.558594 0.386719 
197 0.394531 0.449219 214 0.386719 0.449219 176 0.394531 0.457031 177 0.402344 0.449219 215 0.394531 0.441406 
207 0.574219 0.402344 185 0.566406 0.402344 183 0.574219 0.410156 226 0.582031 0.402344 227 0.574219 0.394531 
210 0.371094 0.464844 232 0.363281 0.464844 192 0.371094 0.472656 194 0.378906 0.464844 234 0.371094 0.457031 
211 0.378906 0.550781 233 0.371094 0.550781 235 0.378906 0.558594 195 0.386719 0.550781 193 0.378906 0.542969 
213 0.386719 0.558594 235 0.378906 0.558594 237 0.386719 0.566406 196 0.394531 0.558594 195 0.386719 0.550781 
220 0.488281 0.347656 242 0.480469 0.347656 202 0.488281 0.355469 203 0.496094 0.347656 243 0.488281 0.339844 
221 0.683594 0.503906 204 0.675781 0.503906 245 0.683594 0.511719 244 0.691406 0.503906 246 0.683594 0.496094 
236 0.378906 0.449219 261 0.371094 0.449219 212 0.378906 0.457031 214 0.386719 0.449219 262 0.378906 0.441406 
240 0.433594 0.613281 264 0.425781 0.613281 265 0.433594 0.621094 217 0.441406 0.613281 216 0.433594 0.605469 
241 0.449219 0.628906 266 0.441406 0.628906 267 0.449219 0.636719 219 0.457031 0.628906 218 0.449219 0.621094 
248 0.636719 0.558594 223 0.628906 0.558594 273 0.636719 0.566406 272 0.644531 0.558594 222 0.636719 0.550781 
250 0.621094 0.574219 225 0.613281 0.574219 275 0.621094 0.582031 274 0.628906 0.574219 224 0.621094 0.566406 
253 0.566406 0.628906 229 0.558594 0.628906 280 0.566406 0.636719 278 0.574219 0.628906 228 0.566406 0.621094 
258 0.347656 0.472656 285 0.339844 0.472656 230 0.347656 0.480469 231 0.355469 0.472656 286 0.347656 0.464844 
260 0.363281 0.457031 287 0.355469 0.457031 232 0.363281 0.464844 234 0.371094 0.457031 288 0.363281 0.449219 
263 0.410156 0.410156 289 0.402344 0.410156 238 0.410156 0.417969 239 0.417969 0.410156 290 0.410156 0.402344 
272 0.644531 0.558594 248 0.636719 0.558594 306 0.644531 0.566406 305 0.652344 0.558594 247 0.644531 0.550781 
273 0.636719 0.566406 249 0.628906 0.566406 307 0.636719 0.574219 306 0.644531 0.566406 248 0.636719 0.558594 
276 0.597656 0.402344 252 0.589844 0.402344 251 0.597656 0.410156 310 0.605469 0.402344 311 0.597656 0.394531 
283 0.316406 0.496094 318 0.308594 0.496094 254 0.316406 0.503906 256 0.324219 0.496094 320 0.316406 0.488281 
284 0.324219 0.519531 319 0.316406 0.519531 321 0.324219 0.527344 257 0.332031 0.519531 255 0.324219 0.511719 
286 0.347656 0.464844 322 0.339844 0.464844 258 0.347656 0.472656 259 0.355469 0.464844 323 0.347656 0.457031 
300 0.675781 0.472656 269 0.667969 0.472656 268 0.675781 0.480469 336 0.683594 0.472656 337 0.675781 0.464844 
304 0.660156 0.457031 271 0.652344 0.457031 270 0.660156 0.464844 339 0.667969 0.457031 340 0.660156 0.449219 
307 0.636719 0.574219 274 0.628906 0.574219 342 0.636719 0.582031 341 0.644531 0.574219 273 0.636719 0.566406 
314 0.582031 0.378906 279 0.574219 0.378906 277 0.582031 0.386719 345 0.589844 0.378906 346 0.582031 0.371094 
315 0.558594 0.355469 282 0.550781 0.355469 281 0.558594 0.363281 347 0.566406 0.355469 348 0.558594 0.347656 
326 0.402344 0.402344 351 0.394531 0.402344 289 0.402344 0.410156 290 0.410156 0.402344 352 0.402344 0.394531 
327 0.417969 0.621094 353 0.410156 0.621094 354 0.417969 0.628906 292 0.425781 0.621094 291 0.417969 0.613281 
330 0.457031 0.660156 356 0.449219 0.660156 358 0.457031 0.667969 295 0.464844 0.660156 293 0.457031 0.652344 
331 0.457031 0.347656 357 0.449219 0.347656 294 0.457031 0.355469 296 0.464844 0.347656 359 0.457031 0.339844 
334 0.472656 0.332031 361 0.464844 0.332031 297 0.472656 0.339844 298 0.480469 0.332031 362 0.472656 0.324219 
335 0.714844 0.503906 299 0.707031 0.503906 364 0.714844 0.511719 363 0.722656 0.503906 365 0.714844 0.496094 
338 0.667969 0.550781 303 0.660156 0.550781 372 0.667969 0.558594 370 0.675781 0.550781 301 0.667969 0.542969 
339 0.667969 0.457031 304 0.660156 0.457031 302 0.667969 0.464844 371 0.675781 0.457031 373 0.667969 0.449219 
341 0.644531 0.574219 307 0.636719 0.574219 375 0.644531 0.582031 374 0.652344 0.574219 306 0.644531 0.566406 
343 0.621094 0.597656 309 0.613281 0.597656 377 0.621094 0.605469 376 0.628906 0.597656 308 0.621094 0.589844 
344 0.589844 0.628906 313 0.582031 0.628906 379 0.589844 0.636719 378 0.597656 0.628906 312 0.589844 0.621094 
349 0.519531 0.699219 317 0.511719 0.699219 381 0.519531 0.707031 380 0.527344 0.699219 316 0.519531 0.691406 
350 0.355469 0.441406 382 0.347656 0.441406 324 0.355469 0.449219 325 0.363281 0.441406 383 0.355469 0.433594 
355 0.441406 0.355469 384 0.433594 0.355469 328 0.441406 0.363281 329 0.449219 0.355469 385 0.441406 0.347656 
358 0.457031 0.667969 386 0.449219 0.667969 387 0.457031 0.675781 332 0.464844 0.667969 330 0.457031 0.660156 
360 0.464844 0.675781 387 0.457031 0.675781 388 0.464844 0.683594 333 0.472656 0.675781 332 0.464844 0.667969 
373 0.667969 0.449219 340 0.660156 0.449219 339 0.667969 0.457031 399 0.675781 0.449219 400 0.667969 0.441406 
394 0.707031 0.527344 367 0.699219 0.527344 414 0.707031 0.535156 413 0.714844 0.527344 366 0.707031 0.519531 
396 0.699219 0.535156 368 0.691406 0.535156 416 0.699219 0.542969 414 0.707031 0.535156 367 0.699219 0.527344 
398 0.683594 0.457031 371 0.675781 0.457031 369 0.683594 0.464844 417 0.691406 0.457031 418 0.683594 0.449219 
409 0.472656 0.699219 433 0.464844 0.699219 434 0.472656 0.707031 390 0.480469 0.699219 389 0.472656 0.691406 
410 0.488281 0.714844 435 0.480469 0.714844 436 0.488281 0.722656 392 0.496094 0.714844 391 0.488281 0.707031 
411 0.496094 0.722656 436 0.488281 0.722656 437 0.496094 0.730469 393 0.503906 0.722656 392 0.496094 0.714844 
415 0.707031 0.472656 397 0.699219 0.472656 395 0.707031 0.480469 439 0.714844 0.472656 440 0.707031 0.464844 
421 0.574219 0.339844 402 0.566406 0.339844 401 0.574219 0.347656 444 0.582031 0.339844 445 0.574219 0.332031 
425 0.292969 0.480469 452 0.285156 0.480469 403 0.292969 0.488281 404 0.300781 0.480469 453 0.292969 0.472656 
429 0.339844 0.574219 458 0.332031 0.574219 460 0.339844 0.582031 406 0.347656 0.574219 405 0.339844 0.566406 
432 0.433594 0.667969 464 0.425781 0.667969 465 0.433594 0.675781 408 0.441406 0.667969 407 0.433594 0.660156 
437 0.496094 0.730469 470 0.488281 0.730469 471 0.496094 0.738281 412 0.503906 0.730469 411 0.496094 0.722656 
441 0.613281 0.371094 420 0.605469 0.371094 419 0.613281 0.378906 476 0.621094 0.371094 477 0.613281 0.363281 
449 0.519531 0.730469 423 0.511719 0.730469 484 0.519531 0.738281 482 0.527344 0.730469 422 0.519531 0.722656 
451 0.511719 0.269531 438 0.503906 0.269531 424 0.511719 0.277344 485 0.519531 0.269531 486 0.511719 0.261719 
453 0.292969 0.472656 487 0.285156 0.472656 425 0.292969 0.480469 426 0.300781 0.472656 488 0.292969 0.464844 
456 0.324219 0.566406 490 0.316406 0.566406 491 0.324219 0.574219 428 0.332031 0.566406 427 0.324219 0.558594 
463 0.402344 0.644531 498 0.394531 0.644531 499 0.402344 0.652344 431 0.410156 0.644531 430 0.402344 0.636719 
478 0.589844 0.667969 443 0.582031 0.667969 510 0.589844 0.675781 509 0.597656 0.667969 442 0.589844 0.660156 
481 0.558594 0.699219 447 0.550781 0.699219 514 0.558594 0.707031 513 0.566406 0.699219 446 0.558594 0.691406 
483 0.527344 0.277344 450 0.519531 0.277344 448 0.527344 0.285156 515 0.535156 0.277344 516 0.527344 0.269531 
485 0.519531 0.269531 451 0.511719 0.269531 450 0.519531 0.277344 516 0.527344 0.269531 517 0.519531 0.261719 
489 0.300781 0.457031 520 0.292969 0.457031 454 0.300781 0.464844 455 0.308594 0.457031 521 0.300781 0.449219 
492 0.324219 0.433594 522 0.316406 0.433594 457 0.324219 0.441406 459 0.332031 0.433594 523 0.324219 0.425781 
495 0.371094 0.621094 525 0.363281 0.621094 526 0.371094 0.628906 462 0.378906 0.621094 461 0.371094 0.613281 
500 0.441406 0.316406 528 0.433594 0.316406 466 0.441406 0.324219 467 0.449219 0.316406 529 0.441406 0.308594 
502 0.464844 0.714844 530 0.457031 0.714844 531 0.464844 0.722656 469 0.472656 0.714844 468 0.464844 0.707031 
507 0.644531 0.386719 474 0.636719 0.386719 472 0.644531 0.394531 541 0.652344 0.386719 543 0.644531 0.378906 
508 0.636719 0.628906 475 0.628906 0.628906 544 0.636719 0.636719 542 0.644531 0.628906 473 0.636719 0.621094 
512 0.574219 0.691406 480 0.566406 0.691406 549 0.574219 0.699219 548 0.582031 0.691406 479 0.574219 0.683594 
516 0.527344 0.269531 485 0.519531 0.269531 483 0.527344 0.277344 550 0.535156 0.269531 551 0.527344 0.261719 
524 0.355469 0.613281 557 0.347656 0.613281 559 0.355469 0.621094 494 0.363281 0.613281 493 0.355469 0.605469 
527 0.371094 0.378906 561 0.363281 0.378906 496 0.371094 0.386719 497 0.378906 0.378906 562 0.371094 0.371094 
529 0.441406 0.308594 563 0.433594 0.308594 500 0.441406 0.316406 501 0.449219 0.308594 564 0.441406 0.300781 
537 0.714844 0.558594 504 0.707031 0.558594 569 0.714844 0.566406 568 0.722656 0.558594 503 0.714844 0.550781 
540 0.691406 0.582031 506 0.683594 0.582031 573 0.691406 0.589844 571 0.699219 0.582031 505 0.691406 0.574219 
547 0.597656 0.675781 510 0.589844 0.675781 580 0.597656 0.683594 579 0.605469 0.675781 509 0.597656 0.667969 
548 0.582031 0.691406 512 0.574219 0.691406 582 0.582031 0.699219 581 0.589844 0.691406 511 0.582031 0.683594 
552 0.261719 0.480469 583 0.253906 0.480469 518 0.261719 0.488281 519 0.269531 0.480469 584 0.261719 0.472656 
565 0.480469 0.746094 592 0.472656 0.746094 593 0.480469 0.753906 533 0.488281 0.746094 532 0.480469 0.738281 
566 0.753906 0.527344 535 0.746094 0.527344 597 0.753906 0.535156 596 0.761719 0.527344 534 0.753906 0.519531 
568 0.722656 0.558594 537 0.714844 0.558594 602 0.722656 0.566406 600 0.730469 0.558594 536 0.722656 0.550781 
570 0.707031 0.433594 539 0.699219 0.433594 538 0.707031 0.441406 603 0.714844 0.433594 604 0.707031 0.425781 
578 0.621094 0.347656 546 0.613281 0.347656 545 0.621094 0.355469 610 0.628906 0.347656 611 0.621094 0.339844 
585 0.269531 0.464844 616 0.261719 0.464844 553 0.269531 0.472656 554 0.277344 0.464844 617 0.269531 0.457031 
586 0.324219 0.597656 618 0.316406 0.597656 619 0.324219 0.605469 556 0.332031 0.597656 555 0.324219 0.589844 
587 0.347656 0.386719 620 0.339844 0.386719 558 0.347656 0.394531 560 0.355469 0.386719 621 0.347656 0.378906 
589 0.363281 0.371094 622 0.355469 0.371094 561 0.363281 0.378906 562 0.371094 0.371094 623 0.363281 0.363281 
600 0.730469 0.558594 568 0.722656 0.558594 638 0.730469 0.566406 636 0.738281 0.558594 567 0.730469 0.550781 
605 0.699219 0.417969 574 0.691406 0.417969 572 0.699219 0.425781 639 0.707031 0.417969 640 0.699219 0.410156 
606 0.691406 0.410156 575 0.683594 0.410156 574 0.691406 0.417969 640 0.699219 0.410156 641 0.691406 0.402344 
609 0.628906 0.660156 577 0.621094 0.660156 644 0.628906 0.667969 643 0.636719 0.660156 576 0.628906 0.652344 
622 0.355469 0.371094 652 0.347656 0.371094 588 0.355469 0.378906 589 0.363281 0.371094 653 0.355469 0.363281 
628 0.417969 0.699219 656 0.410156 0.699219 657 0.417969 0.707031 591 0.425781 0.699219 590 0.417969 0.691406 
633 0.777344 0.519531 595 0.769531 0.519531 665 0.777344 0.527344 664 0.785156 0.519531 594 0.777344 0.511719 
636 0.738281 0.558594 600 0.730469 0.558594 669 0.738281 0.566406 667 0.746094 0.558594 598 0.738281 0.550781 
637 0.738281 0.449219 601 0.730469 0.449219 599 0.738281 0.457031 668 0.746094 0.449219 670 0.738281 0.441406 
642 0.675781 0.621094 608 0.667969 0.621094 675 0.675781 0.628906 673 0.683594 0.621094 607 0.675781 0.613281 
647 0.605469 0.691406 613 0.597656 0.691406 681 0.605469 0.699219 680 0.613281 0.691406 612 0.605469 0.683594 
649 0.566406 0.277344 615 0.558594 0.277344 614 0.566406 0.285156 682 0.574219 0.277344 683 0.566406 0.269531 
654 0.378906 0.339844 694 0.371094 0.339844 624 0.378906 0.347656 626 0.386719 0.339844 696 0.378906 0.332031 
655 0.386719 0.675781 695 0.378906 0.675781 697 0.386719 0.683594 627 0.394531 0.675781 625 0.386719 0.667969 
660 0.472656 0.246094 701 0.464844 0.246094 629 0.472656 0.253906 630 0.480469 0.246094 702 0.472656 0.238281 
663 0.503906 0.214844 706 0.496094 0.214844 631 0.503906 0.222656 688 0.511719 0.214844 707 0.503906 0.207031 
664 0.785156 0.519531 633 0.777344 0.519531 710 0.785156 0.527344 709 0.792969 0.519531 632 0.785156 0.511719 
666 0.761719 0.464844 635 0.753906 0.464844 634 0.761719 0.472656 711 0.769531 0.464844 712 0.761719 0.457031 
677 0.636719 0.667969 644 0.628906 0.667969 716 0.636719 0.675781 715 0.644531 0.667969 643 0.636719 0.660156 
678 0.628906 0.332031 646 0.621094 0.332031 645 0.628906 0.339844 717 0.636719 0.332031 718 0.628906 0.324219 
682 0.574219 0.277344 649 0.566406 0.277344 648 0.574219 0.285156 720 0.582031 0.277344 721 0.574219 0.269531 
687 0.550781 0.253906 651 0.542969 0.253906 650 0.550781 0.261719 724 0.558594 0.253906 725 0.550781 0.246094 
698 0.433594 0.277344 737 0.425781 0.277344 658 0.433594 0.285156 659 0.441406 0.277344 738 0.433594 0.269531 
705 0.496094 0.792969 741 0.488281 0.792969 742 0.496094 0.800781 662 0.503906 0.792969 661 0.496094 0.785156 
713 0.699219 0.394531 672 0.691406 0.394531 671 0.699219 0.402344 744 0.707031 0.394531 745 0.699219 0.386719 
714 0.683594 0.378906 676 0.675781 0.378906 674 0.683594 0.386719 746 0.691406 0.378906 747 0.683594 0.371094 
719 0.621094 0.691406 680 0.613281 0.691406 749 0.621094 0.699219 748 0.628906 0.691406 679 0.621094 0.683594 
722 0.566406 0.261719 685 0.558594 0.261719 683 0.566406 0.269531 750 0.574219 0.261719 752 0.566406 0.253906 
723 0.558594 0.753906 686 0.550781 0.753906 753 0.558594 0.761719 751 0.566406 0.753906 684 0.558594 0.746094 
726 0.214844 0.488281 756 0.207031 0.488281 689 0.214844 0.496094 690 0.222656 0.488281 757 0.214844 0.480469 
727 0.222656 0.480469 757 0.214844 0.480469 690 0.222656 0.488281 691 0.230469 0.480469 758 0.222656 0.472656 
732 0.339844 0.644531 761 0.332031 0.644531 762 0.339844 0.652344 693 0.347656 0.644531 692 0.339844 0.636719 
739 0.449219 0.253906 769 0.441406 0.253906 699 0.449219 0.261719 700 0.457031 0.253906 770 0.449219 0.246094 
740 0.480469 0.222656 771 0.472656 0.222656 703 0.480469 0.230469 704 0.488281 0.222656 772 0.480469 0.214844 
743 0.800781 0.519531 709 0.792969 0.519531 777 0.800781 0.527344 776 0.808594 0.519531 708 0.800781 0.511719 
759 0.292969 0.605469 789 0.285156 0.605469 791 0.292969 0.613281 730 0.300781 0.605469 728 0.292969 0.597656 
760 0.292969 0.402344 790 0.285156 0.402344 729 0.292969 0.410156 731 0.300781 0.402344 792 0.292969 0.394531 
763 0.378906 0.691406 797 0.371094 0.691406 798 0.378906 0.699219 734 0.386719 0.691406 733 0.378906 0.683594 
764 0.410156 0.285156 799 0.402344 0.285156 735 0.410156 0.292969 736 0.417969 0.285156 800 0.410156 0.277344 
773 0.488281 0.800781 805 0.480469 0.800781 806 0.488281 0.808594 742 0.496094 0.800781 741 0.488281 0.792969 
782 0.542969 0.222656 755 0.535156 0.222656 754 0.542969 0.230469 814 0.550781 0.222656 815 0.542969 0.214844 
801 0.417969 0.269531 825 0.410156 0.269531 765 0.417969 0.277344 766 0.425781 0.269531 827 0.417969 0.261719 
802 0.433594 0.753906 828 0.425781 0.753906 829 0.433594 0.761719 768 0.441406 0.753906 767 0.433594 0.746094 
807 0.496094 0.191406 833 0.488281 0.191406 774 0.496094 0.199219 775 0.503906 0.191406 834 0.496094 0.183594 
810 0.730469 0.402344 779 0.722656 0.402344 778 0.730469 0.410156 840 0.738281 0.402344 841 0.730469 0.394531 
811 0.605469 0.730469 781 0.597656 0.730469 847 0.605469 0.738281 846 0.613281 0.730469 780 0.605469 0.722656 
817 0.183594 0.496094 858 0.175781 0.496094 783 0.183594 0.503906 784 0.191406 0.496094 859 0.183594 0.488281 
819 0.214844 0.542969 860 0.207031 0.542969 861 0.214844 0.550781 786 0.222656 0.542969 785 0.214844 0.535156 
821 0.269531 0.410156 864 0.261719 0.410156 787 0.269531 0.417969 788 0.277344 0.410156 866 0.269531 0.402344 
823 0.300781 0.378906 868 0.292969 0.378906 793 0.300781 0.386719 794 0.308594 0.378906 869 0.300781 0.371094 
824 0.339844 0.667969 870 0.332031 0.667969 871 0.339844 0.675781 796 0.347656 0.667969 795 0.339844 0.660156 
830 0.441406 0.769531 875 0.433594 0.769531 876 0.441406 0.777344 804 0.449219 0.769531 803 0.441406 0.761719 
837 0.824219 0.488281 809 0.816406 0.488281 808 0.824219 0.496094 878 0.832031 0.488281 879 0.824219 0.480469 
849 0.597656 0.261719 813 0.589844 0.261719 812 0.597656 0.269531 889 0.605469 0.261719 890 0.597656 0.253906 
856 0.511719 0.175781 835 0.503906 0.175781 816 0.511719 0.183594 897 0.519531 0.175781 898 0.511719 0.167969 
860 0.207031 0.542969 900 0.199219 0.542969 901 0.207031 0.550781 819 0.214844 0.542969 818 0.207031 0.535156 
865 0.269531 0.605469 903 0.261719 0.605469 904 0.269531 0.613281 822 0.277344 0.605469 820 0.269531 0.597656 
872 0.417969 0.753906 911 0.410156 0.753906 912 0.417969 0.761719 828 0.425781 0.753906 826 0.417969 0.746094 
877 0.472656 0.808594 914 0.464844 0.808594 915 0.472656 0.816406 832 0.480469 0.808594 831 0.472656 0.800781 
878 0.832031 0.488281 837 0.824219 0.488281 836 0.832031 0.496094 916 0.839844 0.488281 917 0.832031 0.480469 
880 0.800781 0.550781 839 0.792969 0.550781 919 0.800781 0.558594 918 0.808594 0.550781 838 0.800781 0.542969 
885 0.738281 0.394531 841 0.730469 0.394531 840 0.738281 0.402344 924 0.746094 0.394531 925 0.738281 0.386719 
886 0.667969 0.683594 843 0.660156 0.683594 927 0.667969 0.691406 926 0.675781 0.683594 842 0.667969 0.675781 
887 0.636719 0.714844 845 0.628906 0.714844 929 0.636719 0.722656 928 0.644531 0.714844 844 0.636719 0.707031 
888 0.605469 0.746094 848 0.597656 0.746094 931 0.605469 0.753906 930 0.613281 0.746094 847 0.605469 0.738281 
893 0.550781 0.207031 851 0.542969 0.207031 850 0.550781 0.214844 933 0.558594 0.207031 934 0.550781 0.199219 
894 0.535156 0.816406 853 0.527344 0.816406 936 0.535156 0.824219 935 0.542969 0.816406 852 0.535156 0.808594 
896 0.527344 0.183594 855 0.519531 0.183594 854 0.527344 0.191406 937 0.535156 0.183594 938 0.527344 0.175781 
899 0.167969 0.496094 939 0.160156 0.496094 857 0.167969 0.503906 858 0.175781 0.496094 940 0.167969 0.488281 
902 0.222656 0.441406 944 0.214844 0.441406 862 0.222656 0.449219 863 0.230469 0.441406 945 0.222656 0.433594 
905 0.269531 0.394531 946 0.261719 0.394531 866 0.269531 0.402344 867 0.277344 0.394531 947 0.269531 0.386719 
913 0.417969 0.246094 954 0.410156 0.246094 873 0.417969 0.253906 874 0.425781 0.246094 955 0.417969 0.238281 
921 0.792969 0.441406 882 0.785156 0.441406 881 0.792969 0.449219 956 0.800781 0.441406 958 0.792969 0.433594 
923 0.777344 0.425781 884 0.769531 0.425781 883 0.777344 0.433594 959 0.785156 0.425781 960 0.777344 0.417969 
932 0.582031 0.230469 892 0.574219 0.230469 891 0.582031 0.238281 967 0.589844 0.230469 968 0.582031 0.222656 
937 0.535156 0.183594 896 0.527344 0.183594 895 0.535156 0.191406 972 0.542969 0.183594 973 0.535156 0.175781 
948 0.277344 0.628906 976 0.269531 0.628906 978 0.277344 0.636719 907 0.285156 0.628906 906 0.277344 0.621094 
949 0.285156 0.636719 978 0.277344 0.636719 980 0.285156 0.644531 908 0.292969 0.636719 907 0.285156 0.628906 
951 0.371094 0.722656 983 0.363281 0.722656 985 0.371094 0.730469 910 0.378906 0.722656 909 0.371094 0.714844 
957 0.792969 0.574219 922 0.785156 0.574219 995 0.792969 0.582031 993 0.800781 0.574219 920 0.792969 0.566406 
974 0.175781 0.472656 1009 0.167969 0.472656 941 0.175781 0.480469 942 0.183594 0.472656 1010 0.175781 0.464844 
975 0.183594 0.464844 1010 0.175781 0.464844 942 0.183594 0.472656 943 0.191406 0.464844 1011 0.183594 0.457031 
984 0.363281 0.285156 1016 0.355469 0.285156 950 0.363281 0.292969 952 0.371094 0.285156 1017 0.363281 0.277344 
988 0.402344 0.246094 1022 0.394531 0.246094 953 0.402344 0.253906 954 0.410156 0.246094 1023 0.402344 0.238281 
994 0.800781 0.433594 958 0.792969 0.433594 956 0.800781 0.441406 1030 0.808594 0.433594 1031 0.800781 0.425781 
998 0.730469 0.644531 962 0.722656 0.644531 1036 0.730469 0.652344 1035 0.738281 0.644531 961 0.730469 0.636719 
999 0.707031 0.667969 964 0.699219 0.667969 1040 0.707031 0.675781 1038 0.714844 0.667969 963 0.707031 0.660156 
1000 0.675781 0.308594 966 0.667969 0.308594 965 0.675781 0.316406 1041 0.683594 0.308594 1042 0.675781 0.300781 
1005 0.574219 0.207031 970 0.566406 0.207031 969 0.574219 0.214844 1049 0.582031 0.207031 1050 0.574219 0.199219 
1006 0.550781 0.183594 972 0.542969 0.183594 971 0.550781 0.191406 1051 0.558594 0.183594 1052 0.550781 0.175781 
1012 0.269531 0.371094 1057 0.261719 0.371094 977 0.269531 0.378906 979 0.277344 0.371094 1058 0.269531 0.363281 
1015 0.339844 0.300781 1064 0.332031 0.300781 981 0.339844 0.308594 982 0.347656 0.300781 1066 0.339844 0.292969 
1019 0.378906 0.746094 1068 0.371094 0.746094 1069 0.378906 0.753906 987 0.386719 0.746094 986 0.378906 0.738281 
1024 0.410156 0.777344 1071 0.402344 0.777344 1072 0.410156 0.785156 990 0.417969 0.777344 989 0.410156 0.769531 
1027 0.847656 0.535156 992 0.839844 0.535156 1076 0.847656 0.542969 1075 0.855469 0.535156 991 0.847656 0.527344 
1033 0.746094 0.636719 997 0.738281 0.636719 1082 0.746094 0.644531 1080 0.753906 0.636719 996 0.746094 0.628906 
1045 0.605469 0.777344 1002 0.597656 0.777344 1093 0.605469 0.785156 1092 0.613281 0.777344 1001 0.605469 0.769531 
1048 0.582031 0.800781 1004 0.574219 0.800781 1096 0.582031 0.808594 1095 0.589844 0.800781 1003 0.582031 0.792969 
1054 0.136719 0.511719 1102 0.128906 0.511719 1103 0.136719 0.519531 1008 0.144531 0.511719 1007 0.136719 0.503906 
1063 0.324219 0.308594 1111 0.316406 0.308594 1013 0.324219 0.316406 1014 0.332031 0.308594 1112 0.324219 0.300781 
1068 0.371094 0.746094 1115 0.363281 0.746094 1117 0.371094 0.753906 1019 0.378906 0.746094 1018 0.371094 0.738281 
1070 0.378906 0.253906 1118 0.371094 0.253906 1020 0.378906 0.261719 1021 0.386719 0.253906 1119 0.378906 0.246094 
1073 0.433594 0.808594 1120 0.425781 0.808594 1121 0.433594 0.816406 1026 0.441406 0.808594 1025 0.433594 0.800781 
1077 0.816406 0.574219 1029 0.808594 0.574219 1124 0.816406 0.582031 1123 0.824219 0.574219 1028 0.816406 0.566406 
1081 0.753906 0.371094 1034 0.746094 0.371094 1032 0.753906 0.378906 1126 0.761719 0.371094 1128 0.753906 0.363281 
1083 0.722656 0.339844 1039 0.714844 0.339844 1037 0.722656 0.347656 1129 0.730469 0.339844 1130 0.722656 0.332031 
1084 0.683594 0.300781 1042 0.675781 0.300781 1041 0.683594 0.308594 1133 0.691406 0.300781 1134 0.683594 0.292969 
1090 0.644531 0.261719 1044 0.636719 0.261719 1043 0.644531 0.269531 1137 0.652344 0.261719 1139 0.644531 0.253906 
1094 0.605469 0.222656 1047 0.597656 0.222656 1046 0.605469 0.230469 1142 0.613281 0.222656 1143 0.605469 0.214844 
1102 0.128906 0.511719 1149 0.121094 0.511719 1150 0.128906 0.519531 1054 0.136719 0.511719 1053 0.128906 0.503906 
1106 0.246094 0.378906 1157 0.238281 0.378906 1055 0.246094 0.386719 1056 0.253906 0.378906 1158 0.246094 0.371094 
1109 0.285156 0.667969 1160 0.277344 0.667969 1162 0.285156 0.675781 1061 0.292969 0.667969 1059 0.285156 0.660156 
1110 0.285156 0.339844 1161 0.277344 0.339844 1060 0.285156 0.347656 1062 0.292969 0.339844 1163 0.285156 0.332031 
1113 0.332031 0.292969 1166 0.324219 0.292969 1064 0.332031 0.300781 1066 0.339844 0.292969 1168 0.332031 0.285156 
1114 0.339844 0.722656 1167 0.332031 0.722656 1169 0.339844 0.730469 1067 0.347656 0.722656 1065 0.339844 0.714844 
1122 0.894531 0.503906 1074 0.886719 0.503906 1174 0.894531 0.511719 1173 0.902344 0.503906 1175 0.894531 0.496094 
1125 0.808594 0.589844 1079 0.800781 0.589844 1179 0.808594 0.597656 1178 0.816406 0.589844 1078 0.808594 0.582031 
1127 0.753906 0.644531 1082 0.746094 0.644531 1181 0.753906 0.652344 1180 0.761719 0.644531 1080 0.753906 0.636719 
1135 0.675781 0.722656 1086 0.667969 0.722656 1184 0.675781 0.730469 1183 0.683594 0.722656 1085 0.675781 0.714844 
1136 0.667969 0.277344 1088 0.660156 0.277344 1087 0.667969 0.285156 1185 0.675781 0.277344 1186 0.667969 0.269531 
1138 0.644531 0.753906 1091 0.636719 0.753906 1189 0.644531 0.761719 1187 0.652344 0.753906 1089 0.644531 0.746094 
1141 0.613281 0.785156 1093 0.605469 0.785156 1192 0.613281 0.792969 1191 0.621094 0.785156 1092 0.613281 0.777344 
1146 0.582031 0.816406 1097 0.574219 0.816406 1195 0.582031 0.824219 1194 0.589844 0.816406 1096 0.582031 0.808594 
1147 0.550781 0.160156 1100 0.542969 0.160156 1098 0.550781 0.167969 1196 0.558594 0.160156 1198 0.550781 0.152344 
1148 0.542969 0.855469 1101 0.535156 0.855469 1199 0.542969 0.863281 1197 0.550781 0.855469 1099 0.542969 0.847656 
1155 0.199219 0.417969 1205 0.191406 0.417969 1104 0.199219 0.425781 1105 0.207031 0.417969 1206 0.199219 0.410156 
1159 0.269531 0.347656 1211 0.261719 0.347656 1107 0.269531 0.355469 1108 0.277344 0.347656 1212 0.269531 0.339844 
1172 0.363281 0.253906 1216 0.355469 0.253906 1116 0.363281 0.261719 1118 0.371094 0.253906 1217 0.363281 0.246094 
1173 0.902344 0.503906 1122 0.894531 0.503906 1219 0.902344 0.511719 1218 0.910156 0.503906 1220 0.902344 0.496094 
1182 0.714844 0.691406 1132 0.707031 0.691406 1232 0.714844 0.699219 1231 0.722656 0.691406 1131 0.714844 0.683594 
1188 0.652344 0.253906 1139 0.644531 0.253906 1137 0.652344 0.261719 1235 0.660156 0.253906 1236 0.652344 0.246094 
1190 0.644531 0.246094 1140 0.636719 0.246094 1139 0.644531 0.253906 1236 0.652344 0.246094 1237 0.644531 0.238281 
1193 0.597656 0.808594 1145 0.589844 0.808594 1240 0.597656 0.816406 1239 0.605469 0.808594 1144 0.597656 0.800781 
1202 0.136719 0.472656 1246 0.128906 0.472656 1151 0.136719 0.480469 1152 0.144531 0.472656 1247 0.136719 0.464844 
1203 0.167969 0.441406 1248 0.160156 0.441406 1153 0.167969 0.449219 1154 0.175781 0.441406 1249 0.167969 0.433594 
1207 0.230469 0.378906 1250 0.222656 0.378906 1156 0.230469 0.386719 1157 0.238281 0.378906 1251 0.230469 0.371094 
1213 0.300781 0.699219 1254 0.292969 0.699219 1255 0.300781 0.707031 1165 0.308594 0.699219 1164 0.300781 0.691406 
1215 0.355469 0.753906 1258 0.347656 0.753906 1260 0.355469 0.761719 1171 0.363281 0.753906 1170 0.355469 0.746094 
1223 0.871094 0.464844 1177 0.863281 0.464844 1176 0.871094 0.472656 1268 0.878906 0.464844 1270 0.871094 0.457031 
1238 0.621094 0.792969 1192 0.613281 0.792969 1287 0.621094 0.800781 1286 0.628906 0.792969 1191 0.621094 0.785156 
1245 0.121094 0.480469 1296 0.113281 0.480469 1200 0.121094 0.488281 1201 0.128906 0.480469 1297 0.121094 0.472656 
1246 0.128906 0.472656 1297 0.121094 0.472656 1201 0.128906 0.480469 1202 0.136719 0.472656 1298 0.128906 0.464844 
1249 0.167969 0.433594 1299 0.160156 0.433594 1203 0.167969 0.441406 1204 0.175781 0.433594 1300 0.167969 0.425781 
1252 0.246094 0.652344 1306 0.238281 0.652344 1308 0.246094 0.660156 1209 0.253906 0.652344 1208 0.246094 0.644531 
1253 0.253906 0.660156 1308 0.246094 0.660156 1310 0.253906 0.667969 1210 0.261719 0.660156 1209 0.253906 0.652344 
1259 0.347656 0.253906 1315 0.339844 0.253906 1214 0.347656 0.261719 1216 0.355469 0.253906 1317 0.347656 0.246094 
1267 0.878906 0.542969 1222 0.871094 0.542969 1327 0.878906 0.550781 1326 0.886719 0.542969 1221 0.878906 0.535156 
1269 0.871094 0.550781 1224 0.863281 0.550781 1329 0.871094 0.558594 1327 0.878906 0.550781 1222 0.871094 0.542969 
1270 0.871094 0.457031 1225 0.863281 0.457031 1223 0.871094 0.464844 1328 0.878906 0.457031 1330 0.871094 0.449219 
1273 0.785156 0.636719 1227 0.777344 0.636719 1336 0.785156 0.644531 1335 0.792969 0.636719 1226 0.785156 0.628906 
1275 0.753906 0.667969 1229 0.746094 0.667969 1339 0.753906 0.675781 1337 0.761719 0.667969 1228 0.753906 0.660156 
1277 0.746094 0.675781 1230 0.738281 0.675781 1340 0.746094 0.683594 1339 0.753906 0.675781 1229 0.746094 0.667969 
1282 0.675781 0.746094 1234 0.667969 0.746094 1344 0.675781 0.753906 1343 0.683594 0.746094 1233 0.675781 0.738281 
1284 0.652344 0.238281 1237 0.644531 0.238281 1236 0.652344 0.246094 1345 0.660156 0.238281 1346 0.652344 0.230469 
1288 0.574219 0.160156 1242 0.566406 0.160156 1241 0.574219 0.167969 1349 0.582031 0.160156 1350 0.574219 0.152344 
1291 0.519531 0.902344 1244 0.511719 0.902344 1353 0.519531 0.910156 1352 0.527344 0.902344 1243 0.519531 0.894531 
1313 0.292969 0.707031 1366 0.285156 0.707031 1367 0.292969 0.714844 1255 0.300781 0.707031 1254 0.292969 0.699219 
1314 0.300781 0.292969 1368 0.292969 0.292969 1256 0.300781 0.300781 1257 0.308594 0.292969 1369 0.300781 0.285156 
1323 0.394531 0.808594 1374 0.386719 0.808594 1375 0.394531 0.816406 1262 0.402344 0.808594 1261 0.394531 0.800781 
1324 0.480469 0.113281 1376 0.472656 0.113281 1263 0.480469 0.121094 1264 0.488281 0.113281 1377 0.480469 0.105469 
1325 0.496094 0.910156 1378 0.488281 0.910156 1379 0.496094 0.917969 1266 0.503906 0.910156 1265 0.496094 0.902344 
1332 0.839844 0.417969 1272 0.832031 0.417969 1271 0.839844 0.425781 1380 0.847656 0.417969 1382 0.839844 0.410156 
1338 0.761719 0.339844 1276 0.753906 0.339844 1274 0.761719 0.347656 1386 0.769531 0.339844 1387 0.761719 0.332031 
1341 0.738281 0.691406 1279 0.730469 0.691406 1389 0.738281 0.699219 1388 0.746094 0.691406 1278 0.738281 0.683594 
1342 0.722656 0.707031 1281 0.714844 0.707031 1393 0.722656 0.714844 1391 0.730469 0.707031 1280 0.722656 0.699219 
1344 0.675781 0.753906 1283 0.667969 0.753906 1397 0.675781 0.761719 1396 0.683594 0.753906 1282 0.675781 0.746094 
1346 0.652344 0.230469 1285 0.644531 0.230469 1284 0.652344 0.238281 1398 0.660156 0.230469 1399 0.652344 0.222656 
1351 0.550781 0.878906 1290 0.542969 0.878906 1403 0.550781 0.886719 1402 0.558594 0.878906 1289 0.550781 0.871094 
1354 0.519531 0.097656 1293 0.511719 0.097656 1292 0.519531 0.105469 1404 0.527344 0.097656 1405 0.519531 0.089844 
1355 0.089844 0.511719 1407 0.082031 0.511719 1408 0.089844 0.519531 1295 0.097656 0.511719 1294 0.089844 0.503906 
1356 0.160156 0.425781 1411 0.152344 0.425781 1299 0.160156 0.433594 1300 0.167969 0.425781 1412 0.160156 0.417969 
1357 0.183594 0.605469 1413 0.175781 0.605469 1414 0.183594 0.613281 1302 0.191406 0.605469 1301 0.183594 0.597656 
1360 0.207031 0.378906 1416 0.199219 0.378906 1303 0.207031 0.386719 1304 0.214844 0.378906 1417 0.207031 0.371094 
1361 0.214844 0.371094 1417 0.207031 0.371094 1304 0.214844 0.378906 1305 0.222656 0.371094 1418 0.214844 0.363281 
1362 0.238281 0.660156 1419 0.230469 0.660156 1421 0.238281 0.667969 1308 0.246094 0.660156 1306 0.238281 0.652344 
1363 0.238281 0.347656 1420 0.230469 0.347656 1307 0.238281 0.355469 1309 0.246094 0.347656 1422 0.238281 0.339844 
1364 0.246094 0.667969 1421 0.238281 0.667969 1423 0.246094 0.675781 1310 0.253906 0.667969 1308 0.246094 0.660156 
1365 0.261719 0.683594 1424 0.253906 0.683594 1425 0.261719 0.691406 1312 0.269531 0.683594 1311 0.261719 0.675781 
1371 0.347656 0.769531 1429 0.339844 0.769531 1431 0.347656 0.777344 1318 0.355469 0.769531 1316 0.347656 0.761719 
1372 0.363281 0.785156 1433 0.355469 0.785156 1434 0.363281 0.792969 1320 0.371094 0.785156 1319 0.363281 0.777344 
1373 0.371094 0.214844 1435 0.363281 0.214844 1321 0.371094 0.222656 1322 0.378906 0.214844 1436 0.371094 0.207031 
1381 0.839844 0.597656 1333 0.832031 0.597656 1447 0.839844 0.605469 1445 0.847656 0.597656 1331 0.839844 0.589844 
1385 0.800781 0.636719 1335 0.792969 0.636719 1451 0.800781 0.644531 1450 0.808594 0.636719 1334 0.800781 0.628906 
1401 0.597656 0.167969 1348 0.589844 0.167969 1347 0.597656 0.175781 1457 0.605469 0.167969 1459 0.597656 0.160156 
1415 0.191406 0.621094 1469 0.183594 0.621094 1470 0.191406 0.628906 1359 0.199219 0.621094 1358 0.191406 0.613281 
1426 0.300781 0.277344 1478 0.292969 0.277344 1369 0.300781 0.285156 1370 0.308594 0.277344 1479 0.300781 0.269531 
1449 0.816406 0.628906 1384 0.808594 0.628906 1496 0.816406 0.636719 1495 0.824219 0.628906 1383 0.816406 0.621094 
1450 0.808594 0.636719 1385 0.800781 0.636719 1497 0.808594 0.644531 1496 0.816406 0.636719 1384 0.808594 0.628906 
1452 0.769531 0.332031 1387 0.761719 0.332031 1386 0.769531 0.339844 1500 0.777344 0.332031 1501 0.769531 0.324219 
1453 0.738281 0.300781 1392 0.730469 0.300781 1390 0.738281 0.308594 1502 0.746094 0.300781 1503 0.738281 0.292969 
1454 0.714844 0.277344 1395 0.707031 0.277344 1394 0.714844 0.285156 1504 0.722656 0.277344 1505 0.714844 0.269531 
1457 0.605469 0.167969 1401 0.597656 0.167969 1400 0.605469 0.175781 1511 0.613281 0.167969 1512 0.605469 0.160156 
1465 0.066406 0.503906 1517 0.058594 0.503906 1518 0.066406 0.511719 1406 0.074219 0.503906 1519 0.066406 0.496094 
1468 0.128906 0.441406 1521 0.121094 0.441406 1409 0.128906 0.449219 1410 0.136719 0.441406 1522 0.128906 0.433594 
1474 0.230469 0.339844 1526 0.222656 0.339844 1420 0.230469 0.347656 1422 0.238281 0.339844 1528 0.230469 0.332031 
1480 0.324219 0.761719 1530 0.316406 0.761719 1531 0.324219 0.769531 1428 0.332031 0.761719 1427 0.324219 0.753906 
1481 0.339844 0.230469 1532 0.332031 0.230469 1430 0.339844 0.238281 1432 0.347656 0.230469 1533 0.339844 0.222656 
1482 0.425781 0.144531 1534 0.417969 0.144531 1437 0.425781 0.152344 1438 0.433594 0.144531 1535 0.425781 0.136719 
1487 0.472656 0.097656 1538 0.464844 0.097656 1439 0.472656 0.105469 1440 0.480469 0.097656 1539 0.472656 0.089844 
1488 0.496094 0.933594 1540 0.488281 0.933594 1541 0.496094 0.941406 1442 0.503906 0.933594 1441 0.496094 0.925781 
1493 0.894531 0.558594 1444 0.886719 0.558594 1546 0.894531 0.566406 1545 0.902344 0.558594 1443 0.894531 0.550781 
1494 0.847656 0.402344 1448 0.839844 0.402344 1446 0.847656 0.410156 1547 0.855469 0.402344 1548 0.847656 0.394531 
1506 0.667969 0.785156 1456 0.660156 0.785156 1562 0.667969 0.792969 1561 0.675781 0.785156 1455 0.667969 0.777344 
1513 0.597656 0.855469 1460 0.589844 0.855469 1566 0.597656 0.863281 1565 0.605469 0.855469 1458 0.597656 0.847656 
1514 0.558594 0.894531 1462 0.550781 0.894531 1571 0.558594 0.902344 1569 0.566406 0.894531 1461 0.558594 0.886719 
1515 0.519531 0.933594 1464 0.511719 0.933594 1573 0.519531 0.941406 1572 0.527344 0.933594 1463 0.519531 0.925781 
1520 0.105469 0.457031 1577 0.097656 0.457031 1466 0.105469 0.464844 1467 0.113281 0.457031 1578 0.105469 0.449219 
1525 0.199219 0.363281 1582 0.191406 0.363281 1471 0.199219 0.371094 1472 0.207031 0.363281 1583 0.199219 0.355469 
1527 0.230469 0.675781 1584 0.222656 0.675781 1585 0.230469 0.683594 1475 0.238281 0.675781 1473 0.230469 0.667969 
1529 0.269531 0.714844 1588 0.261719 0.714844 1589 0.269531 0.722656 1477 0.277344 0.714844 1476 0.269531 0.707031 
1536 0.441406 0.121094 1592 0.433594 0.121094 1483 0.441406 0.128906 1485 0.449219 0.121094 1594 0.441406 0.113281 
1537 0.449219 0.894531 1593 0.441406 0.894531 1595 0.449219 0.902344 1486 0.457031 0.894531 1484 0.449219 0.886719 
1543 0.925781 0.535156 1490 0.917969 0.535156 1598 0.925781 0.542969 1597 0.933594 0.535156 1489 0.925781 0.527344 
1544 0.910156 0.457031 1492 0.902344 0.457031 1491 0.910156 0.464844 1599 0.917969 0.457031 1600 0.910156 0.449219 
1553 0.792969 0.667969 1499 0.785156 0.667969 1606 0.792969 0.675781 1605 0.800781 0.667969 1498 0.792969 0.660156 
1563 0.644531 0.191406 1508 0.636719 0.191406 1507 0.644531 0.199219 1613 0.652344 0.191406 1614 0.644531 0.183594 
1564 0.628906 0.175781 1510 0.621094 0.175781 1509 0.628906 0.183594 1615 0.636719 0.175781 1616 0.628906 0.167969 
1574 0.511719 0.058594 1542 0.503906 0.058594 1516 0.511719 0.066406 1629 0.519531 0.058594 1630 0.511719 0.050781 
1581 0.152344 0.402344 1633 0.144531 0.402344 1523 0.152344 0.410156 1524 0.160156 0.402344 1634 0.152344 0.394531 
1602 0.824219 0.363281 1550 0.816406 0.363281 1549 0.824219 0.371094 1646 0.832031 0.363281 1648 0.824219 0.355469 
1604 0.808594 0.660156 1552 0.800781 0.660156 1650 0.808594 0.667969 1649 0.816406 0.660156 1551 0.808594 0.652344 
1607 0.753906 0.292969 1556 0.746094 0.292969 1554 0.753906 0.300781 1654 0.761719 0.292969 1656 0.753906 0.285156 
1608 0.746094 0.722656 1557 0.738281 0.722656 1657 0.746094 0.730469 1655 0.753906 0.722656 1555 0.746094 0.714844 
1609 0.691406 0.230469 1560 0.683594 0.230469 1558 0.691406 0.238281 1660 0.699219 0.230469 1662 0.691406 0.222656 
1610 0.683594 0.785156 1561 0.675781 0.785156 1663 0.683594 0.792969 1661 0.691406 0.785156 1559 0.683594 0.777344 
1620 0.597656 0.871094 1567 0.589844 0.871094 1674 0.597656 0.878906 1673 0.605469 0.871094 1566 0.597656 0.863281 
1621 0.574219 0.113281 1570 0.566406 0.113281 1568 0.574219 0.121094 1675 0.582031 0.113281 1676 0.574219 0.105469 
1631 0.082031 0.542969 1683 0.074219 0.542969 1684 0.082031 0.550781 1576 0.089844 0.542969 1575 0.082031 0.535156 
1632 0.113281 0.433594 1685 0.105469 0.433594 1579 0.113281 0.441406 1580 0.121094 0.433594 1686 0.113281 0.425781 
1635 0.230469 0.316406 1689 0.222656 0.316406 1586 0.230469 0.324219 1587 0.238281 0.316406 1690 0.230469 0.308594 
1636 0.332031 0.214844 1691 0.324219 0.214844 1590 0.332031 0.222656 1591 0.339844 0.214844 1692 0.332031 0.207031 
1643 0.449219 0.910156 1698 0.441406 0.910156 1699 0.449219 0.917969 1596 0.457031 0.910156 1595 0.449219 0.902344 
1647 0.824219 0.652344 1603 0.816406 0.652344 1705 0.824219 0.660156 1704 0.832031 0.652344 1601 0.824219 0.644531 
1667 0.660156 0.816406 1612 0.652344 0.816406 1712 0.660156 0.824219 1711 0.667969 0.816406 1611 0.660156 0.808594 
1670 0.621094 0.152344 1618 0.613281 0.152344 1617 0.621094 0.160156 1715 0.628906 0.152344 1716 0.621094 0.144531 
1672 0.613281 0.144531 1619 0.605469 0.144531 1618 0.613281 0.152344 1716 0.621094 0.144531 1718 0.613281 0.136719 
1677 0.558594 0.089844 1623 0.550781 0.089844 1622 0.558594 0.097656 1721 0.566406 0.089844 1722 0.558594 0.082031 
1678 0.542969 0.933594 1626 0.535156 0.933594 1725 0.542969 0.941406 1723 0.550781 0.933594 1624 0.542969 0.925781 
1679 0.542969 0.074219 1627 0.535156 0.074219 1625 0.542969 0.082031 1724 0.550781 0.074219 1726 0.542969 0.066406 
1681 0.535156 0.066406 1628 0.527344 0.066406 1627 0.535156 0.074219 1726 0.542969 0.066406 1728 0.535156 0.058594 
1693 0.378906 0.160156 1745 0.371094 0.160156 1637 0.378906 0.167969 1638 0.386719 0.160156 1746 0.378906 0.152344 
1694 0.394531 0.863281 1747 0.386719 0.863281 1748 0.394531 0.871094 1640 0.402344 0.863281 1639 0.394531 0.855469 
1697 0.417969 0.886719 1750 0.410156 0.886719 1751 0.417969 0.894531 1642 0.425781 0.886719 1641 0.417969 0.878906 
1703 0.910156 0.433594 1645 0.902344 0.433594 1644 0.910156 0.441406 1762 0.917969 0.433594 1763 0.910156 0.425781 
1706 0.800781 0.683594 1652 0.792969 0.683594 1766 0.800781 0.691406 1765 0.808594 0.683594 1651 0.800781 0.675781 
1707 0.792969 0.691406 1653 0.785156 0.691406 1767 0.792969 0.699219 1766 0.800781 0.691406 1652 0.792969 0.683594 
1708 0.730469 0.253906 1659 0.722656 0.253906 1658 0.730469 0.261719 1768 0.738281 0.253906 1769 0.730469 0.246094 
1709 0.683594 0.207031 1665 0.675781 0.207031 1664 0.683594 0.214844 1772 0.691406 0.207031 1773 0.683594 0.199219 
1710 0.675781 0.199219 1666 0.667969 0.199219 1665 0.675781 0.207031 1773 0.683594 0.199219 1774 0.675781 0.191406 
1713 0.644531 0.167969 1669 0.636719 0.167969 1668 0.644531 0.175781 1775 0.652344 0.167969 1776 0.644531 0.160156 
1717 0.613281 0.871094 1673 0.605469 0.871094 1778 0.613281 0.878906 1777 0.621094 0.871094 1671 0.613281 0.863281 
1725 0.542969 0.941406 1680 0.535156 0.941406 1781 0.542969 0.949219 1780 0.550781 0.941406 1678 0.542969 0.933594 
1727 0.535156 0.949219 1682 0.527344 0.949219 1782 0.535156 0.957031 1781 0.542969 0.949219 1680 0.535156 0.941406 
1732 0.128906 0.402344 1788 0.121094 0.402344 1687 0.128906 0.410156 1688 0.136719 0.402344 1789 0.128906 0.394531 
1749 0.394531 0.136719 1800 0.386719 0.136719 1695 0.394531 0.144531 1696 0.402344 0.136719 1802 0.394531 0.128906 
1758 0.503906 0.027344 1809 0.496094 0.027344 1700 0.503906 0.035156 1783 0.511719 0.027344 1810 0.503906 0.019531 
1761 0.964844 0.527344 1702 0.957031 0.527344 1813 0.964844 0.535156 1812 0.972656 0.527344 1701 0.964844 0.519531 
1766 0.800781 0.691406 1707 0.792969 0.691406 1818 0.800781 0.699219 1817 0.808594 0.691406 1706 0.800781 0.683594 
1776 0.644531 0.160156 1714 0.636719 0.160156 1713 0.644531 0.167969 1823 0.652344 0.160156 1824 0.644531 0.152344 
1779 0.597656 0.113281 1720 0.589844 0.113281 1719 0.597656 0.121094 1825 0.605469 0.113281 1826 0.597656 0.105469 
1784 0.050781 0.472656 1829 0.042969 0.472656 1729 0.050781 0.480469 1730 0.058594 0.472656 1830 0.050781 0.464844 
1785 0.058594 0.464844 1830 0.050781 0.464844 1730 0.058594 0.472656 1731 0.066406 0.464844 1831 0.058594 0.457031 
1790 0.136719 0.621094 1833 0.128906 0.621094 1835 0.136719 0.628906 1734 0.144531 0.621094 1733 0.136719 0.613281 
1791 0.191406 0.675781 1839 0.183594 0.675781 1840 0.191406 0.683594 1736 0.199219 0.675781 1735 0.191406 0.667969 
1792 0.207031 0.691406 1841 0.199219 0.691406 1842 0.207031 0.699219 1738 0.214844 0.691406 1737 0.207031 0.683594 
1795 0.238281 0.285156 1844 0.230469 0.285156 1739 0.238281 0.292969 1740 0.246094 0.285156 1845 0.238281 0.277344 
1796 0.269531 0.753906 1846 0.261719 0.753906 1847 0.269531 0.761719 1742 0.277344 0.753906 1741 0.269531 0.746094 
1797 0.292969 0.777344 1848 0.285156 0.777344 1849 0.292969 0.785156 1744 0.300781 0.777344 1743 0.292969 0.769531 
1804 0.433594 0.917969 1855 0.425781 0.917969 1856 0.433594 0.925781 1753 0.441406 0.917969 1752 0.433594 0.910156 
1806 0.441406 0.082031 1857 0.433594 0.082031 1754 0.441406 0.089844 1755 0.449219 0.082031 1859 0.441406 0.074219 
1808 0.488281 0.035156 1863 0.480469 0.035156 1756 0.488281 0.042969 1757 0.496094 0.035156 1864 0.488281 0.027344 
1811 0.980469 0.519531 1760 0.972656 0.519531 1866 0.980469 0.527344 1865 0.988281 0.519531 1759 0.980469 0.511719 
1816 0.816406 0.683594 1765 0.808594 0.683594 1869 0.816406 0.691406 1868 0.824219 0.683594 1764 0.816406 0.675781 
1819 0.714844 0.785156 1771 0.707031 0.785156 1877 0.714844 0.792969 1875 0.722656 0.785156 1770 0.714844 0.777344 
1832 0.074219 0.441406 1883 0.066406 0.441406 1786 0.074219 0.449219 1787 0.082031 0.441406 1884 0.074219 0.433594 
1843 0.222656 0.292969 1891 0.214844 0.292969 1793 0.222656 0.300781 1794 0.230469 0.292969 1892 0.222656 0.285156 
1850 0.324219 0.191406 1897 0.316406 0.191406 1798 0.324219 0.199219 1799 0.332031 0.191406 1898 0.324219 0.183594 
1853 0.394531 0.886719 1901 0.386719 0.886719 1902 0.394531 0.894531 1803 0.402344 0.886719 1801 0.394531 0.878906 
1858 0.441406 0.933594 1904 0.433594 0.933594 1905 0.441406 0.941406 1807 0.449219 0.933594 1805 0.441406 0.925781 
1867 0.957031 0.457031 1815 0.949219 0.457031 1814 0.957031 0.464844 1910 0.964844 0.457031 1912 0.957031 0.449219 
1878 0.714844 0.214844 1821 0.707031 0.214844 1820 0.714844 0.222656 1919 0.722656 0.214844 1920 0.714844 0.207031 
1879 0.660156 0.160156 1823 0.652344 0.160156 1822 0.660156 0.167969 1921 0.667969 0.160156 1922 0.660156 0.152344 
1880 0.582031 0.925781 1828 0.574219 0.925781 1930 0.582031 0.933594 1929 0.589844 0.925781 1827 0.582031 0.917969 
1885 0.128906 0.378906 1941 0.121094 0.378906 1834 0.128906 0.386719 1836 0.136719 0.378906 1942 0.128906 0.371094 
1886 0.144531 0.644531 1943 0.136719 0.644531 1944 0.144531 0.652344 1838 0.152344 0.644531 1837 0.144531 0.636719 
1900 0.363281 0.863281 1955 0.355469 0.863281 1956 0.363281 0.871094 1852 0.371094 0.863281 1851 0.363281 0.855469 
1902 0.394531 0.894531 1957 0.386719 0.894531 1958 0.394531 0.902344 1854 0.402344 0.894531 1853 0.394531 0.886719 
1906 0.441406 0.066406 1959 0.433594 0.066406 1859 0.441406 0.074219 1861 0.449219 0.066406 1961 0.441406 0.058594 
1907 0.449219 0.949219 1960 0.441406 0.949219 1962 0.449219 0.957031 1862 0.457031 0.949219 1860 0.449219 0.941406 
1916 0.816406 0.308594 1871 0.808594 0.308594 1870 0.816406 0.316406 1968 0.824219 0.308594 1969 0.816406 0.300781 
1917 0.769531 0.261719 1873 0.761719 0.261719 1872 0.769531 0.269531 1972 0.777344 0.261719 1973 0.769531 0.253906 
1918 0.730469 0.222656 1876 0.722656 0.222656 1874 0.730469 0.230469 1974 0.738281 0.222656 1975 0.730469 0.214844 
1938 0.050781 0.449219 1984 0.042969 0.449219 1881 0.050781 0.457031 1882 0.058594 0.449219 1985 0.050781 0.441406 
1946 0.160156 0.339844 1987 0.152344 0.339844 1887 0.160156 0.347656 1888 0.167969 0.339844 1989 0.160156 0.332031 
1948 0.183594 0.691406 1990 0.175781 0.691406 1991 0.183594 0.699219 1890 0.191406 0.691406 1889 0.183594 0.683594 
1949 0.230469 0.269531 1992 0.222656 0.269531 1893 0.230469 0.277344 1894 0.238281 0.269531 1994 0.230469 0.261719 
1952 0.261719 0.238281 1996 0.253906 0.238281 1895 0.261719 0.246094 1896 0.269531 0.238281 1997 0.261719 0.230469 
1953 0.316406 0.183594 1998 0.308594 0.183594 1897 0.316406 0.191406 1898 0.324219 0.183594 1999 0.316406 0.175781 
1955 0.355469 0.863281 2000 0.347656 0.863281 2001 0.355469 0.871094 1900 0.363281 0.863281 1899 0.355469 0.855469 
1958 0.394531 0.902344 2002 0.386719 0.902344 2003 0.394531 0.910156 1903 0.402344 0.902344 1902 0.394531 0.894531 
1963 0.464844 0.035156 2005 0.457031 0.035156 1908 0.464844 0.042969 1909 0.472656 0.035156 2007 0.464844 0.027344 
1966 0.957031 0.566406 1913 0.949219 0.566406 2013 0.957031 0.574219 2012 0.964844 0.566406 1911 0.957031 0.558594 
1967 0.824219 0.699219 1915 0.816406 0.699219 2019 0.824219 0.707031 2018 0.832031 0.699219 1914 0.824219 0.691406 
1976 0.652344 0.871094 1924 0.644531 0.871094 2030 0.652344 0.878906 2029 0.660156 0.871094 1923 0.652344 0.863281 
1977 0.636719 0.886719 1926 0.628906 0.886719 2032 0.636719 0.894531 2031 0.644531 0.886719 1925 0.636719 0.878906 
1978 0.613281 0.910156 1928 0.605469 0.910156 2034 0.613281 0.917969 2033 0.621094 0.910156 1927 0.613281 0.902344 
1979 0.582031 0.066406 1932 0.574219 0.066406 1931 0.582031 0.074219 2037 0.589844 0.066406 2038 0.582031 0.058594 
1980 0.574219 0.058594 1933 0.566406 0.058594 1932 0.574219 0.066406 2038 0.582031 0.058594 2039 0.574219 0.050781 
1981 0.558594 0.964844 1935 0.550781 0.964844 2041 0.558594 0.972656 2040 0.566406 0.964844 1934 0.558594 0.957031 
1982 0.542969 0.027344 1937 0.535156 0.027344 1936 0.542969 0.035156 2042 0.550781 0.027344 2043 0.542969 0.019531 
1986 0.074219 0.589844 2047 0.066406 0.589844 2048 0.074219 0.597656 1940 0.082031 0.589844 1939 0.074219 0.582031 
1988 0.160156 0.675781 2049 0.152344 0.675781 2050 0.160156 0.683594 1947 0.167969 0.675781 1945 0.160156 0.667969 
1995 0.238281 0.753906 2051 0.230469 0.753906 2052 0.238281 0.761719 1951 0.246094 0.753906 1950 0.238281 0.746094 
2000 0.347656 0.863281 2053 0.339844 0.863281 2054 0.347656 0.871094 1955 0.355469 0.863281 1954 0.347656 0.855469 
2008 0.003906 0.480469 1965 0.996094 0.480469 1964 0.003906 0.488281 1983 0.011719 0.480469 2058 0.003906 0.472656 
2020 0.808594 0.285156 1971 0.800781 0.285156 1970 0.808594 0.292969 2069 0.816406 0.285156 2070 0.808594 0.277344 
2051 0.230469 0.753906 2091 0.222656 0.753906 2092 0.230469 0.761719 1995 0.238281 0.753906 1993 0.230469 0.746094 
2057 0.457031 0.980469 2103 0.449219 0.980469 2105 0.457031 0.988281 2006 0.464844 0.980469 2004 0.457031 0.972656 
2058 0.003906 0.472656 2009 0.996094 0.472656 2008 0.003906 0.480469 2044 0.011719 0.472656 2107 0.003906 0.464844 
2059 0.988281 0.457031 2011 0.980469 0.457031 2010 0.988281 0.464844 2108 0.996094 0.457031 2109 0.988281 0.449219 
2060 0.933594 0.402344 2015 0.925781 0.402344 2014 0.933594 0.410156 2112 0.941406 0.402344 2114 0.933594 0.394531 
2061 0.878906 0.347656 2017 0.871094 0.347656 2016 0.878906 0.355469 2118 0.886719 0.347656 2119 0.878906 0.339844 
2066 0.832031 0.707031 2019 0.824219 0.707031 2122 0.832031 0.714844 2121 0.839844 0.707031 2018 0.832031 0.699219 
2073 0.746094 0.792969 2022 0.738281 0.792969 2129 0.746094 0.800781 2127 0.753906 0.792969 2021 0.746094 0.785156 
2074 0.738281 0.800781 2023 0.730469 0.800781 2130 0.738281 0.808594 2129 0.746094 0.800781 2022 0.738281 0.792969 
2075 0.714844 0.824219 2025 0.707031 0.824219 2133 0.714844 0.832031 2131 0.722656 0.824219 2024 0.714844 0.816406 
2078 0.691406 0.160156 2027 0.683594 0.160156 2026 0.691406 0.167969 2135 0.699219 0.160156 2136 0.691406 0.152344 
2079 0.667969 0.871094 2029 0.660156 0.871094 2139 0.667969 0.878906 2137 0.675781 0.871094 2028 0.667969 0.863281 
2082 0.597656 0.941406 2036 0.589844 0.941406 2145 0.597656 0.949219 2144 0.605469 0.941406 2035 0.597656 0.933594 
2089 0.042969 0.433594 2150 0.035156 0.433594 2045 0.042969 0.441406 2046 0.050781 0.433594 2151 0.042969 0.425781 
2101 0.339844 0.871094 2163 0.332031 0.871094 2164 0.339844 0.878906 2054 0.347656 0.871094 2053 0.339844 0.863281 
2102 0.378906 0.097656 2165 0.371094 0.097656 2055 0.378906 0.105469 2056 0.386719 0.097656 2166 0.378906 0.089844 
2119 0.878906 0.339844 2062 0.871094 0.339844 2061 0.878906 0.347656 2177 0.886719 0.339844 2178 0.878906 0.332031 
2120 0.847656 0.308594 2065 0.839844 0.308594 2063 0.847656 0.316406 2179 0.855469 0.308594 2181 0.847656 0.300781 
2121 0.839844 0.707031 2066 0.832031 0.707031 2182 0.839844 0.714844 2180 0.847656 0.707031 2064 0.839844 0.699219 
2123 0.832031 0.292969 2068 0.824219 0.292969 2067 0.832031 0.300781 2183 0.839844 0.292969 2185 0.832031 0.285156 
2125 0.761719 0.785156 2072 0.753906 0.785156 2194 0.761719 0.792969 2193 0.769531 0.785156 2071 0.761719 0.777344 
2134 0.714844 0.175781 2077 0.707031 0.175781 2076 0.714844 0.183594 2196 0.722656 0.175781 2197 0.714844 0.167969 
2143 0.628906 0.917969 2081 0.621094 0.917969 2202 0.628906 0.925781 2201 0.636719 0.917969 2080 0.628906 0.910156 
2147 0.582031 0.964844 2085 0.574219 0.964844 2211 0.582031 0.972656 2209 0.589844 0.964844 2083 0.582031 0.957031 
2148 0.582031 0.042969 2086 0.574219 0.042969 2084 0.582031 0.050781 2210 0.589844 0.042969 2212 0.582031 0.035156 
2149 0.027344 0.566406 2213 0.019531 0.566406 2214 0.027344 0.574219 2088 0.035156 0.566406 2087 0.027344 0.558594 
2154 0.214844 0.753906 2216 0.207031 0.753906 2217 0.214844 0.761719 2091 0.222656 0.753906 2090 0.214844 0.746094 
2157 0.285156 0.183594 2219 0.277344 0.183594 2093 0.285156 0.191406 2094 0.292969 0.183594 2220 0.285156 0.175781 
2159 0.300781 0.167969 2221 0.292969 0.167969 2095 0.300781 0.175781 2096 0.308594 0.167969 2223 0.300781 0.160156 
2161 0.324219 0.863281 2224 0.316406 0.863281 2226 0.324219 0.871094 2099 0.332031 0.863281 2097 0.324219 0.855469 
2162 0.324219 0.144531 2225 0.316406 0.144531 2098 0.324219 0.152344 2100 0.332031 0.144531 2227 0.324219 0.136719 
2169 0.449219 0.019531 2229 0.441406 0.019531 2104 0.449219 0.027344 2106 0.457031 0.019531 2230 0.449219 0.011719 
2172 0.972656 0.425781 2111 0.964844 0.425781 2110 0.972656 0.433594 2231 0.980469 0.425781 2233 0.972656 0.417969 
2175 0.933594 0.621094 2115 0.925781 0.621094 2235 0.933594 0.628906 2234 0.941406 0.621094 2113 0.933594 0.613281 
2176 0.917969 0.636719 2117 0.910156 0.636719 2237 0.917969 0.644531 2236 0.925781 0.636719 2116 0.917969 0.628906 
2184 0.832031 0.722656 2124 0.824219 0.722656 2243 0.832031 0.730469 2242 0.839844 0.722656 2122 0.832031 0.714844 
2195 0.761719 0.214844 2128 0.753906 0.214844 2126 0.761719 0.222656 2251 0.769531 0.214844 2252 0.761719 0.207031 
2196 0.722656 0.175781 2134 0.714844 0.175781 2132 0.722656 0.183594 2256 0.730469 0.175781 2257 0.722656 0.167969 
2198 0.675781 0.128906 2140 0.667969 0.128906 2138 0.675781 0.136719 2260 0.683594 0.128906 2261 0.675781 0.121094 
2200 0.644531 0.910156 2142 0.636719 0.910156 2265 0.644531 0.917969 2264 0.652344 0.910156 2141 0.644531 0.902344 
2201 0.636719 0.917969 2143 0.628906 0.917969 2266 0.636719 0.925781 2265 0.644531 0.917969 2142 0.636719 0.910156 
2210 0.589844 0.042969 2148 0.582031 0.042969 2146 0.589844 0.050781 2270 0.597656 0.042969 2272 0.589844 0.035156 
2215 0.199219 0.261719 2281 0.191406 0.261719 2152 0.199219 0.269531 2153 0.207031 0.261719 2282 0.199219 0.253906 
2218 0.253906 0.207031 2285 0.246094 0.207031 2155 0.253906 0.214844 2156 0.261719 0.207031 2286 0.253906 0.199219 
2222 0.300781 0.847656 2287 0.292969 0.847656 2289 0.300781 0.855469 2160 0.308594 0.847656 2158 0.300781 0.839844 
2228 0.386719 0.933594 2292 0.378906 0.933594 2294 0.386719 0.941406 2168 0.394531 0.933594 2167 0.386719 0.925781 
2231 0.980469 0.425781 2172 0.972656 0.425781 2170 0.980469 0.433594 2296 0.988281 0.425781 2298 0.980469 0.417969 
2232 0.972656 0.589844 2173 0.964844 0.589844 2299 0.972656 0.597656 2297 0.980469 0.589844 2171 0.972656 0.582031 
2234 0.941406 0.621094 2175 0.933594 0.621094 2301 0.941406 0.628906 2300 0.949219 0.621094 2174 0.941406 0.613281 
2244 0.824219 0.738281 2187 0.816406 0.738281 2313 0.824219 0.746094 2312 0.832031 0.738281 2186 0.824219 0.730469 
2245 0.808594 0.253906 2189 0.800781 0.253906 2188 0.808594 0.261719 2314 0.816406 0.253906 2315 0.808594 0.246094 
2248 0.792969 0.238281 2191 0.785156 0.238281 2190 0.792969 0.246094 2317 0.800781 0.238281 2319 0.792969 0.230469 
2250 0.777344 0.785156 2193 0.769531 0.785156 2321 0.777344 0.792969 2320 0.785156 0.785156 2192 0.777344 0.777344 
2261 0.675781 0.121094 2199 0.667969 0.121094 2198 0.675781 0.128906 2326 0.683594 0.121094 2327 0.675781 0.113281 
2267 0.628906 0.074219 2204 0.621094 0.074219 2203 0.628906 0.082031 2329 0.636719 0.074219 2330 0.628906 0.066406 
2268 0.613281 0.058594 2207 0.605469 0.058594 2205 0.613281 0.066406 2331 0.621094 0.058594 2333 0.613281 0.050781 
2269 0.605469 0.957031 2208 0.597656 0.957031 2334 0.605469 0.964844 2332 0.613281 0.957031 2206 0.605469 0.949219 
2283 0.207031 0.761719 2343 0.199219 0.761719 2344 0.207031 0.769531 2217 0.214844 0.761719 2216 0.207031 0.753906 
2288 0.292969 0.160156 2352 0.285156 0.160156 2221 0.292969 0.167969 2223 0.300781 0.160156 2354 0.292969 0.152344 
2308 0.878906 0.691406 2239 0.871094 0.691406 2367 0.878906 0.699219 2366 0.886719 0.691406 2238 0.878906 0.683594 
2309 0.871094 0.308594 2241 0.863281 0.308594 2240 0.871094 0.316406 2368 0.878906 0.308594 2369 0.871094 0.300781 
2316 0.800781 0.769531 2247 0.792969 0.769531 2376 0.800781 0.777344 2375 0.808594 0.769531 2246 0.800781 0.761719 
2318 0.792969 0.777344 2249 0.785156 0.777344 2377 0.792969 0.785156 2376 0.800781 0.777344 2247 0.792969 0.769531 
2323 0.761719 0.199219 2254 0.753906 0.199219 2252 0.761719 0.207031 2380 0.769531 0.199219 2382 0.761719 0.191406 
2324 0.753906 0.816406 2255 0.746094 0.816406 2383 0.753906 0.824219 2381 0.761719 0.816406 2253 0.753906 0.808594 
2325 0.691406 0.878906 2259 0.683594 0.878906 2385 0.691406 0.886719 2384 0.699219 0.878906 2258 0.691406 0.871094 
2328 0.667969 0.105469 2263 0.660156 0.105469 2262 0.667969 0.113281 2386 0.675781 0.105469 2387 0.667969 0.097656 
2335 0.589844 0.980469 2273 0.582031 0.980469 2389 0.589844 0.988281 2388 0.597656 0.980469 2271 0.589844 0.972656 
2336 0.582031 0.988281 2275 0.574219 0.988281 2391 0.582031 0.996094 2389 0.589844 0.988281 2273 0.582031 0.980469 
2337 0.582031 0.019531 2276 0.574219 0.019531 2274 0.582031 0.027344 2390 0.589844 0.019531 2392 0.582031 0.011719 
2338 0.097656 0.660156 2396 0.089844 0.660156 2398 0.097656 0.667969 2278 0.105469 0.660156 2277 0.097656 0.652344 
2342 0.167969 0.730469 2402 0.160156 0.730469 2403 0.167969 0.738281 2280 0.175781 0.730469 2279 0.167969 0.722656 
2344 0.207031 0.769531 2404 0.199219 0.769531 2405 0.207031 0.777344 2284 0.214844 0.769531 2283 0.207031 0.761719 
2356 0.355469 0.089844 2413 0.347656 0.089844 2290 0.355469 0.097656 2291 0.363281 0.089844 2414 0.355469 0.082031 
2357 0.378906 0.066406 2415 0.371094 0.066406 2293 0.378906 0.074219 2295 0.386719 0.066406 2416 0.378906 0.058594 
2362 0.933594 0.644531 2303 0.925781 0.644531 2420 0.933594 0.652344 2419 0.941406 0.644531 2302 0.933594 0.636719 
2364 0.902344 0.675781 2306 0.894531 0.675781 2423 0.902344 0.683594 2421 0.910156 0.675781 2304 0.902344 0.667969 
2365 0.902344 0.332031 2307 0.894531 0.332031 2305 0.902344 0.339844 2422 0.910156 0.332031 2424 0.902344 0.324219 
2370 0.863281 0.714844 2311 0.855469 0.714844 2426 0.863281 0.722656 2425 0.871094 0.714844 2310 0.863281 0.707031 
2380 0.769531 0.199219 2323 0.761719 0.199219 2322 0.769531 0.207031 2434 0.777344 0.199219 2435 0.769531 0.191406 
2398 0.097656 0.667969 2446 0.089844 0.667969 2448 0.097656 0.675781 2339 0.105469 0.667969 2338 0.097656 0.660156 
2400 0.144531 0.714844 2449 0.136719 0.714844 2451 0.144531 0.722656 2341 0.152344 0.714844 2340 0.144531 0.707031 
2406 0.253906 0.824219 2460 0.246094 0.824219 2462 0.253906 0.832031 2347 0.261719 0.824219 2345 0.253906 0.816406 
2407 0.253906 0.183594 2461 0.246094 0.183594 2346 0.253906 0.191406 2348 0.261719 0.183594 2463 0.253906 0.175781 
2408 0.261719 0.832031 2462 0.253906 0.832031 2464 0.261719 0.839844 2349 0.269531 0.832031 2347 0.261719 0.824219 
2411 0.277344 0.847656 2466 0.269531 0.847656 2467 0.277344 0.855469 2351 0.285156 0.847656 2350 0.277344 0.839844 
2412 0.292969 0.863281 2468 0.285156 0.863281 2469 0.292969 0.871094 2355 0.300781 0.863281 2353 0.292969 0.855469 
2417 0.003906 0.582031 2359 0.996094 0.582031 2478 0.003906 0.589844 2393 0.011719 0.582031 2358 0.003906 0.574219 
2418 0.957031 0.378906 2361 0.949219 0.378906 2360 0.957031 0.386719 2479 0.964844 0.378906 2481 0.957031 0.371094 
2420 0.933594 0.652344 2363 0.925781 0.652344 2484 0.933594 0.660156 2483 0.941406 0.652344 2362 0.933594 0.644531 
2429 0.832031 0.753906 2372 0.824219 0.753906 2489 0.832031 0.761719 2488 0.839844 0.753906 2371 0.832031 0.746094 
2430 0.824219 0.246094 2374 0.816406 0.246094 2373 0.824219 0.253906 2490 0.832031 0.246094 2491 0.824219 0.238281 
2433 0.792969 0.214844 2379 0.785156 0.214844 2378 0.792969 0.222656 2493 0.800781 0.214844 2494 0.792969 0.207031 
2444 0.042969 0.386719 2502 0.035156 0.386719 2394 0.042969 0.394531 2395 0.050781 0.386719 2504 0.042969 0.378906 
2447 0.089844 0.339844 2507 0.082031 0.339844 2397 0.089844 0.347656 2399 0.097656 0.339844 2508 0.089844 0.332031 
2453 0.152344 0.730469 2510 0.144531 0.730469 2511 0.152344 0.738281 2402 0.160156 0.730469 2401 0.152344 0.722656 
2465 0.261719 0.167969 2517 0.253906 0.167969 2409 0.261719 0.175781 2410 0.269531 0.167969 2518 0.261719 0.160156 
2483 0.941406 0.652344 2420 0.933594 0.652344 2531 0.941406 0.660156 2530 0.949219 0.652344 2419 0.941406 0.644531 
2486 0.863281 0.277344 2428 0.855469 0.277344 2427 0.863281 0.285156 2532 0.871094 0.277344 2534 0.863281 0.269531 
2492 0.808594 0.222656 2432 0.800781 0.222656 2431 0.808594 0.230469 2539 0.816406 0.222656 2540 0.808594 0.214844 
2497 0.722656 0.136719 2437 0.714844 0.136719 2436 0.722656 0.144531 2542 0.730469 0.136719 2543 0.722656 0.128906 
2498 0.699219 0.894531 2439 0.691406 0.894531 2545 0.699219 0.902344 2544 0.707031 0.894531 2438 0.699219 0.886719 
2499 0.660156 0.074219 2441 0.652344 0.074219 2440 0.660156 0.082031 2546 0.667969 0.074219 2547 0.660156 0.066406 
2501 0.035156 0.621094 2548 0.027344 0.621094 2549 0.035156 0.628906 2443 0.042969 0.621094 2442 0.035156 0.613281 
2503 0.042969 0.628906 2549 0.035156 0.628906 2550 0.042969 0.636719 2445 0.050781 0.628906 2443 0.042969 0.621094 
2509 0.136719 0.285156 2556 0.128906 0.285156 2450 0.136719 0.292969 2452 0.144531 0.285156 2557 0.136719 0.277344 
2512 0.152344 0.269531 2558 0.144531 0.269531 2454 0.152344 0.277344 2455 0.160156 0.269531 2559 0.152344 0.261719 
2513 0.167969 0.753906 2560 0.160156 0.753906 2561 0.167969 0.761719 2457 0.175781 0.753906 2456 0.167969 0.746094 
2514 0.191406 0.230469 2562 0.183594 0.230469 2458 0.191406 0.238281 2459 0.199219 0.230469 2563 0.191406 0.222656 
2519 0.324219 0.097656 2567 0.316406 0.097656 2470 0.324219 0.105469 2471 0.332031 0.097656 2568 0.324219 0.089844 
2520 0.332031 0.089844 2568 0.324219 0.089844 2471 0.332031 0.097656 2472 0.339844 0.089844 2569 0.332031 0.082031 
2522 0.339844 0.082031 2569 0.332031 0.082031 2472 0.339844 0.089844 2473 0.347656 0.082031 2571 0.339844 0.074219 
2525 0.355469 0.941406 2572 0.347656 0.941406 2574 0.355469 0.949219 2475 0.363281 0.941406 2474 0.355469 0.933594 
2527 0.386719 0.035156 2577 0.378906 0.035156 2476 0.386719 0.042969 2477 0.394531 0.035156 2578 0.386719 0.027344 
2529 0.957031 0.644531 2482 0.949219 0.644531 2583 0.957031 0.652344 2582 0.964844 0.644531 2480 0.957031 0.636719 
2533 0.863281 0.738281 2487 0.855469 0.738281 2585 0.863281 0.746094 2584 0.871094 0.738281 2485 0.863281 0.730469 
2541 0.730469 0.871094 2496 0.722656 0.871094 2590 0.730469 0.878906 2589 0.738281 0.871094 2495 0.730469 0.863281 
2547 0.660156 0.066406 2500 0.652344 0.066406 2499 0.660156 0.074219 2591 0.667969 0.066406 2592 0.660156 0.058594 
2551 0.074219 0.667969 2593 0.066406 0.667969 2594 0.074219 0.675781 2506 0.082031 0.667969 2505 0.074219 0.660156 
2564 0.199219 0.792969 2598 0.191406 0.792969 2600 0.199219 0.800781 2516 0.207031 0.792969 2515 0.199219 0.785156 
2570 0.339844 0.933594 2609 0.332031 0.933594 2611 0.339844 0.941406 2523 0.347656 0.933594 2521 0.339844 0.925781 
2573 0.347656 0.066406 2612 0.339844 0.066406 2524 0.347656 0.074219 2526 0.355469 0.066406 2613 0.347656 0.058594 
2578 0.386719 0.027344 2615 0.378906 0.027344 2527 0.386719 0.035156 2528 0.394531 0.027344 2616 0.386719 0.019531 
2586 0.863281 0.261719 2536 0.855469 0.261719 2534 0.863281 0.269531 2624 0.871094 0.261719 2626 0.863281 0.253906 
2587 0.855469 0.753906 2537 0.847656 0.753906 2627 0.855469 0.761719 2625 0.863281 0.753906 2535 0.855469 0.746094 
2588 0.855469 0.253906 2538 0.847656 0.253906 2536 0.855469 0.261719 2626 0.863281 0.253906 2628 0.855469 0.246094 
2595 0.089844 0.691406 2633 0.082031 0.691406 2634 0.089844 0.699219 2553 0.097656 0.691406 2552 0.089844 0.683594 
2596 0.113281 0.292969 2635 0.105469 0.292969 2554 0.113281 0.300781 2555 0.121094 0.292969 2636 0.113281 0.285156 
2607 0.261719 0.863281 2646 0.253906 0.863281 2647 0.261719 0.871094 2566 0.269531 0.863281 2565 0.261719 0.855469 
2614 0.355469 0.050781 2650 0.347656 0.050781 2575 0.355469 0.058594 2576 0.363281 0.050781 2652 0.355469 0.042969 
2617 0.402344 0.003906 2653 0.394531 0.003906 2580 0.402344 0.011719 2581 0.410156 0.003906 2579 0.402344 0.996094 
2626 0.863281 0.253906 2588 0.855469 0.253906 2586 0.863281 0.261719 2659 0.871094 0.253906 2660 0.863281 0.246094 
2641 0.183594 0.214844 2683 0.175781 0.214844 2597 0.183594 0.222656 2599 0.191406 0.214844 2684 0.183594 0.207031 
2642 0.191406 0.207031 2684 0.183594 0.207031 2599 0.191406 0.214844 2601 0.199219 0.207031 2685 0.191406 0.199219 
2643 0.199219 0.199219 2685 0.191406 0.199219 2601 0.199219 0.207031 2602 0.207031 0.199219 2686 0.199219 0.191406 
2644 0.214844 0.183594 2687 0.207031 0.183594 2603 0.214844 0.191406 2604 0.222656 0.183594 2688 0.214844 0.175781 
2645 0.246094 0.152344 2689 0.238281 0.152344 2605 0.246094 0.160156 2606 0.253906 0.152344 2690 0.246094 0.144531 
2648 0.324219 0.074219 2693 0.316406 0.074219 2608 0.324219 0.082031 2610 0.332031 0.074219 2694 0.324219 0.066406 
2656 0.996094 0.378906 2619 0.988281 0.378906 2618 0.996094 0.386719 2697 0.003906 0.378906 2699 0.996094 0.371094 
2657 0.972656 0.355469 2621 0.964844 0.355469 2620 0.972656 0.363281 2700 0.980469 0.355469 2701 0.972656 0.347656 
2658 0.949219 0.675781 2623 0.941406 0.675781 2703 0.949219 0.683594 2702 0.957031 0.675781 2622 0.949219 0.667969 
2670 0.636719 0.988281 2630 0.628906 0.988281 2715 0.636719 0.996094 2714 0.644531 0.988281 2629 0.636719 0.980469 
2675 0.035156 0.355469 2720 0.027344 0.355469 2631 0.035156 0.363281 2632 0.042969 0.355469 2721 0.035156 0.347656 
2681 0.128906 0.746094 2728 0.121094 0.746094 2729 0.128906 0.753906 2638 0.136719 0.746094 2637 0.128906 0.738281 
2682 0.152344 0.238281 2730 0.144531 0.238281 2639 0.152344 0.246094 2640 0.160156 0.238281 2731 0.152344 0.230469 
2684 0.183594 0.207031 2732 0.175781 0.207031 2641 0.183594 0.214844 2642 0.191406 0.207031 2733 0.183594 0.199219 
2695 0.347656 0.964844 2738 0.339844 0.964844 2739 0.347656 0.972656 2651 0.355469 0.964844 2649 0.347656 0.957031 
2696 0.003906 0.628906 2655 0.996094 0.628906 2740 0.003906 0.636719 2671 0.011719 0.628906 2654 0.003906 0.621094 
2709 0.839844 0.214844 2662 0.832031 0.214844 2661 0.839844 0.222656 2747 0.847656 0.214844 2748 0.839844 0.207031 
2710 0.824219 0.808594 2664 0.816406 0.808594 2750 0.824219 0.816406 2749 0.832031 0.808594 2663 0.824219 0.800781 
2711 0.816406 0.816406 2665 0.808594 0.816406 2751 0.816406 0.824219 2750 0.824219 0.816406 2664 0.816406 0.808594 
2712 0.714844 0.089844 2667 0.707031 0.089844 2666 0.714844 0.097656 2752 0.722656 0.089844 2754 0.714844 0.082031 
2713 0.699219 0.074219 2669 0.691406 0.074219 2668 0.699219 0.082031 2756 0.707031 0.074219 2757 0.699219 0.066406 
2719 0.027344 0.652344 2762 0.019531 0.652344 2764 0.027344 0.660156 2674 0.035156 0.652344 2672 0.027344 0.644531 
2720 0.027344 0.355469 2763 0.019531 0.355469 2673 0.027344 0.363281 2675 0.035156 0.355469 2765 0.027344 0.347656 
2722 0.042969 0.339844 2766 0.035156 0.339844 2676 0.042969 0.347656 2677 0.050781 0.339844 2767 0.042969 0.332031 
2723 0.066406 0.691406 2768 0.058594 0.691406 2769 0.066406 0.699219 2679 0.074219 0.691406 2678 0.066406 0.683594 
2728 0.121094 0.746094 2774 0.113281 0.746094 2775 0.121094 0.753906 2681 0.128906 0.746094 2680 0.121094 0.738281 
2737 0.292969 0.089844 2782 0.285156 0.089844 2691 0.292969 0.097656 2692 0.300781 0.089844 2784 0.292969 0.082031 
2740 0.003906 0.636719 2698 0.996094 0.636719 2788 0.003906 0.644531 2716 0.011719 0.636719 2696 0.003906 0.628906 
2743 0.910156 0.730469 2705 0.902344 0.730469 2791 0.910156 0.738281 2790 0.917969 0.730469 2704 0.910156 0.722656 
2746 0.878906 0.246094 2707 0.871094 0.246094 2706 0.878906 0.253906 2793 0.886719 0.246094 2794 0.878906 0.238281 
2747 0.847656 0.214844 2709 0.839844 0.214844 2708 0.847656 0.222656 2795 0.855469 0.214844 2796 0.847656 0.207031 
2760 0.644531 0.996094 2715 0.636719 0.996094 2802 0.644531 0.003906 2801 0.652344 0.996094 2714 0.644531 0.988281 
2761 0.011719 0.363281 2789 0.003906 0.363281 2717 0.011719 0.371094 2718 0.019531 0.363281 2803 0.011719 0.355469 
2771 0.074219 0.300781 2804 0.066406 0.300781 2724 0.074219 0.308594 2725 0.082031 0.300781 2806 0.074219 0.292969 
2773 0.089844 0.285156 2807 0.082031 0.285156 2726 0.089844 0.292969 2727 0.097656 0.285156 2808 0.089844 0.277344 
2780 0.238281 0.136719 2813 0.230469 0.136719 2734 0.238281 0.144531 2735 0.246094 0.136719 2815 0.238281 0.128906 
2782 0.285156 0.089844 2816 0.277344 0.089844 2736 0.285156 0.097656 2737 0.292969 0.089844 2818 0.285156 0.082031 
2789 0.003906 0.363281 2742 0.996094 0.363281 2741 0.003906 0.371094 2761 0.011719 0.363281 2823 0.003906 0.355469 
2792 0.910156 0.269531 2745 0.902344 0.269531 2744 0.910156 0.277344 2826 0.917969 0.269531 2827 0.910156 0.261719 
2799 0.714844 0.933594 2755 0.707031 0.933594 2832 0.714844 0.941406 2831 0.722656 0.933594 2753 0.714844 0.925781 
2800 0.675781 0.972656 2759 0.667969 0.972656 2834 0.675781 0.980469 2833 0.683594 0.972656 2758 0.675781 0.964844 
2805 0.074219 0.714844 2839 0.066406 0.714844 2840 0.074219 0.722656 2772 0.082031 0.714844 2770 0.074219 0.707031 
2809 0.207031 0.847656 2846 0.199219 0.847656 2847 0.207031 0.855469 2777 0.214844 0.847656 2776 0.207031 0.839844 
2810 0.214844 0.152344 2848 0.207031 0.152344 2778 0.214844 0.160156 2779 0.222656 0.152344 2849 0.214844 0.144531 
2817 0.285156 0.925781 2856 0.277344 0.925781 2858 0.285156 0.933594 2783 0.292969 0.925781 2781 0.285156 0.917969 
2819 0.292969 0.074219 2859 0.285156 0.074219 2784 0.292969 0.082031 2785 0.300781 0.074219 2860 0.292969 0.066406 
2822 0.355469 0.011719 2864 0.347656 0.011719 2786 0.355469 0.019531 2787 0.363281 0.011719 2865 0.355469 0.003906 
2830 0.753906 0.105469 2798 0.746094 0.105469 2797 0.753906 0.113281 2874 0.761719 0.105469 2876 0.753906 0.097656 
2841 0.082031 0.277344 2885 0.074219 0.277344 2807 0.082031 0.285156 2808 0.089844 0.277344 2886 0.082031 0.269531 
2850 0.222656 0.136719 2890 0.214844 0.136719 2811 0.222656 0.144531 2813 0.230469 0.136719 2892 0.222656 0.128906 
2851 0.230469 0.878906 2891 0.222656 0.878906 2893 0.230469 0.886719 2814 0.238281 0.878906 2812 0.230469 0.871094 
2857 0.277344 0.082031 2896 0.269531 0.082031 2816 0.277344 0.089844 2818 0.285156 0.082031 2897 0.277344 0.074219 
2861 0.300781 0.058594 2898 0.292969 0.058594 2820 0.300781 0.066406 2821 0.308594 0.058594 2899 0.300781 0.050781 
2866 0.933594 0.730469 2825 0.925781 0.730469 2904 0.933594 0.738281 2903 0.941406 0.730469 2824 0.933594 0.722656 
2872 0.785156 0.878906 2829 0.777344 0.878906 2914 0.785156 0.886719 2913 0.792969 0.878906 2828 0.785156 0.871094 
2882 0.660156 0.003906 2837 0.652344 0.003906 2836 0.660156 0.011719 2921 0.667969 0.003906 2835 0.660156 0.996094 
2884 0.058594 0.714844 2922 0.050781 0.714844 2923 0.058594 0.722656 2839 0.066406 0.714844 2838 0.058594 0.707031 
2887 0.089844 0.261719 2924 0.082031 0.261719 2842 0.089844 0.269531 2843 0.097656 0.261719 2925 0.089844 0.253906 
2889 0.167969 0.183594 2928 0.160156 0.183594 2844 0.167969 0.191406 2845 0.175781 0.183594 2929 0.167969 0.175781 
2894 0.238281 0.894531 2930 0.230469 0.894531 2931 0.238281 0.902344 2853 0.246094 0.894531 2852 0.238281 0.886719 
2895 0.261719 0.089844 2932 0.253906 0.089844 2854 0.261719 0.097656 2855 0.269531 0.089844 2933 0.261719 0.082031 
2897 0.277344 0.074219 2934 0.269531 0.074219 2857 0.277344 0.082031 2859 0.285156 0.074219 2935 0.277344 0.066406 
2900 0.332031 0.019531 2936 0.324219 0.019531 2862 0.332031 0.027344 2863 0.339844 0.019531 2937 0.332031 0.011719 
2907 0.871094 0.800781 2868 0.863281 0.800781 2943 0.871094 0.808594 2942 0.878906 0.800781 2867 0.871094 0.792969 
2910 0.824219 0.160156 2870 0.816406 0.160156 2869 0.824219 0.167969 2947 0.832031 0.160156 2949 0.824219 0.152344 
2912 0.816406 0.152344 2871 0.808594 0.152344 2870 0.816406 0.160156 2949 0.824219 0.152344 2950 0.816406 0.144531 
2915 0.761719 0.910156 2875 0.753906 0.910156 2952 0.761719 0.917969 2951 0.769531 0.910156 2873 0.761719 0.902344 
2916 0.730469 0.066406 2878 0.722656 0.066406 2877 0.730469 0.074219 2954 0.738281 0.066406 2955 0.730469 0.058594 
2917 0.699219 0.972656 2880 0.691406 0.972656 2957 0.699219 0.980469 2956 0.707031 0.972656 2879 0.699219 0.964844 
2919 0.691406 0.980469 2881 0.683594 0.980469 2959 0.691406 0.988281 2957 0.699219 0.980469 2880 0.691406 0.972656 
2922 0.050781 0.714844 2960 0.042969 0.714844 2961 0.050781 0.722656 2884 0.058594 0.714844 2883 0.050781 0.707031 
2928 0.160156 0.183594 2965 0.152344 0.183594 2888 0.160156 0.191406 2889 0.167969 0.183594 2966 0.160156 0.175781 
2940 0.972656 0.707031 2902 0.964844 0.707031 2973 0.972656 0.714844 2972 0.980469 0.707031 2901 0.972656 0.699219 
2941 0.910156 0.238281 2906 0.902344 0.238281 2905 0.910156 0.246094 2978 0.917969 0.238281 2979 0.910156 0.230469 
2946 0.832031 0.847656 2909 0.824219 0.847656 2982 0.832031 0.855469 2981 0.839844 0.847656 2908 0.832031 0.839844 
2948 0.824219 0.855469 2911 0.816406 0.855469 2983 0.824219 0.863281 2982 0.832031 0.855469 2909 0.824219 0.847656 
2958 0.699219 0.027344 2920 0.691406 0.027344 2918 0.699219 0.035156 2989 0.707031 0.027344 2990 0.699219 0.019531 
2964 0.152344 0.824219 2997 0.144531 0.824219 2998 0.152344 0.832031 2927 0.160156 0.824219 2926 0.152344 0.816406 
2971 0.988281 0.699219 2939 0.980469 0.699219 3002 0.988281 0.707031 3001 0.996094 0.699219 2938 0.988281 0.691406 
2980 0.863281 0.183594 2945 0.855469 0.183594 2944 0.863281 0.191406 3007 0.871094 0.183594 3008 0.863281 0.175781 
2988 0.746094 0.066406 2954 0.738281 0.066406 2953 0.746094 0.074219 3012 0.753906 0.066406 3013 0.746094 0.058594 
2994 0.082031 0.761719 3015 0.074219 0.761719 3016 0.082031 0.769531 2963 0.089844 0.761719 2962 0.082031 0.753906 
2999 0.175781 0.152344 3022 0.167969 0.152344 2967 0.175781 0.160156 2968 0.183594 0.152344 3023 0.175781 0.144531 
3000 0.261719 0.066406 3024 0.253906 0.066406 2969 0.261719 0.074219 2970 0.269531 0.066406 3025 0.261719 0.058594 
3003 0.972656 0.285156 2976 0.964844 0.285156 2974 0.972656 0.292969 3026 0.980469 0.285156 3028 0.972656 0.277344 
3004 0.964844 0.730469 2977 0.957031 0.730469 3029 0.964844 0.738281 3027 0.972656 0.730469 2975 0.964844 0.722656 
3010 0.785156 0.097656 2985 0.777344 0.097656 2984 0.785156 0.105469 3036 0.792969 0.097656 3037 0.785156 0.089844 
3011 0.753906 0.941406 2987 0.746094 0.941406 3039 0.753906 0.949219 3038 0.761719 0.941406 2986 0.753906 0.933594 
3014 0.691406 0.003906 2993 0.683594 0.003906 2992 0.691406 0.011719 3040 0.699219 0.003906 2991 0.691406 0.996094 
3017 0.082031 0.238281 3041 0.074219 0.238281 2995 0.082031 0.246094 2996 0.089844 0.238281 3042 0.082031 0.230469 
3030 0.902344 0.207031 3006 0.894531 0.207031 3005 0.902344 0.214844 3052 0.910156 0.207031 3053 0.902344 0.199219 
3036 0.792969 0.097656 3010 0.785156 0.097656 3009 0.792969 0.105469 3059 0.800781 0.097656 3060 0.792969 0.089844 
3043 0.113281 0.199219 3067 0.105469 0.199219 3018 0.113281 0.207031 3019 0.121094 0.199219 3068 0.113281 0.191406 
3044 0.128906 0.824219 3069 0.121094 0.824219 3070 0.128906 0.832031 3021 0.136719 0.824219 3020 0.128906 0.816406 
3054 0.894531 0.191406 3032 0.886719 0.191406 3031 0.894531 0.199219 3082 0.902344 0.191406 3083 0.894531 0.183594 
3055 0.886719 0.183594 3033 0.878906 0.183594 3032 0.886719 0.191406 3083 0.894531 0.183594 3084 0.886719 0.175781 
3058 0.800781 0.910156 3035 0.792969 0.910156 3090 0.800781 0.917969 3089 0.808594 0.910156 3034 0.800781 0.902344 
3073 0.191406 0.113281 3103 0.183594 0.113281 3045 0.191406 0.121094 3046 0.199219 0.113281 3104 0.191406 0.105469 
3074 0.230469 0.074219 3105 0.222656 0.074219 3047 0.230469 0.082031 3048 0.238281 0.074219 3106 0.230469 0.066406 
3075 0.238281 0.066406 3106 0.230469 0.066406 3048 0.238281 0.074219 3049 0.246094 0.066406 3107 0.238281 0.058594 
3079 0.996094 0.285156 3051 0.988281 0.285156 3050 0.996094 0.292969 3110 0.003906 0.285156 3111 0.996094 0.277344 
3085 0.832031 0.886719 3057 0.824219 0.886719 3116 0.832031 0.894531 3115 0.839844 0.886719 3056 0.832031 0.878906 
3091 0.785156 0.074219 3062 0.777344 0.074219 3061 0.785156 0.082031 3120 0.792969 0.074219 3121 0.785156 0.066406 
3092 0.746094 0.972656 3064 0.738281 0.972656 3123 0.746094 0.980469 3122 0.753906 0.972656 3063 0.746094 0.964844 
3095 0.019531 0.277344 3125 0.011719 0.277344 3065 0.019531 0.285156 3066 0.027344 0.277344 3126 0.019531 0.269531 
3102 0.160156 0.136719 3130 0.152344 0.136719 3071 0.160156 0.144531 3072 0.167969 0.136719 3131 0.160156 0.128906 
3108 0.253906 0.042969 3134 0.246094 0.042969 3076 0.253906 0.050781 3077 0.261719 0.042969 3135 0.253906 0.035156 
3109 0.261719 0.035156 3135 0.253906 0.035156 3077 0.261719 0.042969 3078 0.269531 0.035156 3136 0.261719 0.027344 
3114 0.917969 0.199219 3081 0.910156 0.199219 3080 0.917969 0.207031 3138 0.925781 0.199219 3139 0.917969 0.191406 
3117 0.832031 0.113281 3087 0.824219 0.113281 3086 0.832031 0.121094 3142 0.839844 0.113281 3143 0.832031 0.105469 
3118 0.824219 0.105469 3088 0.816406 0.105469 3087 0.824219 0.113281 3143 0.832031 0.105469 3144 0.824219 0.097656 
3119 0.808594 0.917969 3090 0.800781 0.917969 3146 0.808594 0.925781 3145 0.816406 0.917969 3089 0.808594 0.910156 
3124 0.746094 0.027344 3094 0.738281 0.027344 3093 0.746094 0.035156 3149 0.753906 0.027344 3150 0.746094 0.019531 
3127 0.035156 0.753906 3152 0.027344 0.753906 3153 0.035156 0.761719 3097 0.042969 0.753906 3096 0.035156 0.746094 
3128 0.066406 0.222656 3154 0.058594 0.222656 3098 0.066406 0.230469 3099 0.074219 0.222656 3155 0.066406 0.214844 
3129 0.128906 0.847656 3156 0.121094 0.847656 3157 0.128906 0.855469 3101 0.136719 0.847656 3100 0.128906 0.839844 
3135 0.253906 0.035156 3161 0.246094 0.035156 3108 0.253906 0.042969 3109 0.261719 0.035156 3162 0.253906 0.027344 
3137 0.925781 0.808594 3113 0.917969 0.808594 3165 0.925781 0.816406 3164 0.933594 0.808594 3112 0.925781 0.800781 
3151 0.011719 0.269531 3163 0.003906 0.269531 3125 0.011719 0.277344 3126 0.019531 0.269531 3176 0.011719 0.261719 
3160 0.207031 0.933594 3180 0.199219 0.933594 3181 0.207031 0.941406 3133 0.214844 0.933594 3132 0.207031 0.925781 
3166 0.910156 0.175781 3141 0.902344 0.175781 3140 0.910156 0.183594 3183 0.917969 0.175781 3184 0.910156 0.167969 
3175 0.777344 0.042969 3148 0.769531 0.042969 3147 0.777344 0.050781 3189 0.785156 0.042969 3190 0.777344 0.035156 
3179 0.144531 0.128906 3200 0.136719 0.128906 3158 0.144531 0.136719 3159 0.152344 0.128906 3201 0.144531 0.121094 
3185 0.886719 0.144531 3168 0.878906 0.144531 3167 0.886719 0.152344 3207 0.894531 0.144531 3208 0.886719 0.136719 
3186 0.863281 0.886719 3170 0.855469 0.886719 3210 0.863281 0.894531 3209 0.871094 0.886719 3169 0.863281 0.878906 
3187 0.824219 0.082031 3172 0.816406 0.082031 3171 0.824219 0.089844 3213 0.832031 0.082031 3214 0.824219 0.074219 
3188 0.808594 0.941406 3174 0.800781 0.941406 3216 0.808594 0.949219 3215 0.816406 0.941406 3173 0.808594 0.933594 
3195 0.058594 0.800781 3220 0.050781 0.800781 3221 0.058594 0.808594 3178 0.066406 0.800781 3177 0.058594 0.792969 
3206 0.925781 0.175781 3183 0.917969 0.175781 3182 0.925781 0.183594 3233 0.933594 0.175781 3234 0.925781 0.167969 
3218 0.019531 0.769531 3237 0.011719 0.769531 3238 0.019531 0.777344 3192 0.027344 0.769531 3191 0.019531 0.761719 
3219 0.042969 0.792969 3239 0.035156 0.792969 3240 0.042969 0.800781 3194 0.050781 0.792969 3193 0.042969 0.785156 
3222 0.082031 0.832031 3241 0.074219 0.832031 3243 0.082031 0.839844 3197 0.089844 0.832031 3196 0.082031 0.824219 
3223 0.105469 0.152344 3245 0.097656 0.152344 3198 0.105469 0.160156 3199 0.113281 0.152344 3246 0.105469 0.144531 
3226 0.214844 0.042969 3250 0.207031 0.042969 3202 0.214844 0.050781 3203 0.222656 0.042969 3251 0.214844 0.035156 
3232 0.941406 0.183594 3205 0.933594 0.183594 3204 0.941406 0.191406 3254 0.949219 0.183594 3255 0.941406 0.175781 
3235 0.855469 0.910156 3212 0.847656 0.910156 3259 0.855469 0.917969 3258 0.863281 0.910156 3211 0.855469 0.902344 
3236 0.808594 0.957031 3217 0.800781 0.957031 3261 0.808594 0.964844 3260 0.816406 0.957031 3216 0.808594 0.949219 
3240 0.042969 0.800781 3263 0.035156 0.800781 3265 0.042969 0.808594 3220 0.050781 0.800781 3219 0.042969 0.792969 
3249 0.175781 0.074219 3271 0.167969 0.074219 3224 0.175781 0.082031 3225 0.183594 0.074219 3272 0.175781 0.066406 
3252 0.230469 0.019531 3273 0.222656 0.019531 3227 0.230469 0.027344 3228 0.238281 0.019531 3274 0.230469 0.011719 
3253 0.949219 0.824219 3231 0.941406 0.824219 3277 0.949219 0.832031 3275 0.957031 0.824219 3229 0.949219 0.816406 
3254 0.949219 0.183594 3232 0.941406 0.183594 3230 0.949219 0.191406 3276 0.957031 0.183594 3278 0.949219 0.175781 
3267 0.074219 0.839844 3288 0.066406 0.839844 3290 0.074219 0.847656 3243 0.082031 0.839844 3241 0.074219 0.832031 
3268 0.074219 0.167969 3289 0.066406 0.167969 3242 0.074219 0.175781 3244 0.082031 0.167969 3291 0.074219 0.160156 
3269 0.113281 0.878906 3294 0.105469 0.878906 3295 0.113281 0.886719 3248 0.121094 0.878906 3247 0.113281 0.871094 
3279 0.933594 0.847656 3257 0.925781 0.847656 3300 0.933594 0.855469 3299 0.941406 0.847656 3256 0.933594 0.839844 
3287 0.027344 0.207031 3312 0.019531 0.207031 3262 0.027344 0.214844 3264 0.035156 0.207031 3313 0.027344 0.199219 
3288 0.066406 0.839844 3314 0.058594 0.839844 3315 0.066406 0.847656 3267 0.074219 0.839844 3266 0.066406 0.832031 
3296 0.160156 0.074219 3319 0.152344 0.074219 3270 0.160156 0.082031 3271 0.167969 0.074219 3320 0.160156 0.066406 
3301 0.917969 0.136719 3281 0.910156 0.136719 3280 0.917969 0.144531 3325 0.925781 0.136719 3326 0.917969 0.128906 
3302 0.910156 0.128906 3282 0.902344 0.128906 3281 0.910156 0.136719 3326 0.917969 0.128906 3327 0.910156 0.121094 
3307 0.871094 0.089844 3284 0.863281 0.089844 3283 0.871094 0.097656 3330 0.878906 0.089844 3331 0.871094 0.082031 
3308 0.800781 0.988281 3286 0.792969 0.988281 3335 0.800781 0.996094 3334 0.808594 0.988281 3285 0.800781 0.980469 
3318 0.089844 0.871094 3343 0.082031 0.871094 3344 0.089844 0.878906 3293 0.097656 0.871094 3292 0.089844 0.863281 
3321 0.183594 0.042969 3345 0.175781 0.042969 3297 0.183594 0.050781 3298 0.191406 0.042969 3346 0.183594 0.035156 
3328 0.902344 0.894531 3304 0.894531 0.894531 3353 0.902344 0.902344 3351 0.910156 0.894531 3303 0.902344 0.886719 
3329 0.894531 0.105469 3306 0.886719 0.105469 3305 0.894531 0.113281 3354 0.902344 0.105469 3355 0.894531 0.097656 
3336 0.800781 0.011719 3310 0.792969 0.011719 3309 0.800781 0.019531 3361 0.808594 0.011719 3362 0.800781 0.003906 
3337 0.011719 0.207031 3347 0.003906 0.207031 3311 0.011719 0.214844 3312 0.019531 0.207031 3363 0.011719 0.199219 
3342 0.074219 0.144531 3369 0.066406 0.144531 3316 0.074219 0.152344 3317 0.082031 0.144531 3370 0.074219 0.136719 
3348 0.988281 0.816406 3323 0.980469 0.816406 3376 0.988281 0.824219 3375 0.996094 0.816406 3322 0.988281 0.808594 
3349 0.980469 0.824219 3324 0.972656 0.824219 3377 0.980469 0.832031 3376 0.988281 0.824219 3323 0.980469 0.816406 
3357 0.863281 0.066406 3333 0.855469 0.066406 3332 0.863281 0.074219 3381 0.871094 0.066406 3383 0.863281 0.058594 
3364 0.027344 0.183594 3386 0.019531 0.183594 3338 0.027344 0.191406 3339 0.035156 0.183594 3387 0.027344 0.175781 
3367 0.050781 0.160156 3389 0.042969 0.160156 3340 0.050781 0.167969 3341 0.058594 0.160156 3391 0.050781 0.152344 
3376 0.988281 0.824219 3349 0.980469 0.824219 3398 0.988281 0.832031 3397 0.996094 0.824219 3348 0.988281 0.816406 
3378 0.917969 0.113281 3352 0.910156 0.113281 3350 0.917969 0.121094 3403 0.925781 0.113281 3404 0.917969 0.105469 
3382 0.863281 0.949219 3358 0.855469 0.949219 3411 0.863281 0.957031 3410 0.871094 0.949219 3356 0.863281 0.941406 
3385 0.832031 0.980469 3360 0.824219 0.980469 3414 0.832031 0.988281 3413 0.839844 0.980469 3359 0.832031 0.972656 
3388 0.042969 0.847656 3415 0.035156 0.847656 3416 0.042969 0.855469 3366 0.050781 0.847656 3365 0.042969 0.839844 
3390 0.050781 0.855469 3416 0.042969 0.855469 3418 0.050781 0.863281 3368 0.058594 0.855469 3366 0.050781 0.847656 
3392 0.089844 0.113281 3419 0.082031 0.113281 3371 0.089844 0.121094 3372 0.097656 0.113281 3421 0.089844 0.105469 
3393 0.121094 0.925781 3423 0.113281 0.925781 3424 0.121094 0.933594 3374 0.128906 0.925781 3373 0.121094 0.917969 
3409 0.886719 0.074219 3380 0.878906 0.074219 3379 0.886719 0.082031 3435 0.894531 0.074219 3437 0.886719 0.066406 
3412 0.863281 0.050781 3384 0.855469 0.050781 3383 0.863281 0.058594 3439 0.871094 0.050781 3440 0.863281 0.042969 
3417 0.042969 0.152344 3445 0.035156 0.152344 3389 0.042969 0.160156 3391 0.050781 0.152344 3446 0.042969 0.144531 
3425 0.191406 0.003906 3453 0.183594 0.003906 3395 0.191406 0.011719 3396 0.199219 0.003906 3394 0.191406 0.996094 
3430 0.957031 0.136719 3401 0.949219 0.136719 3399 0.957031 0.144531 3458 0.964844 0.136719 3460 0.957031 0.128906 
3431 0.949219 0.878906 3402 0.941406 0.878906 3461 0.949219 0.886719 3459 0.957031 0.878906 3400 0.949219 0.871094 
3432 0.910156 0.917969 3406 0.902344 0.917969 3463 0.910156 0.925781 3462 0.917969 0.917969 3405 0.910156 0.910156 
3433 0.902344 0.082031 3408 0.894531 0.082031 3407 0.902344 0.089844 3464 0.910156 0.082031 3465 0.902344 0.074219 
3444 0.035156 0.855469 3475 0.027344 0.855469 3476 0.035156 0.863281 3416 0.042969 0.855469 3415 0.035156 0.847656 
3447 0.089844 0.910156 3477 0.082031 0.910156 3478 0.089844 0.917969 3422 0.097656 0.910156 3420 0.089844 0.902344 
3454 0.003906 0.832031 3427 0.996094 0.832031 3481 0.003906 0.839844 3443 0.011719 0.832031 3426 0.003906 0.824219 
3457 0.972656 0.863281 3429 0.964844 0.863281 3484 0.972656 0.871094 3483 0.980469 0.863281 3428 0.972656 0.855469 
3466 0.894531 0.941406 3436 0.886719 0.941406 3490 0.894531 0.949219 3488 0.902344 0.941406 3434 0.894531 0.933594 
3468 0.886719 0.949219 3438 0.878906 0.949219 3492 0.886719 0.957031 3490 0.894531 0.949219 3436 0.886719 0.941406 
3472 0.855469 0.980469 3442 0.847656 0.980469 3495 0.855469 0.988281 3494 0.863281 0.980469 3441 0.855469 0.972656 
3478 0.089844 0.917969 3497 0.082031 0.917969 3498 0.089844 0.925781 3448 0.097656 0.917969 3447 0.089844 0.910156 
3479 0.128906 0.957031 3499 0.121094 0.957031 3501 0.128906 0.964844 3451 0.136719 0.957031 3449 0.128906 0.949219 
3480 0.128906 0.050781 3500 0.121094 0.050781 3450 0.128906 0.058594 3452 0.136719 0.050781 3502 0.128906 0.042969 
3482 0.988281 0.855469 3456 0.980469 0.855469 3507 0.988281 0.863281 3506 0.996094 0.855469 3455 0.988281 0.847656 
3485 0.964844 0.128906 3460 0.957031 0.128906 3458 0.964844 0.136719 3509 0.972656 0.128906 3511 0.964844 0.121094 
3489 0.902344 0.066406 3467 0.894531 0.066406 3465 0.902344 0.074219 3513 0.910156 0.066406 3515 0.902344 0.058594 
3491 0.894531 0.058594 3469 0.886719 0.058594 3467 0.894531 0.066406 3515 0.902344 0.058594 3516 0.894531 0.050781 
3493 0.871094 0.035156 3471 0.863281 0.035156 3470 0.871094 0.042969 3517 0.878906 0.035156 3518 0.871094 0.027344 
3496 0.011719 0.847656 3505 0.003906 0.847656 3519 0.011719 0.855469 3474 0.019531 0.847656 3473 0.011719 0.839844 
3512 0.957031 0.894531 3487 0.949219 0.894531 3527 0.957031 0.902344 3526 0.964844 0.894531 3486 0.957031 0.886719 
3514 0.902344 0.949219 3490 0.894531 0.949219 3529 0.902344 0.957031 3528 0.910156 0.949219 3488 0.902344 0.941406 
3524 0.152344 0.996094 3539 0.144531 0.996094 3540 0.152344 0.003906 3504 0.160156 0.996094 3503 0.152344 0.988281 
3525 0.988281 0.871094 3508 0.980469 0.871094 3542 0.988281 0.878906 3541 0.996094 0.871094 3507 0.988281 0.863281 
3526 0.964844 0.894531 3512 0.957031 0.894531 3544 0.964844 0.902344 3543 0.972656 0.894531 3510 0.964844 0.886719 
3532 0.074219 0.082031 3552 0.066406 0.082031 3520 0.074219 0.089844 3521 0.082031 0.082031 3553 0.074219 0.074219 
3533 0.105469 0.050781 3556 0.097656 0.050781 3522 0.105469 0.058594 3523 0.113281 0.050781 3557 0.105469 0.042969 
3550 0.019531 0.878906 3570 0.011719 0.878906 3571 0.019531 0.886719 3531 0.027344 0.878906 3530 0.019531 0.871094 
3559 0.113281 0.035156 3573 0.105469 0.035156 3534 0.113281 0.042969 3535 0.121094 0.035156 3575 0.113281 0.027344 
3561 0.128906 0.019531 3576 0.121094 0.019531 3536 0.128906 0.027344 3538 0.136719 0.019531 3578 0.128906 0.011719 
3562 0.136719 0.996094 3577 0.128906 0.996094 3579 0.136719 0.003906 3539 0.144531 0.996094 3537 0.136719 0.988281 
3565 0.964844 0.910156 3545 0.957031 0.910156 3582 0.964844 0.917969 3581 0.972656 0.910156 3544 0.964844 0.902344 
3566 0.949219 0.925781 3547 0.941406 0.925781 3584 0.949219 0.933594 3583 0.957031 0.925781 3546 0.949219 0.917969 
3569 0.902344 0.035156 3549 0.894531 0.035156 3548 0.902344 0.042969 3586 0.910156 0.035156 3587 0.902344 0.027344 
3571 0.019531 0.886719 3591 0.011719 0.886719 3592 0.019531 0.894531 3551 0.027344 0.886719 3550 0.019531 0.878906 
3572 0.082031 0.949219 3595 0.074219 0.949219 3597 0.082031 0.957031 3555 0.089844 0.949219 3554 0.082031 0.941406 
3574 0.113281 0.980469 3598 0.105469 0.980469 3599 0.113281 0.988281 3560 0.121094 0.980469 3558 0.113281 0.972656 
3580 0.988281 0.894531 3564 0.980469 0.894531 3601 0.988281 0.902344 3600 0.996094 0.894531 3563 0.988281 0.886719 
3585 0.933594 0.058594 3568 0.925781 0.058594 3567 0.933594 0.066406 3602 0.941406 0.058594 3603 0.933594 0.050781 
3606 0.886719 0.003906 3590 0.878906 0.003906 3589 0.886719 0.011719 3612 0.894531 0.003906 3588 0.886719 0.996094 
3607 0.019531 0.902344 3613 0.011719 0.902344 3614 0.019531 0.910156 3593 0.027344 0.902344 3592 0.019531 0.894531 
3608 0.066406 0.058594 3617 0.058594 0.058594 3594 0.066406 0.066406 3596 0.074219 0.058594 3618 0.066406 0.050781 
3611 0.917969 0.980469 3605 0.910156 0.980469 3621 0.917969 0.988281 3620 0.925781 0.980469 3604 0.917969 0.972656 
3619 0.964844 0.941406 3610 0.957031 0.941406 3628 0.964844 0.949219 3626 0.972656 0.941406 3609 0.964844 0.933594 
3622 0.019531 0.089844 3629 0.011719 0.089844 3615 0.019531 0.097656 3616 0.027344 0.089844 3630 0.019531 0.082031 
3631 0.082031 0.019531 3634 0.074219 0.019531 3623 0.082031 0.027344 3624 0.089844 0.019531 3635 0.082031 0.011719 
3632 0.980469 0.066406 3627 0.972656 0.066406 3625 0.980469 0.074219 3636 0.988281 0.066406 3637 0.980469 0.058594 
3637 0.980469 0.058594 3633 0.972656 0.058594 3632 0.980469 0.066406 3641 0.988281 0.058594 3642 0.980469 0.050781 
3646 0.996094 0.949219 3640 0.988281 0.949219 3662 0.996094 0.957031 3660 0.003906 0.949219 3638 0.996094 0.941406 
3647 0.996094 0.058594 3641 0.988281 0.058594 3639 0.996094 0.066406 3661 0.003906 0.058594 3663 0.996094 0.050781 
3656 0.050781 0.988281 3670 0.042969 0.988281 3671 0.050781 0.996094 3644 0.058594 0.988281 3643 0.050781 0.980469 
3657 0.058594 0.996094 3671 0.050781 0.996094 3672 0.058594 0.003906 3645 0.066406 0.996094 3644 0.058594 0.988281 
3665 0.980469 0.035156 3650 0.972656 0.035156 3648 0.980469 0.042969 3673 0.988281 0.035156 3675 0.980469 0.027344 
3666 0.972656 0.980469 3651 0.964844 0.980469 3676 0.972656 0.988281 3674 0.980469 0.980469 3649 0.972656 0.972656 
3667 0.019531 0.042969 3677 0.011719 0.042969 3652 0.019531 0.050781 3654 0.027344 0.042969 3679 0.019531 0.035156 
3668 0.027344 0.972656 3678 0.019531 0.972656 3680 0.027344 0.980469 3655 0.035156 0.972656 3653 0.027344 0.964844 
3672 0.058594 0.003906 3681 0.050781 0.003906 3658 0.058594 0.011719 3659 0.066406 0.003906 3657 0.058594 0.996094 
3674 0.980469 0.980469 3666 0.972656 0.980469 3683 0.980469 0.988281 3682 0.988281 0.980469 3664 0.980469 0.972656 
3679 0.019531 0.035156 3684 0.011719 0.035156 3667 0.019531 0.042969 3669 0.027344 0.035156 3685 0.019531 0.027344 
3689 0.019531 0.003906 3690 0.011719 0.003906 3687 0.019531 0.011719 3688 0.027344 0.003906 3686 0.019531 0.996094 
