0 0
1 1
2 5
3 6
4 7
5 20
6 21
7 22
8 23
9 36
10 37
11 54
12 55
13 56
14 57
15 66
16 68
17 78
18 80
19 89
20 91
21 92
22 103
23 104
24 105
25 106
26 108
27 119
28 120
29 122
30 128
31 135
32 136
33 138
34 151
35 153
36 162
37 169
38 170
39 171
40 172
41 174
42 181
43 182
44 183
45 200
46 201
47 202
48 214
49 216
50 222
51 223
52 230
53 232
54 250
55 251
56 252
57 253
58 258
59 264
60 266
61 267
62 268
63 269
64 271
65 273
66 276
67 298
68 299
69 304
70 306
71 312
72 313
73 315
74 321
75 324
76 326
77 337
78 348
79 349
80 350
81 351
82 362
83 364
84 367
85 369
86 373
87 375
88 377
89 391
90 406
91 408
92 420
93 421
94 423
95 425
96 430
97 432
98 433
99 446
100 448
101 449
102 466
103 475
104 477
105 481
106 485
107 487
108 492
109 493
110 495
111 508
112 509
113 510
114 511
115 521
116 523
117 528
118 530
119 535
120 537
121 539
122 545
123 546
124 547
125 548
126 556
127 558
128 572
129 574
130 589
131 603
132 605
133 607
134 609
135 616
136 635
137 637
138 642
139 644
140 648
141 650
142 659
143 661
144 664
145 666
146 673
147 675
148 679
149 688
150 690
151 708
152 709
153 710
154 712
155 714
156 718
157 720
158 724
159 739
160 740
161 741
162 745
163 747
164 753
165 755
166 782
167 784
168 785
169 786
170 787
171 789
172 790
173 796
174 802
175 804
176 812
177 814
178 818
179 819
180 820
181 825
182 864
183 865
184 866
185 867
186 868
187 869
188 870
189 872
190 876
191 878
192 890
193 891
194 892
195 893
196 895
197 896
198 901
199 903
200 907
201 909
202 920
203 922
204 925
205 948
206 950
207 951
208 953
209 955
210 978
211 979
212 980
213 981
214 982
215 984
216 993
217 995
218 997
219 999
220 1008
221 1013
222 1024
223 1026
224 1028
225 1030
226 1039
227 1041
228 1042
229 1044
230 1064
231 1066
232 1068
233 1069
234 1070
235 1071
236 1072
237 1073
238 1080
239 1082
240 1085
241 1089
242 1098
243 1100
244 1105
245 1106
246 1107
247 1116
248 1118
249 1120
250 1122
251 1129
252 1131
253 1136
254 1152
255 1153
256 1154
257 1155
258 1160
259 1162
260 1164
261 1166
262 1168
263 1176
264 1179
265 1181
266 1183
267 1185
268 1207
269 1209
270 1211
271 1213
272 1214
273 1216
274 1218
275 1220
276 1227
277 1231
278 1232
279 1233
280 1234
281 1237
282 1239
283 1252
284 1253
285 1258
286 1260
287 1262
288 1264
289 1274
290 1276
291 1277
292 1279
293 1287
294 1288
295 1289
296 1290
297 1292
298 1294
299 1301
300 1309
301 1310
302 1311
303 1312
304 1313
305 1314
306 1316
307 1318
308 1322
309 1324
310 1327
311 1329
312 1330
313 1332
314 1333
315 1339
316 1348
317 1350
318 1354
319 1355
320 1356
321 1357
322 1362
323 1364
324 1366
325 1368
326 1378
327 1381
328 1388
329 1390
330 1391
331 1392
332 1393
333 1395
334 1396
335 1405
336 1413
337 1415
338 1416
339 1417
340 1419
341 1422
342 1424
343 1428
344 1436
345 1437
346 1439
347 1443
348 1445
349 1454
350 1474
351 1484
352 1486
353 1487
354 1489
355 1496
356 1497
357 1498
358 1499
359 1500
360 1501
361 1502
362 1504
363 1513
364 1514
365 1515
366 1516
367 1518
368 1520
369 1523
370 1524
371 1525
372 1526
373 1527
374 1530
375 1532
376 1536
377 1538
378 1544
379 1546
380 1562
381 1564
382 1584
383 1586
384 1606
385 1608
386 1609
387 1611
388 1613
389 1615
390 1617
391 1619
392 1621
393 1623
394 1630
395 1631
396 1632
397 1633
398 1637
399 1639
400 1641
401 1665
402 1667
403 1686
404 1688
405 1697
406 1699
407 1721
408 1723
409 1731
410 1735
411 1737
412 1739
413 1746
414 1748
415 1749
416 1750
417 1753
418 1755
419 1773
420 1775
421 1783
422 1796
423 1798
424 1799
425 1806
426 1808
427 1813
428 1815
429 1817
430 1833
431 1835
432 1841
433 1849
434 1851
435 1853
436 1855
437 1857
438 1860
439 1869
440 1871
441 1895
442 1900
443 1902
444 1903
445 1905
446 1908
447 1910
448 1917
449 1918
450 1919
451 1921
452 1928
453 1930
454 1932
455 1934
456 1937
457 1938
458 1939
459 1940
460 1941
461 1949
462 1951
463 1957
464 1963
465 1965
466 1968
467 1970
468 1973
469 1975
470 1979
471 1981
472 2013
473 2014
474 2015
475 2016
476 2019
477 2021
478 2026
479 2030
480 2032
481 2034
482 2042
483 2043
484 2044
485 2045
486 2047
487 2056
488 2058
489 2060
490 2063
491 2065
492 2066
493 2073
494 2075
495 2077
496 2078
497 2080
498 2083
499 2085
500 2096
501 2098
502 2101
503 2124
504 2126
505 2130
506 2132
507 2143
508 2144
509 2154
510 2156
511 2158
512 2160
513 2162
514 2164
515 2171
516 2173
517 2175
518 2182
519 2184
520 2190
521 2192
522 2196
523 2198
524 2205
525 2207
526 2209
527 2210
528 2226
529 2228
530 2231
531 2233
532 2237
533 2239
534 2248
535 2250
536 2256
537 2258
538 2261
539 2263
540 2264
541 2275
542 2276
543 2277
544 2278
545 2283
546 2285
547 2288
548 2292
549 2294
550 2305
551 2307
552 2318
553 2320
554 2322
555 2333
556 2335
557 2339
558 2340
559 2341
560 2342
561 2344
562 2346
563 2362
564 2364
565 2373
566 2386
567 2392
568 2394
569 2396
570 2399
571 2400
572 2401
573 2402
574 2403
575 2405
576 2418
577 2420
578 2421
579 2424
580 2426
581 2428
582 2430
583 2456
584 2458
585 2460
586 2473
587 2480
588 2482
589 2484
590 2497
591 2499
592 2511
593 2513
594 2522
595 2524
596 2526
597 2528
598 2532
599 2533
600 2534
601 2535
602 2536
603 2539
604 2541
605 2543
606 2545
607 2548
608 2550
609 2560
610 2561
611 2563
612 2566
613 2568
614 2577
615 2579
616 2602
617 2604
618 2615
619 2617
620 2622
621 2624
622 2626
623 2628
624 2632
625 2633
626 2634
627 2635
628 2641
629 2656
630 2658
631 2664
632 2666
633 2668
634 2673
635 2675
636 2678
637 2679
638 2680
639 2687
640 2689
641 2691
642 2694
643 2704
644 2706
645 2707
646 2709
647 2712
648 2721
649 2723
650 2727
651 2729
652 2772
653 2774
654 2780
655 2781
656 2787
657 2789
658 2794
659 2796
660 2804
661 2809
662 2811
663 2812
664 2816
665 2818
666 2823
667 2826
668 2827
669 2828
670 2829
671 2839
672 2841
673 2842
674 2843
675 2844
676 2845
677 2854
678 2857
679 2858
680 2860
681 2862
682 2871
683 2873
684 2874
685 2875
686 2876
687 2877
688 2887
689 2890
690 2892
691 2894
692 2921
693 2923
694 2930
695 2931
696 2932
697 2933
698 2946
699 2950
700 2952
701 2954
702 2956
703 2958
704 2960
705 2961
706 2962
707 2964
708 2966
709 2968
710 2970
711 2975
712 2977
713 2993
714 2997
715 3006
716 3008
717 3009
718 3011
719 3012
720 3023
721 3025
722 3027
723 3028
724 3029
725 3031
726 3046
727 3048
728 3065
729 3066
730 3067
731 3068
732 3077
733 3087
734 3089
735 3096
736 3098
737 3100
738 3102
739 3106
740 3114
741 3115
742 3117
743 3124
744 3149
745 3151
746 3153
747 3155
748 3168
749 3170
750 3183
751 3184
752 3185
753 3186
754 3191
755 3193
756 3204
757 3206
758 3208
759 3225
760 3226
761 3235
762 3237
763 3247
764 3256
765 3258
766 3260
767 3261
768 3263
769 3264
770 3266
771 3272
772 3274
773 3275
774 3278
775 3280
776 3284
777 3286
778 3305
779 3307
780 3336
781 3338
782 3353
783 3362
784 3364
785 3369
786 3371
787 3384
788 3386
789 3387
790 3388
791 3389
792 3390
793 3392
794 3394
795 3401
796 3403
797 3409
798 3411
799 3418
800 3420
801 3422
802 3425
803 3427
804 3429
805 3437
806 3439
807 3442
808 3447
809 3449
810 3471
811 3502
812 3505
813 3507
814 3517
815 3519
816 3527
817 3530
818 3535
819 3537
820 3551
821 3552
822 3553
823 3560
824 3569
825 3588
826 3589
827 3590
828 3591
829 3593
830 3595
831 3603
832 3605
833 3608
834 3610
835 3612
836 3615
837 3617
838 3622
839 3624
840 3639
841 3641
842 3656
843 3658
844 3664
845 3666
846 3670
847 3672
848 3674
849 3675
850 3687
851 3689
852 3690
853 3692
854 3693
855 3695
856 3697
857 3698
858 3700
859 3702
860 3707
861 3709
862 3712
863 3714
864 3722
865 3723
866 3724
867 3726
868 3730
869 3732
870 3739
871 3741
872 3761
873 3762
874 3764
875 3765
876 3767
877 3775
878 3789
879 3791
880 3796
881 3799
882 3801
883 3803
884 3805
885 3813
886 3830
887 3838
888 3846
889 3847
890 3849
891 3853
892 3855
893 3861
894 3864
895 3865
896 3867
897 3869
898 3871
899 3874
900 3881
901 3883
902 3888
903 3897
904 3899
905 3900
906 3901
907 3903
908 3905
909 3925
910 3927
911 3935
912 3937
913 3938
914 3949
915 3951
916 3965
917 3967
918 3972
919 3974
920 3976
921 3977
922 3978
923 3981
924 3989
925 3991
926 4006
927 4008
928 4014
929 4016
930 4022
931 4024
932 4031
933 4037
934 4039
935 4040
936 4042
937 4043
938 4045
939 4052
940 4054
941 4056
942 4058
943 4060
944 4066
945 4068
946 4078
947 4080
948 4081
949 4083
950 4104
951 4105
952 4106
953 4114
954 4116
955 4118
956 4157
957 4158
958 4159
959 4161
960 4163
961 4174
962 4176
963 4180
964 4182
965 4189
966 4191
967 4211
968 4213
969 4215
970 4217
971 4221
972 4223
973 4225
974 4240
975 4242
976 4263
977 4264
978 4265
979 4266
980 4267
981 4282
982 4284
983 4287
984 4288
985 4289
986 4291
987 4293
988 4298
989 4299
990 4301
991 4330
992 4332
993 4342
994 4343
995 4344
996 4356
997 4358
998 4360
999 4366
1000 4375
1001 4392
1002 4394
1003 4398
1004 4400
1005 4401
1006 4407
1007 4418
1008 4419
1009 4426
1010 4428
1011 4430
1012 4452
1013 4466
1014 4468
1015 4470
1016 4474
1017 4476
1018 4477
1019 4479
1020 4480
1021 4482
1022 4484
1023 4486
1024 4487
1025 4493
1026 4495
1027 4520
1028 4528
1029 4530
1030 4531
1031 4533
1032 4545
1033 4546
1034 4547
1035 4548
1036 4550
1037 4553
1038 4554
1039 4555
1040 4556
1041 4563
1042 4565
1043 4573
1044 4575
1045 4582
1046 4583
1047 4585
1048 4588
1049 4589
1050 4591
1051 4595
1052 4597
1053 4608
1054 4609
1055 4638
1056 4640
1057 4642
1058 4644
1059 4647
1060 4648
1061 4649
1062 4650
1063 4658
1064 4660
1065 4661
1066 4662
1067 4663
1068 4669
1069 4671
1070 4672
1071 4677
1072 4679
1073 4685
1074 4705
1075 4712
1076 4714
1077 4722
1078 4724
1079 4726
1080 4738
1081 4739
1082 4740
1083 4747
1084 4757
1085 4758
1086 4760
1087 4761
1088 4763
1089 4766
1090 4767
1091 4768
1092 4774
1093 4776
1094 4777
1095 4780
1096 4782
1097 4784
1098 4791
1099 4792
1100 4793
1101 4794
1102 4803
1103 4805
1104 4822
1105 4824
1106 4834
1107 4840
1108 4842
1109 4843
1110 4844
1111 4852
1112 4854
1113 4856
1114 4857
1115 4863
1116 4864
1117 4865
1118 4866
1119 4868
1120 4879
1121 4881
1122 4901
1123 4918
1124 4920
1125 4922
1126 4935
1127 4936
1128 4937
1129 4943
1130 4945
1131 4946
1132 4948
1133 4953
1134 4955
1135 4956
1136 4959
1137 4963
1138 4964
1139 4965
1140 4967
1141 4972
1142 4973
1143 4975
1144 4976
1145 4978
1146 4980
1147 4989
1148 4990
1149 5001
1150 5003
1151 5006
1152 5008
1153 5014
1154 5016
1155 5022
1156 5030
1157 5032
1158 5034
1159 5040
1160 5041
1161 5042
1162 5043
1163 5044
1164 5047
1165 5049
1166 5054
1167 5055
1168 5056
1169 5057
1170 5061
1171 5063
1172 5064
1173 5101
1174 5102
1175 5103
1176 5109
1177 5111
1178 5122
1179 5124
1180 5136
1181 5138
1182 5148
1183 5156
1184 5158
1185 5159
1186 5161
1187 5164
1188 5165
1189 5166
1190 5167
1191 5172
1192 5174
1193 5178
1194 5180
1195 5182
1196 5189
1197 5190
1198 5191
1199 5192
1200 5206
1201 5208
1202 5210
1203 5218
1204 5220
1205 5224
1206 5226
1207 5234
1208 5237
1209 5239
1210 5241
1211 5242
1212 5244
1213 5251
1214 5264
1215 5265
1216 5266
1217 5268
1218 5305
1219 5306
1220 5307
1221 5312
1222 5314
1223 5315
1224 5316
1225 5317
1226 5336
1227 5338
1228 5344
1229 5346
1230 5348
1231 5352
1232 5354
1233 5364
1234 5366
1235 5369
1236 5371
1237 5373
1238 5378
1239 5382
1240 5384
1241 5391
1242 5393
1243 5404
1244 5406
1245 5414
1246 5416
1247 5418
1248 5424
1249 5426
1250 5440
1251 5442
1252 5445
1253 5447
1254 5457
1255 5459
1256 5460
1257 5462
1258 5471
1259 5472
1260 5473
1261 5483
1262 5485
1263 5506
1264 5508
1265 5509
1266 5511
1267 5522
1268 5523
1269 5524
1270 5525
1271 5533
1272 5535
1273 5546
1274 5553
1275 5554
1276 5555
1277 5556
1278 5558
1279 5560
1280 5562
1281 5564
1282 5574
1283 5576
1284 5581
1285 5583
1286 5586
1287 5588
1288 5601
1289 5606
1290 5608
1291 5614
1292 5615
1293 5617
1294 5618
1295 5619
1296 5624
1297 5626
1298 5628
1299 5636
1300 5638
1301 5641
1302 5643
1303 5648
1304 5650
1305 5652
1306 5655
1307 5656
1308 5657
1309 5658
1310 5659
1311 5661
1312 5663
1313 5669
1314 5672
1315 5682
1316 5683
1317 5684
1318 5685
1319 5687
1320 5689
1321 5690
1322 5692
1323 5695
1324 5718
1325 5721
1326 5734
1327 5736
1328 5737
1329 5738
1330 5739
1331 5746
1332 5747
1333 5748
1334 5756
1335 5758
1336 5760
1337 5766
1338 5767
1339 5768
1340 5770
1341 5772
1342 5776
1343 5786
1344 5788
1345 5793
1346 5795
1347 5809
1348 5811
1349 5813
1350 5815
1351 5820
1352 5826
1353 5828
1354 5829
1355 5833
1356 5852
1357 5857
1358 5859
1359 5861
1360 5864
1361 5866
1362 5871
1363 5872
1364 5873
1365 5877
1366 5883
1367 5885
1368 5886
1369 5888
1370 5890
1371 5899
1372 5903
1373 5906
1374 5909
1375 5911
1376 5932
1377 5934
1378 5935
1379 5937
1380 5963
1381 5964
1382 5965
1383 5970
1384 5972
1385 5974
1386 5983
1387 5985
1388 5988
1389 5990
1390 5991
1391 5992
1392 5993
1393 5994
1394 5997
1395 5999
1396 6004
1397 6006
1398 6011
1399 6013
1400 6025
1401 6027
1402 6036
1403 6038
1404 6045
1405 6047
1406 6050
1407 6051
1408 6053
1409 6064
1410 6066
1411 6070
1412 6072
1413 6075
1414 6077
1415 6079
1416 6082
1417 6084
1418 6086
1419 6089
1420 6090
1421 6091
1422 6092
1423 6093
1424 6095
1425 6097
1426 6108
1427 6113
1428 6115
1429 6117
1430 6118
1431 6119
1432 6120
1433 6121
1434 6123
1435 6124
1436 6126
1437 6140
1438 6142
1439 6152
1440 6154
1441 6157
1442 6159
1443 6172
1444 6174
1445 6184
1446 6185
1447 6186
1448 6187
1449 6192
1450 6194
1451 6196
1452 6205
1453 6213
1454 6219
1455 6230
1456 6232
1457 6247
1458 6248
1459 6249
1460 6250
1461 6258
1462 6260
1463 6268
1464 6270
1465 6272
1466 6282
1467 6284
1468 6288
1469 6301
1470 6303
1471 6306
1472 6308
1473 6313
1474 6314
1475 6315
1476 6323
1477 6325
1478 6330
1479 6332
1480 6337
1481 6342
1482 6364
1483 6368
1484 6369
1485 6370
1486 6371
1487 6376
1488 6381
1489 6390
1490 6392
1491 6395
1492 6397
1493 6398
1494 6411
1495 6416
1496 6418
1497 6420
1498 6424
1499 6426
1500 6429
1501 6431
1502 6437
1503 6439
1504 6443
1505 6445
1506 6456
1507 6463
1508 6465
1509 6467
1510 6469
1511 6471
1512 6473
1513 6474
1514 6484
1515 6494
1516 6497
1517 6498
1518 6499
1519 6500
1520 6510
1521 6514
1522 6516
1523 6522
1524 6524
1525 6534
1526 6540
1527 6541
1528 6542
1529 6551
1530 6563
1531 6565
1532 6568
1533 6570
1534 6590
1535 6592
1536 6596
1537 6597
1538 6602
1539 6604
1540 6607
1541 6609
1542 6612
1543 6620
1544 6625
1545 6626
1546 6628
1547 6639
1548 6641
1549 6647
1550 6649
1551 6650
1552 6652
1553 6654
1554 6665
1555 6666
1556 6667
1557 6668
1558 6681
1559 6682
1560 6683
1561 6684
1562 6686
1563 6693
1564 6697
1565 6702
1566 6704
1567 6706
1568 6711
1569 6712
1570 6713
1571 6714
1572 6722
1573 6724
1574 6727
1575 6735
1576 6737
1577 6740
1578 6742
1579 6744
1580 6746
1581 6754
1582 6764
1583 6766
1584 6771
1585 6773
1586 6774
1587 6776
1588 6781
1589 6783
1590 6800
1591 6802
1592 6826
1593 6827
1594 6828
1595 6829
1596 6831
1597 6852
1598 6854
1599 6857
1600 6859
1601 6880
1602 6881
1603 6882
1604 6884
1605 6886
1606 6888
1607 6899
1608 6900
1609 6915
1610 6916
1611 6922
1612 6924
1613 6925
1614 6927
1615 6929
1616 6931
1617 6933
1618 6935
1619 6937
1620 6938
1621 6945
1622 6949
1623 6951
1624 6952
1625 6953
1626 6954
1627 6955
1628 6957
1629 6959
1630 6961
1631 6971
1632 6980
1633 6988
1634 6990
1635 7010
1636 7036
1637 7048
1638 7050
1639 7051
1640 7053
1641 7057
1642 7059
1643 7065
1644 7097
1645 7099
1646 7117
1647 7118
1648 7119
1649 7120
1650 7122
1651 7124
1652 7126
1653 7128
1654 7135
1655 7136
1656 7137
1657 7138
1658 7143
1659 7145
1660 7151
1661 7152
1662 7153
1663 7154
1664 7155
1665 7157
1666 7159
1667 7160
1668 7165
1669 7167
1670 7171
1671 7172
1672 7173
1673 7174
1674 7176
1675 7181
1676 7183
1677 7187
1678 7190
1679 7191
1680 7192
1681 7193
1682 7194
1683 7209
1684 7211
1685 7218
1686 7220
1687 7224
1688 7226
1689 7248
1690 7250
1691 7274
1692 7276
1693 7288
1694 7291
1695 7292
1696 7294
1697 7297
1698 7303
1699 7305
1700 7320
1701 7324
1702 7326
1703 7339
1704 7358
1705 7360
1706 7366
1707 7368
1708 7385
1709 7397
1710 7399
1711 7400
1712 7402
1713 7407
1714 7409
1715 7411
1716 7413
1717 7414
1718 7415
1719 7419
1720 7421
1721 7427
1722 7429
1723 7430
1724 7431
1725 7432
1726 7433
1727 7434
1728 7435
1729 7448
1730 7450
1731 7452
1732 7468
1733 7469
1734 7471
1735 7483
1736 7485
1737 7487
1738 7489
1739 7496
1740 7498
1741 7503
1742 7505
1743 7509
1744 7511
1745 7530
1746 7532
1747 7533
1748 7535
1749 7536
1750 7539
1751 7541
1752 7545
1753 7547
1754 7548
1755 7550
1756 7560
1757 7562
1758 7564
1759 7566
1760 7568
1761 7570
1762 7583
1763 7585
1764 7608
1765 7610
1766 7612
1767 7614
1768 7629
1769 7631
1770 7634
1771 7636
1772 7641
1773 7643
1774 7645
1775 7651
1776 7653
1777 7658
1778 7660
1779 7665
1780 7676
1781 7678
1782 7680
1783 7687
1784 7696
1785 7698
1786 7702
1787 7704
1788 7714
1789 7716
1790 7717
1791 7731
1792 7735
1793 7740
1794 7742
1795 7744
1796 7751
1797 7757
1798 7766
1799 7768
1800 7782
1801 7783
1802 7784
1803 7785
1804 7793
1805 7795
1806 7796
1807 7797
1808 7808
1809 7810
1810 7812
1811 7816
1812 7818
1813 7820
1814 7823
1815 7825
1816 7858
1817 7860
1818 7862
1819 7884
1820 7885
1821 7887
1822 7899
1823 7901
1824 7903
1825 7913
1826 7915
1827 7918
1828 7920
1829 7946
1830 7948
1831 7950
1832 7954
1833 7967
1834 7968
1835 7969
1836 7970
1837 7971
1838 7973
1839 7981
1840 7983
1841 7985
1842 7987
1843 7992
1844 7994
1845 7996
1846 8001
1847 8003
1848 8007
1849 8009
1850 8018
1851 8027
1852 8029
1853 8035
1854 8037
1855 8043
1856 8045
1857 8046
1858 8047
1859 8048
1860 8049
1861 8050
1862 8051
1863 8058
1864 8060
1865 8068
1866 8070
1867 8077
1868 8110
1869 8112
1870 8113
1871 8115
1872 8125
1873 8127
1874 8135
1875 8136
1876 8137
1877 8138
1878 8139
1879 8153
1880 8172
1881 8203
1882 8205
1883 8207
1884 8209
1885 8223
1886 8226
1887 8231
1888 8233
1889 8236
1890 8238
1891 8245
1892 8247
1893 8249
1894 8251
1895 8257
1896 8259
1897 8271
1898 8273
1899 8280
1900 8282
1901 8288
1902 8290
1903 8292
1904 8300
1905 8302
1906 8303
1907 8304
1908 8309
1909 8311
1910 8330
1911 8331
1912 8332
1913 8333
1914 8365
1915 8367
1916 8368
1917 8380
1918 8390
1919 8392
1920 8394
1921 8406
1922 8408
1923 8409
1924 8411
1925 8413
1926 8415
1927 8419
1928 8421
1929 8425
1930 8427
1931 8428
1932 8430
1933 8432
1934 8433
1935 8435
1936 8438
1937 8440
1938 8457
1939 8462
1940 8464
1941 8475
1942 8477
1943 8478
1944 8480
1945 8484
1946 8485
1947 8486
1948 8490
1949 8503
1950 8504
1951 8506
1952 8511
1953 8525
1954 8532
1955 8534
1956 8536
1957 8542
1958 8544
1959 8555
1960 8556
1961 8557
1962 8558
1963 8563
1964 8572
1965 8574
1966 8583
1967 8617
1968 8618
1969 8620
1970 8622
1971 8624
1972 8630
1973 8632
1974 8640
1975 8642
1976 8661
1977 8665
1978 8671
1979 8680
1980 8682
1981 8685
1982 8690
1983 8697
1984 8705
1985 8707
1986 8712
1987 8733
1988 8734
1989 8735
1990 8738
1991 8740
1992 8751
1993 8752
1994 8753
1995 8754
1996 8759
1997 8761
1998 8773
1999 8775
2000 8782
2001 8784
2002 8792
2003 8794
2004 8810
2005 8811
2006 8812
2007 8813
2008 8820
2009 8822
2010 8824
2011 8826
2012 8829
2013 8831
2014 8838
2015 8840
2016 8852
2017 8854
2018 8863
2019 8865
2020 8870
2021 8885
2022 8887
2023 8889
2024 8893
2025 8895
2026 8900
2027 8902
2028 8905
2029 8907
2030 8909
2031 8911
2032 8913
2033 8917
2034 8919
2035 8923
2036 8925
2037 8926
2038 8928
2039 8930
2040 8931
2041 8933
2042 8936
2043 8938
2044 8943
2045 8951
2046 8953
2047 8956
2048 8958
2049 8978
2050 8980
2051 8998
2052 9000
2053 9026
2054 9028
2055 9037
2056 9039
2057 9056
2058 9064
2059 9068
2060 9082
2061 9096
2062 9098
2063 9104
2064 9105
2065 9106
2066 9107
2067 9108
2068 9110
2069 9112
2070 9114
2071 9125
2072 9127
2073 9129
2074 9131
2075 9137
2076 9138
2077 9140
2078 9144
2079 9149
2080 9159
2081 9161
2082 9167
2083 9171
2084 9172
2085 9173
2086 9174
2087 9188
2088 9190
2089 9193
2090 9236
2091 9238
2092 9240
2093 9255
2094 9257
2095 9259
2096 9261
2097 9264
2098 9265
2099 9266
2100 9267
2101 9268
2102 9279
2103 9296
2104 9297
2105 9298
2106 9299
2107 9304
2108 9306
2109 9308
2110 9312
2111 9314
2112 9320
2113 9321
2114 9322
2115 9323
2116 9325
2117 9327
2118 9334
2119 9336
2120 9344
2121 9345
2122 9347
2123 9348
2124 9349
2125 9365
2126 9366
2127 9367
2128 9368
2129 9369
2130 9371
2131 9375
2132 9376
2133 9377
2134 9378
2135 9382
2136 9384
2137 9387
2138 9388
2139 9389
2140 9390
2141 9395
2142 9397
2143 9399
2144 9405
2145 9407
2146 9410
2147 9411
2148 9412
2149 9426
2150 9429
2151 9431
2152 9471
2153 9473
2154 9474
2155 9485
2156 9487
2157 9493
2158 9496
2159 9497
2160 9498
2161 9502
2162 9503
2163 9504
2164 9506
2165 9515
2166 9517
2167 9518
2168 9520
2169 9535
2170 9546
2171 9547
2172 9548
2173 9549
2174 9555
2175 9557
2176 9561
2177 9570
2178 9572
2179 9578
2180 9579
2181 9580
2182 9581
2183 9582
2184 9583
2185 9584
2186 9585
2187 9587
2188 9590
2189 9592
2190 9594
2191 9596
2192 9597
2193 9599
2194 9601
2195 9602
2196 9612
2197 9614
2198 9624
2199 9626
2200 9631
2201 9633
2202 9635
2203 9636
2204 9638
2205 9640
2206 9641
2207 9642
2208 9643
2209 9645
2210 9646
2211 9647
2212 9648
2213 9658
2214 9660
2215 9705
2216 9706
2217 9708
2218 9719
2219 9725
2220 9727
2221 9729
2222 9730
2223 9731
2224 9734
2225 9735
2226 9736
2227 9737
2228 9752
2229 9767
2230 9769
2231 9778
2232 9779
2233 9780
2234 9787
2235 9789
2236 9791
2237 9793
2238 9803
2239 9805
2240 9806
2241 9808
2242 9813
2243 9815
2244 9817
2245 9822
2246 9823
2247 9825
2248 9826
2249 9827
2250 9829
2251 9832
2252 9834
2253 9835
2254 9836
2255 9837
2256 9842
2257 9844
2258 9851
2259 9853
2260 9854
2261 9856
2262 9858
2263 9860
2264 9861
2265 9863
2266 9865
2267 9868
2268 9872
2269 9873
2270 9876
2271 9877
2272 9878
2273 9879
2274 9880
2275 9881
2276 9882
2277 9908
2278 9910
2279 9926
2280 9928
2281 9933
2282 9935
2283 9936
2284 9938
2285 9947
2286 9949
2287 9958
2288 9959
2289 9960
2290 9975
2291 9977
2292 9980
2293 9981
2294 9982
2295 9983
2296 10004
2297 10005
2298 10006
2299 10007
2300 10013
2301 10015
2302 10017
2303 10019
2304 10025
2305 10026
2306 10027
2307 10028
2308 10031
2309 10034
2310 10035
2311 10037
2312 10043
2313 10045
2314 10048
2315 10050
2316 10051
2317 10052
2318 10053
2319 10054
2320 10055
2321 10057
2322 10060
2323 10062
2324 10063
2325 10079
2326 10082
2327 10084
2328 10086
2329 10094
2330 10096
2331 10098
2332 10099
2333 10100
2334 10101
2335 10105
2336 10107
2337 10108
2338 10134
2339 10136
2340 10146
2341 10148
2342 10152
2343 10160
2344 10162
2345 10174
2346 10175
2347 10176
2348 10177
2349 10178
2350 10180
2351 10182
2352 10183
2353 10184
2354 10185
2355 10186
2356 10201
2357 10207
2358 10223
2359 10225
2360 10236
2361 10238
2362 10241
2363 10243
2364 10249
2365 10250
2366 10253
2367 10255
2368 10256
2369 10258
2370 10259
2371 10267
2372 10269
2373 10270
2374 10272
2375 10273
2376 10275
2377 10277
2378 10278
2379 10280
2380 10284
2381 10285
2382 10286
2383 10287
2384 10301
2385 10303
2386 10308
2387 10310
2388 10327
2389 10329
2390 10330
2391 10331
2392 10332
2393 10334
2394 10343
2395 10345
2396 10354
2397 10355
2398 10356
2399 10357
2400 10368
2401 10370
2402 10372
2403 10374
2404 10382
2405 10384
2406 10396
2407 10397
2408 10398
2409 10399
2410 10401
2411 10402
2412 10406
2413 10421
2414 10423
2415 10427
2416 10429
2417 10443
2418 10456
2419 10459
2420 10461
2421 10467
2422 10468
2423 10469
2424 10470
2425 10477
2426 10479
2427 10480
2428 10482
2429 10487
2430 10490
2431 10494
2432 10496
2433 10498
2434 10502
2435 10504
2436 10516
2437 10518
2438 10521
2439 10523
2440 10532
2441 10534
2442 10558
2443 10560
2444 10561
2445 10562
2446 10572
2447 10573
2448 10574
2449 10584
2450 10585
2451 10586
2452 10587
2453 10588
2454 10589
2455 10591
2456 10592
2457 10594
2458 10599
2459 10601
2460 10612
2461 10613
2462 10614
2463 10615
2464 10616
2465 10617
2466 10618
2467 10620
2468 10622
2469 10624
2470 10633
2471 10635
2472 10637
2473 10639
2474 10640
2475 10642
2476 10649
2477 10651
2478 10659
2479 10670
2480 10671
2481 10672
2482 10673
2483 10675
2484 10677
2485 10695
2486 10696
2487 10697
2488 10701
2489 10703
2490 10704
2491 10706
2492 10710
2493 10712
2494 10714
2495 10729
2496 10731
2497 10732
2498 10737
2499 10748
2500 10750
2501 10772
2502 10773
2503 10774
2504 10775
2505 10782
2506 10784
2507 10785
2508 10787
2509 10799
2510 10800
2511 10802
2512 10803
2513 10806
2514 10813
2515 10814
2516 10816
2517 10829
2518 10831
2519 10847
2520 10849
2521 10850
2522 10851
2523 10852
2524 10853
2525 10854
2526 10855
2527 10863
2528 10865
2529 10883
2530 10885
2531 10887
2532 10906
2533 10907
2534 10908
2535 10909
2536 10910
2537 10911
2538 10912
2539 10920
2540 10922
2541 10941
2542 10942
2543 10944
2544 10947
2545 10949
2546 10958
2547 10960
2548 10980
2549 10982
2550 10984
2551 10992
2552 10996
2553 10998
2554 11003
2555 11005
2556 11007
2557 11009
2558 11011
2559 11013
2560 11014
2561 11016
2562 11021
2563 11023
2564 11024
2565 11040
2566 11042
2567 11055
2568 11057
2569 11059
2570 11060
2571 11061
2572 11062
2573 11063
2574 11064
2575 11065
2576 11067
2577 11071
2578 11073
2579 11076
2580 11077
2581 11078
2582 11089
2583 11091
2584 11113
2585 11115
2586 11116
2587 11117
2588 11118
2589 11147
2590 11149
2591 11166
2592 11168
2593 11196
2594 11198
2595 11202
2596 11209
2597 11227
2598 11228
2599 11229
2600 11230
2601 11231
2602 11233
2603 11235
2604 11237
2605 11243
2606 11245
2607 11246
2608 11263
2609 11264
2610 11265
2611 11266
2612 11267
2613 11269
2614 11271
2615 11277
2616 11279
2617 11282
2618 11286
2619 11288
2620 11292
2621 11294
2622 11297
2623 11299
2624 11318
2625 11319
2626 11320
2627 11321
2628 11322
2629 11377
2630 11379
2631 11391
2632 11393
2633 11402
2634 11404
2635 11409
2636 11411
2637 11414
2638 11416
2639 11421
2640 11423
2641 11429
2642 11431
2643 11433
2644 11437
2645 11445
2646 11446
2647 11448
2648 11465
2649 11470
2650 11471
2651 11472
2652 11473
2653 11482
2654 11483
2655 11485
2656 11486
2657 11492
2658 11497
2659 11518
2660 11520
2661 11526
2662 11528
2663 11529
2664 11531
2665 11533
2666 11558
2667 11560
2668 11562
2669 11564
2670 11577
2671 11582
2672 11586
2673 11587
2674 11588
2675 11589
2676 11591
2677 11593
2678 11596
2679 11598
2680 11610
2681 11612
2682 11619
2683 11625
2684 11627
2685 11629
2686 11631
2687 11633
2688 11635
2689 11641
2690 11643
2691 11655
2692 11657
2693 11661
2694 11663
2695 11668
2696 11679
2697 11680
2698 11681
2699 11682
2700 11686
2701 11688
2702 11691
2703 11693
2704 11703
2705 11705
2706 11712
2707 11714
2708 11720
2709 11722
2710 11725
2711 11727
2712 11754
2713 11758
2714 11771
2715 11773
2716 11776
2717 11777
2718 11779
2719 11780
2720 11781
2721 11783
2722 11785
2723 11790
2724 11793
2725 11795
2726 11797
2727 11799
2728 11804
2729 11806
2730 11811
2731 11813
2732 11819
2733 11821
2734 11835
2735 11837
2736 11847
2737 11849
2738 11860
2739 11862
2740 11871
2741 11872
2742 11874
2743 11895
2744 11896
2745 11898
2746 11904
2747 11912
2748 11914
2749 11915
2750 11917
2751 11919
2752 11944
2753 11945
2754 11946
2755 11947
2756 11948
2757 11950
2758 11955
2759 11957
2760 11963
2761 11967
2762 11968
2763 11969
2764 11970
2765 11971
2766 11973
2767 11975
2768 11978
2769 11980
2770 11982
2771 11983
2772 11984
2773 11987
2774 11992
2775 11994
2776 12016
2777 12018
2778 12019
2779 12021
2780 12025
2781 12036
2782 12037
2783 12038
2784 12039
2785 12041
2786 12055
2787 12057
2788 12059
2789 12060
2790 12081
2791 12083
2792 12084
2793 12090
2794 12092
2795 12098
2796 12100
2797 12124
2798 12126
2799 12133
2800 12143
2801 12149
2802 12151
2803 12153
2804 12167
2805 12168
2806 12169
2807 12171
2808 12173
2809 12202
2810 12205
2811 12207
2812 12208
2813 12209
2814 12210
2815 12211
2816 12221
2817 12222
2818 12223
2819 12225
2820 12227
2821 12229
2822 12241
2823 12244
2824 12261
2825 12263
2826 12266
2827 12268
2828 12299
2829 12301
2830 12308
2831 12315
2832 12317
2833 12325
2834 12327
2835 12331
2836 12332
2837 12333
2838 12346
2839 12348
2840 12350
2841 12353
2842 12355
2843 12357
2844 12375
2845 12377
2846 12382
2847 12384
2848 12385
2849 12387
2850 12389
2851 12390
2852 12392
2853 12394
2854 12399
2855 12401
2856 12402
2857 12403
2858 12404
2859 12405
2860 12407
2861 12409
2862 12417
2863 12419
2864 12421
2865 12422
2866 12441
2867 12457
2868 12459
2869 12470
2870 12472
2871 12474
2872 12479
2873 12485
2874 12486
2875 12487
2876 12488
2877 12494
2878 12496
2879 12501
2880 12503
2881 12505
2882 12511
2883 12522
2884 12524
2885 12529
2886 12531
2887 12533
2888 12551
2889 12553
2890 12565
2891 12566
2892 12567
2893 12568
2894 12570
2895 12577
2896 12579
2897 12581
2898 12585
2899 12587
2900 12595
2901 12607
2902 12609
2903 12615
2904 12617
2905 12624
2906 12626
2907 12633
2908 12643
2909 12645
2910 12646
2911 12647
2912 12648
2913 12653
2914 12655
2915 12661
2916 12670
2917 12677
2918 12678
2919 12679
2920 12680
2921 12685
2922 12696
2923 12698
2924 12705
2925 12707
2926 12722
2927 12724
2928 12725
2929 12727
2930 12742
2931 12744
2932 12749
2933 12751
2934 12753
2935 12755
2936 12767
2937 12769
2938 12775
2939 12777
2940 12779
2941 12796
2942 12803
2943 12805
2944 12808
2945 12810
2946 12815
2947 12816
2948 12817
2949 12818
2950 12820
2951 12831
2952 12833
2953 12838
2954 12840
2955 12842
2956 12847
2957 12849
2958 12850
2959 12851
2960 12864
2961 12866
2962 12874
2963 12876
2964 12892
2965 12893
2966 12895
2967 12899
2968 12901
2969 12921
2970 12923
2971 12943
2972 12945
2973 12947
2974 12948
2975 12949
2976 12950
2977 12951
2978 12962
2979 12964
2980 12976
2981 12981
2982 12983
2983 12985
2984 12996
2985 12998
2986 13003
2987 13005
2988 13006
2989 13016
2990 13018
2991 13019
2992 13020
2993 13021
2994 13040
2995 13041
2996 13043
2997 13056
2998 13058
2999 13065
3000 13087
3001 13105
3002 13107
3003 13112
3004 13113
3005 13130
3006 13132
3007 13138
3008 13140
3009 13158
3010 13160
3011 13167
3012 13168
3013 13170
3014 13183
3015 13200
3016 13202
3017 13203
3018 13211
3019 13213
3020 13214
3021 13216
3022 13225
3023 13227
3024 13247
3025 13249
3026 13270
3027 13271
3028 13272
3029 13273
3030 13290
3031 13292
3032 13294
3033 13296
3034 13315
3035 13317
3036 13318
3037 13320
3038 13325
3039 13327
3040 13341
3041 13359
3042 13361
3043 13369
3044 13372
3045 13389
3046 13391
3047 13399
3048 13401
3049 13403
3050 13422
3051 13424
3052 13444
3053 13446
3054 13448
3055 13450
3056 13463
3057 13465
3058 13471
3059 13472
3060 13474
3061 13476
3062 13478
3063 13485
3064 13487
3065 13499
3066 13501
3067 13521
3068 13523
3069 13524
3070 13526
3071 13535
3072 13537
3073 13543
3074 13553
3075 13555
3076 13559
3077 13561
3078 13563
3079 13574
3080 13594
3081 13596
3082 13598
3083 13600
3084 13602
3085 13615
3086 13616
3087 13618
3088 13620
3089 13621
3090 13623
3091 13628
3092 13637
3093 13638
3094 13640
3095 13649
3096 13652
3097 13654
3098 13661
3099 13663
3100 13676
3101 13678
3102 13685
3103 13691
3104 13693
3105 13701
3106 13703
3107 13705
3108 13709
3109 13711
3110 13720
3111 13722
3112 13739
3113 13741
3114 13742
3115 13761
3116 13763
3117 13764
3118 13766
3119 13769
3120 13774
3121 13776
3122 13783
3123 13785
3124 13786
3125 13793
3126 13795
3127 13798
3128 13807
3129 13822
3130 13829
3131 13831
3132 13842
3133 13844
3134 13853
3135 13855
3136 13857
3137 13883
3138 13884
3139 13886
3140 13888
3141 13890
3142 13906
3143 13908
3144 13910
3145 13911
3146 13913
3147 13922
3148 13924
3149 13928
3150 13930
3151 13935
3152 13938
3153 13940
3154 13947
3155 13949
3156 13962
3157 13964
3158 13969
3159 13971
3160 13984
3161 13995
3162 13997
3163 14004
3164 14021
3165 14023
3166 14028
3167 14034
3168 14036
3169 14039
3170 14041
3171 14050
3172 14052
3173 14053
3174 14055
3175 14062
3176 14073
3177 14084
3178 14086
3179 14107
3180 14120
3181 14122
3182 14160
3183 14162
3184 14164
3185 14170
3186 14175
3187 14186
3188 14189
3189 14196
3190 14198
3191 14208
3192 14210
3193 14214
3194 14216
3195 14218
3196 14224
3197 14226
3198 14231
3199 14233
3200 14239
3201 14241
3202 14259
3203 14261
3204 14288
3205 14290
3206 14292
3207 14300
3208 14302
3209 14305
3210 14307
3211 14309
3212 14311
3213 14316
3214 14318
3215 14319
3216 14321
3217 14323
3218 14338
3219 14344
3220 14346
3221 14348
3222 14354
3223 14361
3224 14379
3225 14381
3226 14389
3227 14393
3228 14395
3229 14413
3230 14414
3231 14415
3232 14416
3233 14418
3234 14420
3235 14437
3236 14449
3237 14462
3238 14464
3239 14468
3240 14470
3241 14478
3242 14479
3243 14480
3244 14481
3245 14485
3246 14487
3247 14488
3248 14490
3249 14505
3250 14513
3251 14515
3252 14519
3253 14537
3254 14538
3255 14540
3256 14541
3257 14543
3258 14559
3259 14561
3260 14571
3261 14573
3262 14589
3263 14590
3264 14591
3265 14592
3266 14598
3267 14600
3268 14601
3269 14610
3270 14623
3271 14625
3272 14627
3273 14639
3274 14641
3275 14655
3276 14656
3277 14657
3278 14658
3279 14661
3280 14666
3281 14668
3282 14670
3283 14678
3284 14680
3285 14695
3286 14697
3287 14707
3288 14716
3289 14717
3290 14718
3291 14719
3292 14722
3293 14724
3294 14726
3295 14728
3296 14741
3297 14747
3298 14749
3299 14775
3300 14777
3301 14782
3302 14784
3303 14785
3304 14787
3305 14788
3306 14790
3307 14794
3308 14811
3309 14812
3310 14814
3311 14817
3312 14819
3313 14821
3314 14828
3315 14830
3316 14833
3317 14835
3318 14836
3319 14853
3320 14855
3321 14861
3322 14875
3323 14877
3324 14879
3325 14892
3326 14894
3327 14896
3328 14897
3329 14900
3330 14904
3331 14906
3332 14908
3333 14910
3334 14921
3335 14923
3336 14924
3337 14927
3338 14931
3339 14933
3340 14937
3341 14939
3342 14943
3343 14944
3344 14946
3345 14969
3346 14971
3347 14980
3348 14983
3349 14985
3350 15002
3351 15003
3352 15004
3353 15005
3354 15006
3355 15008
3356 15015
3357 15016
3358 15017
3359 15023
3360 15025
3361 15030
3362 15031
3363 15033
3364 15037
3365 15040
3366 15042
3367 15043
3368 15044
3369 15047
3370 15049
3371 15053
3372 15055
3373 15060
3374 15062
3375 15085
3376 15087
3377 15089
3378 15106
3379 15114
3380 15116
3381 15118
3382 15119
3383 15120
3384 15122
3385 15127
3386 15137
3387 15139
3388 15142
3389 15143
3390 15144
3391 15145
3392 15155
3393 15162
3394 15180
3395 15181
3396 15182
3397 15185
3398 15187
3399 15196
3400 15197
3401 15198
3402 15199
3403 15204
3404 15206
3405 15207
3406 15209
3407 15210
3408 15212
3409 15214
3410 15217
3411 15219
3412 15220
3413 15225
3414 15227
3415 15238
3416 15240
3417 15241
3418 15242
3419 15251
3420 15252
3421 15253
3422 15254
3423 15258
3424 15260
3425 15278
3426 15279
3427 15281
3428 15287
3429 15289
3430 15292
3431 15293
3432 15303
3433 15306
3434 15307
3435 15308
3436 15309
3437 15310
3438 15311
3439 15314
3440 15316
3441 15317
3442 15319
3443 15326
3444 15332
3445 15333
3446 15335
3447 15346
3448 15348
3449 15356
3450 15357
3451 15358
3452 15359
3453 15370
3454 15371
3455 15375
3456 15377
3457 15379
3458 15382
3459 15383
3460 15384
3461 15385
3462 15393
3463 15395
3464 15396
3465 15398
3466 15399
3467 15400
3468 15401
3469 15402
3470 15406
3471 15408
3472 15409
3473 15416
3474 15418
3475 15420
3476 15422
3477 15434
3478 15436
3479 15446
3480 15447
3481 15459
3482 15463
3483 15465
3484 15467
3485 15470
3486 15471
3487 15473
3488 15485
3489 15486
3490 15487
3491 15488
3492 15489
3493 15494
3494 15495
3495 15497
3496 15502
3497 15520
3498 15522
3499 15530
3500 15531
3501 15532
3502 15533
3503 15538
3504 15540
3505 15543
3506 15545
3507 15547
3508 15549
3509 15552
3510 15553
3511 15554
3512 15555
3513 15568
3514 15569
3515 15570
3516 15572
3517 15576
3518 15578
3519 15584
3520 15601
3521 15603
3522 15609
3523 15611
3524 15620
3525 15627
3526 15633
3527 15635
3528 15647
3529 15649
3530 15664
3531 15666
3532 15679
3533 15687
3534 15689
3535 15691
3536 15693
3537 15694
3538 15695
3539 15696
3540 15698
3541 15701
3542 15703
3543 15707
3544 15709
3545 15711
3546 15713
3547 15715
3548 15726
3549 15728
3550 15738
3551 15740
3552 15751
3553 15753
3554 15754
3555 15756
3556 15759
3557 15761
3558 15762
3559 15763
3560 15764
3561 15767
3562 15768
3563 15775
3564 15777
3565 15781
3566 15785
3567 15790
3568 15792
3569 15798
3570 15806
3571 15808
3572 15824
3573 15831
3574 15832
3575 15833
3576 15835
3577 15836
3578 15837
3579 15838
3580 15843
3581 15847
3582 15849
3583 15851
3584 15853
3585 15858
3586 15864
3587 15866
3588 15869
3589 15870
3590 15871
3591 15872
3592 15874
3593 15876
3594 15887
3595 15888
3596 15889
3597 15890
3598 15896
3599 15898
3600 15905
3601 15907
3602 15920
3603 15922
3604 15925
3605 15927
3606 15933
3607 15936
3608 15949
3609 15973
3610 15975
3611 15985
3612 15991
3613 15992
3614 15994
3615 15995
3616 15997
3617 16005
3618 16007
3619 16029
3620 16039
3621 16041
3622 16049
3623 16065
3624 16067
3625 16078
3626 16079
3627 16080
3628 16081
3629 16097
3630 16099
3631 16115
3632 16126
3633 16128
3634 16159
3635 16161
3636 16168
3637 16170
3638 16205
3639 16206
3640 16207
3641 16208
3642 16210
3643 16232
3644 16234
3645 16236
3646 16241
3647 16242
3648 16246
3649 16247
3650 16248
3651 16249
3652 16259
3653 16260
3654 16261
3655 16262
3656 16266
3657 16268
3658 16269
3659 16270
3660 16271
3661 16272
3662 16273
3663 16274
3664 16277
3665 16278
3666 16279
3667 16289
3668 16290
3669 16291
3670 16294
3671 16296
3672 16298
3673 16304
3674 16305
3675 16306
3676 16307
3677 16313
3678 16314
3679 16315
3680 16316
3681 16322
3682 16327
3683 16329
3684 16335
3685 16337
3686 16368
3687 16369
3688 16370
3689 16378
3690 16382
