dx 0.015625
dy 0.015625
numResidualPts 409
numStatePts 1698
0 0.007812 0.007812 27 0.992188 0.007812 28 0.007812 0.023438 1 0.023438 0.007812 1671 0.007812 0.992188 
3 0.070312 0.007812 2 0.054688 0.007812 29 0.070312 0.023438 4 0.085938 0.007812 1675 0.070312 0.992188 
8 0.429688 0.007812 7 0.414062 0.007812 37 0.429688 0.023438 9 0.445312 0.007812 1687 0.429688 0.992188 
12 0.585938 0.007812 11 0.570312 0.007812 41 0.585938 0.023438 13 0.601562 0.007812 1691 0.585938 0.992188 
15 0.632812 0.007812 14 0.617188 0.007812 42 0.632812 0.023438 16 0.648438 0.007812 1692 0.632812 0.992188 
18 0.710938 0.007812 17 0.695312 0.007812 43 0.710938 0.023438 19 0.726562 0.007812 1693 0.710938 0.992188 
21 0.882812 0.007812 20 0.867188 0.007812 47 0.882812 0.023438 22 0.898438 0.007812 1694 0.882812 0.992188 
25 0.960938 0.007812 24 0.945312 0.007812 51 0.960938 0.023438 26 0.976562 0.007812 1697 0.960938 0.992188 
31 0.117188 0.023438 30 0.101562 0.023438 54 0.117188 0.039062 32 0.132812 0.023438 5 0.117188 0.007812 
33 0.148438 0.023438 32 0.132812 0.023438 55 0.148438 0.039062 34 0.164062 0.023438 6 0.148438 0.007812 
39 0.539062 0.023438 38 0.523438 0.023438 64 0.539062 0.039062 40 0.554688 0.023438 10 0.539062 0.007812 
49 0.914062 0.023438 48 0.898438 0.023438 74 0.914062 0.039062 50 0.929688 0.023438 23 0.914062 0.007812 
52 0.976562 0.023438 51 0.960938 0.023438 78 0.976562 0.039062 53 0.992188 0.023438 26 0.976562 0.007812 
57 0.179688 0.039062 56 0.164062 0.039062 82 0.179688 0.054688 58 0.195312 0.039062 35 0.179688 0.023438 
60 0.304688 0.039062 59 0.289062 0.039062 86 0.304688 0.054688 61 0.320312 0.039062 36 0.304688 0.023438 
68 0.773438 0.039062 67 0.757812 0.039062 100 0.773438 0.054688 69 0.789062 0.039062 44 0.773438 0.023438 
69 0.789062 0.039062 68 0.773438 0.039062 101 0.789062 0.054688 70 0.804688 0.039062 45 0.789062 0.023438 
72 0.835938 0.039062 71 0.820312 0.039062 102 0.835938 0.054688 73 0.851562 0.039062 46 0.835938 0.023438 
75 0.929688 0.039062 74 0.914062 0.039062 104 0.929688 0.054688 76 0.945312 0.039062 50 0.929688 0.023438 
78 0.976562 0.039062 77 0.960938 0.039062 106 0.976562 0.054688 79 0.992188 0.039062 52 0.976562 0.023438 
83 0.195312 0.054688 82 0.179688 0.054688 111 0.195312 0.070312 84 0.210938 0.054688 58 0.195312 0.039062 
88 0.382812 0.054688 87 0.367188 0.054688 118 0.382812 0.070312 89 0.398438 0.054688 62 0.382812 0.039062 
91 0.523438 0.054688 90 0.507812 0.054688 122 0.523438 0.070312 92 0.539062 0.054688 63 0.523438 0.039062 
94 0.601562 0.054688 93 0.585938 0.054688 123 0.601562 0.070312 95 0.617188 0.054688 65 0.601562 0.039062 
98 0.742188 0.054688 97 0.726562 0.054688 128 0.742188 0.070312 99 0.757812 0.054688 66 0.742188 0.039062 
99 0.757812 0.054688 98 0.742188 0.054688 129 0.757812 0.070312 100 0.773438 0.054688 67 0.757812 0.039062 
100 0.773438 0.054688 99 0.757812 0.054688 130 0.773438 0.070312 101 0.789062 0.054688 68 0.773438 0.039062 
107 0.992188 0.054688 106 0.976562 0.054688 138 0.992188 0.070312 80 0.007812 0.054688 79 0.992188 0.039062 
109 0.101562 0.070312 108 0.085938 0.070312 139 0.101562 0.085938 110 0.117188 0.070312 81 0.101562 0.054688 
113 0.226562 0.070312 112 0.210938 0.070312 140 0.226562 0.085938 114 0.242188 0.070312 85 0.226562 0.054688 
116 0.304688 0.070312 115 0.289062 0.070312 141 0.304688 0.085938 117 0.320312 0.070312 86 0.304688 0.054688 
126 0.664062 0.070312 125 0.648438 0.070312 152 0.664062 0.085938 127 0.679688 0.070312 96 0.664062 0.054688 
132 0.851562 0.070312 131 0.835938 0.070312 158 0.851562 0.085938 133 0.867188 0.070312 103 0.851562 0.054688 
136 0.945312 0.070312 135 0.929688 0.070312 162 0.945312 0.085938 137 0.960938 0.070312 105 0.945312 0.054688 
144 0.476562 0.085938 143 0.460938 0.085938 169 0.476562 0.101562 145 0.492188 0.085938 119 0.476562 0.070312 
145 0.492188 0.085938 144 0.476562 0.085938 170 0.492188 0.101562 146 0.507812 0.085938 120 0.492188 0.070312 
146 0.507812 0.085938 145 0.492188 0.085938 171 0.507812 0.101562 147 0.523438 0.085938 121 0.507812 0.070312 
150 0.617188 0.085938 149 0.601562 0.085938 176 0.617188 0.101562 151 0.632812 0.085938 124 0.617188 0.070312 
156 0.757812 0.085938 155 0.742188 0.085938 183 0.757812 0.101562 157 0.773438 0.085938 129 0.757812 0.070312 
160 0.914062 0.085938 159 0.898438 0.085938 186 0.914062 0.101562 161 0.929688 0.085938 134 0.914062 0.070312 
165 0.367188 0.101562 164 0.351562 0.101562 192 0.367188 0.117188 166 0.382812 0.101562 142 0.367188 0.085938 
173 0.554688 0.101562 172 0.539062 0.101562 204 0.554688 0.117188 174 0.570312 0.101562 148 0.554688 0.085938 
178 0.679688 0.101562 177 0.664062 0.101562 209 0.679688 0.117188 179 0.695312 0.101562 153 0.679688 0.085938 
181 0.726562 0.101562 180 0.710938 0.101562 210 0.726562 0.117188 182 0.742188 0.101562 154 0.726562 0.085938 
188 0.976562 0.101562 187 0.960938 0.101562 218 0.976562 0.117188 189 0.992188 0.101562 163 0.976562 0.085938 
194 0.398438 0.117188 193 0.382812 0.117188 228 0.398438 0.132812 195 0.414062 0.117188 167 0.398438 0.101562 
197 0.445312 0.117188 196 0.429688 0.117188 229 0.445312 0.132812 198 0.460938 0.117188 168 0.445312 0.101562 
200 0.492188 0.117188 199 0.476562 0.117188 230 0.492188 0.132812 201 0.507812 0.117188 170 0.492188 0.101562 
201 0.507812 0.117188 200 0.492188 0.117188 231 0.507812 0.132812 202 0.523438 0.117188 171 0.507812 0.101562 
203 0.539062 0.117188 202 0.523438 0.117188 232 0.539062 0.132812 204 0.554688 0.117188 172 0.539062 0.101562 
204 0.554688 0.117188 203 0.539062 0.117188 233 0.554688 0.132812 205 0.570312 0.117188 173 0.554688 0.101562 
207 0.601562 0.117188 206 0.585938 0.117188 234 0.601562 0.132812 208 0.617188 0.117188 175 0.601562 0.101562 
214 0.867188 0.117188 213 0.851562 0.117188 243 0.867188 0.132812 215 0.882812 0.117188 184 0.867188 0.101562 
216 0.898438 0.117188 215 0.882812 0.117188 245 0.898438 0.132812 217 0.914062 0.117188 185 0.898438 0.101562 
220 0.023438 0.132812 219 0.007812 0.132812 246 0.023438 0.148438 221 0.039062 0.132812 190 0.023438 0.117188 
225 0.289062 0.132812 224 0.273438 0.132812 255 0.289062 0.148438 226 0.304688 0.132812 191 0.289062 0.117188 
237 0.726562 0.132812 236 0.710938 0.132812 264 0.726562 0.148438 238 0.742188 0.132812 210 0.726562 0.117188 
238 0.742188 0.132812 237 0.726562 0.132812 265 0.742188 0.148438 239 0.757812 0.132812 211 0.742188 0.117188 
241 0.835938 0.132812 240 0.820312 0.132812 267 0.835938 0.148438 242 0.851562 0.132812 212 0.835938 0.117188 
244 0.882812 0.132812 243 0.867188 0.132812 268 0.882812 0.148438 245 0.898438 0.132812 215 0.882812 0.117188 
249 0.148438 0.148438 248 0.132812 0.148438 275 0.148438 0.164062 250 0.164062 0.148438 222 0.148438 0.132812 
252 0.226562 0.148438 251 0.210938 0.148438 277 0.226562 0.164062 253 0.242188 0.148438 223 0.226562 0.132812 
257 0.382812 0.148438 256 0.367188 0.148438 284 0.382812 0.164062 258 0.398438 0.148438 227 0.382812 0.132812 
261 0.679688 0.148438 260 0.664062 0.148438 290 0.679688 0.164062 262 0.695312 0.148438 235 0.679688 0.132812 
264 0.726562 0.148438 263 0.710938 0.148438 291 0.726562 0.164062 265 0.742188 0.148438 237 0.726562 0.132812 
273 0.085938 0.164062 272 0.070312 0.164062 302 0.085938 0.179688 274 0.101562 0.164062 247 0.085938 0.148438 
277 0.226562 0.164062 276 0.210938 0.164062 305 0.226562 0.179688 278 0.242188 0.164062 252 0.226562 0.148438 
279 0.257812 0.164062 278 0.242188 0.164062 306 0.257812 0.179688 280 0.273438 0.164062 254 0.257812 0.148438 
281 0.289062 0.164062 280 0.273438 0.164062 308 0.289062 0.179688 282 0.304688 0.164062 255 0.289062 0.148438 
288 0.570312 0.164062 287 0.554688 0.164062 322 0.570312 0.179688 289 0.585938 0.164062 259 0.570312 0.148438 
293 0.789062 0.164062 292 0.773438 0.164062 325 0.789062 0.179688 294 0.804688 0.164062 266 0.789062 0.148438 
296 0.898438 0.164062 295 0.882812 0.164062 327 0.898438 0.179688 297 0.914062 0.164062 269 0.898438 0.148438 
299 0.945312 0.164062 298 0.929688 0.164062 329 0.945312 0.179688 300 0.960938 0.164062 270 0.945312 0.148438 
300 0.960938 0.164062 299 0.945312 0.164062 330 0.960938 0.179688 301 0.976562 0.164062 271 0.960938 0.148438 
308 0.289062 0.179688 307 0.273438 0.179688 344 0.289062 0.195312 309 0.304688 0.179688 281 0.289062 0.164062 
312 0.367188 0.179688 311 0.351562 0.179688 348 0.367188 0.195312 313 0.382812 0.179688 283 0.367188 0.164062 
313 0.382812 0.179688 312 0.367188 0.179688 349 0.382812 0.195312 314 0.398438 0.179688 284 0.382812 0.164062 
317 0.476562 0.179688 316 0.460938 0.179688 354 0.476562 0.195312 318 0.492188 0.179688 285 0.476562 0.164062 
320 0.539062 0.179688 319 0.523438 0.179688 355 0.539062 0.195312 321 0.554688 0.179688 286 0.539062 0.164062 
324 0.773438 0.179688 323 0.757812 0.179688 361 0.773438 0.195312 325 0.789062 0.179688 292 0.773438 0.164062 
336 0.132812 0.195312 335 0.117188 0.195312 376 0.132812 0.210938 337 0.148438 0.195312 303 0.132812 0.179688 
339 0.195312 0.195312 338 0.179688 0.195312 377 0.195312 0.210938 340 0.210938 0.195312 304 0.195312 0.179688 
342 0.257812 0.195312 341 0.242188 0.195312 379 0.257812 0.210938 343 0.273438 0.195312 306 0.257812 0.179688 
346 0.335938 0.195312 345 0.320312 0.195312 380 0.335938 0.210938 347 0.351562 0.195312 310 0.335938 0.179688 
349 0.382812 0.195312 348 0.367188 0.195312 381 0.382812 0.210938 350 0.398438 0.195312 313 0.382812 0.179688 
352 0.429688 0.195312 351 0.414062 0.195312 382 0.429688 0.210938 353 0.445312 0.195312 315 0.429688 0.179688 
360 0.757812 0.195312 359 0.742188 0.195312 396 0.757812 0.210938 361 0.773438 0.195312 323 0.757812 0.179688 
361 0.773438 0.195312 360 0.757812 0.195312 397 0.773438 0.210938 362 0.789062 0.195312 324 0.773438 0.179688 
365 0.882812 0.195312 364 0.867188 0.195312 401 0.882812 0.210938 366 0.898438 0.195312 326 0.882812 0.179688 
368 0.929688 0.195312 367 0.914062 0.195312 402 0.929688 0.210938 369 0.945312 0.195312 328 0.929688 0.179688 
371 0.992188 0.195312 370 0.976562 0.195312 403 0.992188 0.210938 332 0.007812 0.195312 331 0.992188 0.179688 
373 0.070312 0.210938 372 0.054688 0.210938 404 0.070312 0.226562 374 0.085938 0.210938 333 0.070312 0.195312 
374 0.085938 0.210938 373 0.070312 0.210938 405 0.085938 0.226562 375 0.101562 0.210938 334 0.085938 0.195312 
385 0.476562 0.210938 384 0.460938 0.210938 414 0.476562 0.226562 386 0.492188 0.210938 354 0.476562 0.195312 
388 0.554688 0.210938 387 0.539062 0.210938 416 0.554688 0.226562 389 0.570312 0.210938 356 0.554688 0.195312 
389 0.570312 0.210938 388 0.554688 0.210938 417 0.570312 0.226562 390 0.585938 0.210938 357 0.570312 0.195312 
392 0.632812 0.210938 391 0.617188 0.210938 421 0.632812 0.226562 393 0.648438 0.210938 358 0.632812 0.195312 
395 0.742188 0.210938 394 0.726562 0.210938 424 0.742188 0.226562 396 0.757812 0.210938 359 0.742188 0.195312 
399 0.804688 0.210938 398 0.789062 0.210938 428 0.804688 0.226562 400 0.820312 0.210938 363 0.804688 0.195312 
408 0.242188 0.226562 407 0.226562 0.226562 434 0.242188 0.242188 409 0.257812 0.226562 378 0.242188 0.210938 
412 0.445312 0.226562 411 0.429688 0.226562 439 0.445312 0.242188 413 0.460938 0.226562 383 0.445312 0.210938 
418 0.585938 0.226562 417 0.570312 0.226562 443 0.585938 0.242188 419 0.601562 0.226562 390 0.585938 0.210938 
423 0.726562 0.226562 422 0.710938 0.226562 447 0.726562 0.242188 424 0.742188 0.226562 394 0.726562 0.210938 
426 0.773438 0.226562 425 0.757812 0.226562 449 0.773438 0.242188 427 0.789062 0.226562 397 0.773438 0.210938 
431 0.132812 0.242188 430 0.117188 0.242188 456 0.132812 0.257812 432 0.148438 0.242188 406 0.132812 0.226562 
436 0.273438 0.242188 435 0.257812 0.242188 461 0.273438 0.257812 437 0.289062 0.242188 410 0.273438 0.226562 
441 0.539062 0.242188 440 0.523438 0.242188 467 0.539062 0.257812 442 0.554688 0.242188 415 0.539062 0.226562 
445 0.617188 0.242188 444 0.601562 0.242188 468 0.617188 0.257812 446 0.632812 0.242188 420 0.617188 0.226562 
449 0.773438 0.242188 448 0.757812 0.242188 472 0.773438 0.257812 450 0.789062 0.242188 426 0.773438 0.226562 
454 0.070312 0.257812 453 0.054688 0.257812 483 0.070312 0.273438 455 0.085938 0.257812 429 0.070312 0.242188 
459 0.179688 0.257812 458 0.164062 0.257812 487 0.179688 0.273438 460 0.195312 0.257812 433 0.179688 0.242188 
463 0.351562 0.257812 462 0.335938 0.257812 489 0.351562 0.273438 464 0.367188 0.257812 438 0.351562 0.242188 
466 0.523438 0.257812 465 0.507812 0.257812 490 0.523438 0.273438 467 0.539062 0.257812 440 0.523438 0.242188 
470 0.726562 0.257812 469 0.710938 0.257812 492 0.726562 0.273438 471 0.742188 0.257812 447 0.726562 0.242188 
476 0.929688 0.257812 475 0.914062 0.257812 502 0.929688 0.273438 477 0.945312 0.257812 451 0.929688 0.242188 
479 0.976562 0.257812 478 0.960938 0.257812 505 0.976562 0.273438 480 0.992188 0.257812 452 0.976562 0.242188 
482 0.054688 0.273438 481 0.039062 0.273438 507 0.054688 0.289062 483 0.070312 0.273438 453 0.054688 0.257812 
485 0.148438 0.273438 484 0.132812 0.273438 509 0.148438 0.289062 486 0.164062 0.273438 457 0.148438 0.257812 
493 0.742188 0.273438 492 0.726562 0.273438 521 0.742188 0.289062 494 0.757812 0.273438 471 0.742188 0.257812 
495 0.773438 0.273438 494 0.757812 0.273438 522 0.773438 0.289062 496 0.789062 0.273438 472 0.773438 0.257812 
498 0.867188 0.273438 497 0.851562 0.273438 523 0.867188 0.289062 499 0.882812 0.273438 473 0.867188 0.257812 
500 0.898438 0.273438 499 0.882812 0.273438 524 0.898438 0.289062 501 0.914062 0.273438 474 0.898438 0.257812 
504 0.960938 0.273438 503 0.945312 0.273438 525 0.960938 0.289062 505 0.976562 0.273438 478 0.960938 0.257812 
511 0.257812 0.289062 510 0.242188 0.289062 533 0.257812 0.304688 512 0.273438 0.289062 488 0.257812 0.273438 
515 0.554688 0.289062 514 0.539062 0.289062 538 0.554688 0.304688 516 0.570312 0.289062 491 0.554688 0.273438 
526 0.976562 0.289062 525 0.960938 0.289062 553 0.976562 0.304688 527 0.992188 0.289062 505 0.976562 0.273438 
528 0.007812 0.304688 554 0.992188 0.304688 555 0.007812 0.320312 529 0.023438 0.304688 506 0.007812 0.289062 
531 0.101562 0.304688 530 0.085938 0.304688 556 0.101562 0.320312 532 0.117188 0.304688 508 0.101562 0.289062 
536 0.414062 0.304688 535 0.398438 0.304688 562 0.414062 0.320312 537 0.429688 0.304688 513 0.414062 0.289062 
540 0.585938 0.304688 539 0.570312 0.304688 563 0.585938 0.320312 541 0.601562 0.304688 517 0.585938 0.289062 
541 0.601562 0.304688 540 0.585938 0.304688 564 0.601562 0.320312 542 0.617188 0.304688 518 0.601562 0.289062 
543 0.632812 0.304688 542 0.617188 0.304688 565 0.632812 0.320312 544 0.648438 0.304688 519 0.632812 0.289062 
546 0.695312 0.304688 545 0.679688 0.304688 566 0.695312 0.320312 547 0.710938 0.304688 520 0.695312 0.289062 
549 0.742188 0.304688 548 0.726562 0.304688 567 0.742188 0.320312 550 0.757812 0.304688 521 0.742188 0.289062 
560 0.304688 0.320312 559 0.289062 0.320312 583 0.304688 0.335938 561 0.320312 0.320312 534 0.304688 0.304688 
569 0.898438 0.320312 568 0.882812 0.320312 588 0.898438 0.335938 570 0.914062 0.320312 551 0.898438 0.304688 
570 0.914062 0.320312 569 0.898438 0.320312 589 0.914062 0.335938 571 0.929688 0.320312 552 0.914062 0.304688 
573 0.976562 0.320312 572 0.960938 0.320312 591 0.976562 0.335938 574 0.992188 0.320312 553 0.976562 0.304688 
577 0.101562 0.335938 576 0.085938 0.335938 595 0.101562 0.351562 578 0.117188 0.335938 556 0.101562 0.320312 
580 0.179688 0.335938 579 0.164062 0.335938 596 0.179688 0.351562 581 0.195312 0.335938 557 0.179688 0.320312 
581 0.195312 0.335938 580 0.179688 0.335938 597 0.195312 0.351562 582 0.210938 0.335938 558 0.195312 0.320312 
587 0.882812 0.335938 586 0.867188 0.335938 609 0.882812 0.351562 588 0.898438 0.335938 568 0.882812 0.320312 
593 0.039062 0.351562 592 0.023438 0.351562 615 0.039062 0.367188 594 0.054688 0.351562 575 0.039062 0.335938 
600 0.335938 0.351562 599 0.320312 0.351562 621 0.335938 0.367188 601 0.351562 0.351562 584 0.335938 0.335938 
605 0.445312 0.351562 604 0.429688 0.351562 627 0.445312 0.367188 606 0.460938 0.351562 585 0.445312 0.335938 
611 0.960938 0.351562 610 0.945312 0.351562 635 0.960938 0.367188 612 0.976562 0.351562 590 0.960938 0.335938 
614 0.023438 0.367188 613 0.007812 0.367188 638 0.023438 0.382812 615 0.039062 0.367188 592 0.023438 0.351562 
619 0.273438 0.367188 618 0.257812 0.367188 646 0.273438 0.382812 620 0.289062 0.367188 598 0.273438 0.351562 
623 0.367188 0.367188 622 0.351562 0.367188 647 0.367188 0.382812 624 0.382812 0.367188 602 0.367188 0.351562 
625 0.398438 0.367188 624 0.382812 0.367188 648 0.398438 0.382812 626 0.414062 0.367188 603 0.398438 0.351562 
629 0.695312 0.367188 628 0.679688 0.367188 650 0.695312 0.382812 630 0.710938 0.367188 607 0.695312 0.351562 
633 0.773438 0.367188 632 0.757812 0.367188 654 0.773438 0.382812 634 0.789062 0.367188 608 0.773438 0.351562 
641 0.132812 0.382812 640 0.117188 0.382812 661 0.132812 0.398438 642 0.148438 0.382812 616 0.132812 0.367188 
644 0.195312 0.382812 643 0.179688 0.382812 662 0.195312 0.398438 645 0.210938 0.382812 617 0.195312 0.367188 
652 0.742188 0.382812 651 0.726562 0.382812 673 0.742188 0.398438 653 0.757812 0.382812 631 0.742188 0.367188 
656 0.992188 0.382812 655 0.976562 0.382812 678 0.992188 0.398438 637 0.007812 0.382812 636 0.992188 0.367188 
659 0.101562 0.398438 658 0.085938 0.398438 681 0.101562 0.414062 660 0.117188 0.398438 639 0.101562 0.382812 
664 0.273438 0.398438 663 0.257812 0.398438 682 0.273438 0.414062 665 0.289062 0.398438 646 0.273438 0.382812 
669 0.554688 0.398438 668 0.539062 0.398438 689 0.554688 0.414062 670 0.570312 0.398438 649 0.554688 0.382812 
679 0.007812 0.414062 705 0.992188 0.414062 706 0.007812 0.429688 680 0.023438 0.414062 657 0.007812 0.398438 
685 0.445312 0.414062 684 0.429688 0.414062 713 0.445312 0.429688 686 0.460938 0.414062 666 0.445312 0.398438 
687 0.476562 0.414062 686 0.460938 0.414062 715 0.476562 0.429688 688 0.492188 0.414062 667 0.476562 0.398438 
691 0.632812 0.414062 690 0.617188 0.414062 719 0.632812 0.429688 692 0.648438 0.414062 671 0.632812 0.398438 
693 0.664062 0.414062 692 0.648438 0.414062 720 0.664062 0.429688 694 0.679688 0.414062 672 0.664062 0.398438 
696 0.773438 0.414062 695 0.757812 0.414062 725 0.773438 0.429688 697 0.789062 0.414062 674 0.773438 0.398438 
699 0.882812 0.414062 698 0.867188 0.414062 728 0.882812 0.429688 700 0.898438 0.414062 675 0.882812 0.398438 
702 0.929688 0.414062 701 0.914062 0.414062 729 0.929688 0.429688 703 0.945312 0.414062 676 0.929688 0.398438 
703 0.945312 0.414062 702 0.929688 0.414062 730 0.945312 0.429688 704 0.960938 0.414062 677 0.945312 0.398438 
710 0.320312 0.429688 709 0.304688 0.429688 740 0.320312 0.445312 711 0.335938 0.429688 683 0.320312 0.414062 
714 0.460938 0.429688 713 0.445312 0.429688 744 0.460938 0.445312 715 0.476562 0.429688 686 0.460938 0.414062 
717 0.554688 0.429688 716 0.539062 0.429688 745 0.554688 0.445312 718 0.570312 0.429688 689 0.554688 0.414062 
721 0.679688 0.429688 720 0.664062 0.429688 746 0.679688 0.445312 722 0.695312 0.429688 694 0.679688 0.414062 
725 0.773438 0.429688 724 0.757812 0.429688 751 0.773438 0.445312 726 0.789062 0.429688 696 0.773438 0.414062 
733 0.054688 0.445312 732 0.039062 0.445312 759 0.054688 0.460938 734 0.070312 0.445312 707 0.054688 0.429688 
738 0.257812 0.445312 737 0.242188 0.445312 769 0.257812 0.460938 739 0.273438 0.445312 708 0.257812 0.429688 
742 0.398438 0.445312 741 0.382812 0.445312 772 0.398438 0.460938 743 0.414062 0.445312 712 0.398438 0.429688 
749 0.742188 0.445312 748 0.726562 0.445312 780 0.742188 0.460938 750 0.757812 0.445312 723 0.742188 0.429688 
753 0.867188 0.445312 752 0.851562 0.445312 785 0.867188 0.460938 754 0.882812 0.445312 727 0.867188 0.429688 
754 0.882812 0.445312 753 0.867188 0.445312 786 0.882812 0.460938 755 0.898438 0.445312 728 0.882812 0.429688 
757 0.023438 0.460938 756 0.007812 0.460938 790 0.023438 0.476562 758 0.039062 0.460938 731 0.023438 0.445312 
761 0.101562 0.460938 760 0.085938 0.460938 795 0.101562 0.476562 762 0.117188 0.460938 735 0.101562 0.445312 
764 0.148438 0.460938 763 0.132812 0.460938 797 0.148438 0.476562 765 0.164062 0.460938 736 0.148438 0.445312 
770 0.273438 0.460938 769 0.257812 0.460938 805 0.273438 0.476562 771 0.289062 0.460938 739 0.273438 0.445312 
774 0.460938 0.460938 773 0.445312 0.460938 806 0.460938 0.476562 775 0.476562 0.460938 744 0.460938 0.445312 
778 0.710938 0.460938 777 0.695312 0.460938 810 0.710938 0.476562 779 0.726562 0.460938 747 0.710938 0.445312 
779 0.726562 0.460938 778 0.710938 0.460938 811 0.726562 0.476562 780 0.742188 0.460938 748 0.726562 0.445312 
782 0.773438 0.460938 781 0.757812 0.460938 812 0.773438 0.476562 783 0.789062 0.460938 751 0.773438 0.445312 
786 0.882812 0.460938 785 0.867188 0.460938 818 0.882812 0.476562 787 0.898438 0.460938 754 0.882812 0.445312 
787 0.898438 0.460938 786 0.882812 0.460938 819 0.898438 0.476562 788 0.914062 0.460938 755 0.898438 0.445312 
791 0.039062 0.476562 790 0.023438 0.476562 823 0.039062 0.492188 792 0.054688 0.476562 758 0.039062 0.460938 
794 0.085938 0.476562 793 0.070312 0.476562 824 0.085938 0.492188 795 0.101562 0.476562 760 0.085938 0.460938 
797 0.148438 0.476562 796 0.132812 0.476562 825 0.148438 0.492188 798 0.164062 0.476562 764 0.148438 0.460938 
798 0.164062 0.476562 797 0.148438 0.476562 826 0.164062 0.492188 799 0.179688 0.476562 765 0.164062 0.460938 
800 0.195312 0.476562 799 0.179688 0.476562 827 0.195312 0.492188 801 0.210938 0.476562 766 0.195312 0.460938 
801 0.210938 0.476562 800 0.195312 0.476562 828 0.210938 0.492188 802 0.226562 0.476562 767 0.210938 0.460938 
803 0.242188 0.476562 802 0.226562 0.476562 830 0.242188 0.492188 804 0.257812 0.476562 768 0.242188 0.460938 
808 0.507812 0.476562 807 0.492188 0.476562 833 0.507812 0.492188 809 0.523438 0.476562 776 0.507812 0.460938 
813 0.789062 0.476562 812 0.773438 0.476562 839 0.789062 0.492188 814 0.804688 0.476562 783 0.789062 0.460938 
815 0.820312 0.476562 814 0.804688 0.476562 841 0.820312 0.492188 816 0.835938 0.476562 784 0.820312 0.460938 
821 0.976562 0.476562 820 0.960938 0.476562 846 0.976562 0.492188 822 0.992188 0.476562 789 0.976562 0.460938 
838 0.773438 0.492188 837 0.757812 0.492188 871 0.773438 0.507812 839 0.789062 0.492188 812 0.773438 0.476562 
839 0.789062 0.492188 838 0.773438 0.492188 872 0.789062 0.507812 840 0.804688 0.492188 813 0.789062 0.476562 
841 0.820312 0.492188 840 0.804688 0.492188 874 0.820312 0.507812 842 0.835938 0.492188 815 0.820312 0.476562 
843 0.851562 0.492188 842 0.835938 0.492188 875 0.851562 0.507812 844 0.867188 0.492188 817 0.851562 0.476562 
849 0.226562 0.507812 848 0.210938 0.507812 887 0.226562 0.523438 850 0.242188 0.507812 829 0.226562 0.492188 
854 0.335938 0.507812 853 0.320312 0.507812 894 0.335938 0.523438 855 0.351562 0.507812 831 0.335938 0.492188 
857 0.398438 0.507812 856 0.382812 0.507812 895 0.398438 0.523438 858 0.414062 0.507812 832 0.398438 0.492188 
860 0.507812 0.507812 859 0.492188 0.507812 896 0.507812 0.523438 861 0.523438 0.507812 833 0.507812 0.492188 
863 0.554688 0.507812 862 0.539062 0.507812 897 0.554688 0.523438 864 0.570312 0.507812 834 0.554688 0.492188 
865 0.585938 0.507812 864 0.570312 0.507812 898 0.585938 0.523438 866 0.601562 0.507812 835 0.585938 0.492188 
868 0.664062 0.507812 867 0.648438 0.507812 899 0.664062 0.523438 869 0.679688 0.507812 836 0.664062 0.492188 
872 0.789062 0.507812 871 0.773438 0.507812 904 0.789062 0.523438 873 0.804688 0.507812 839 0.789062 0.492188 
877 0.914062 0.507812 876 0.898438 0.507812 907 0.914062 0.523438 878 0.929688 0.507812 845 0.914062 0.492188 
885 0.164062 0.523438 884 0.148438 0.523438 919 0.164062 0.539062 886 0.179688 0.523438 847 0.164062 0.507812 
889 0.257812 0.523438 888 0.242188 0.523438 923 0.257812 0.539062 890 0.273438 0.523438 851 0.257812 0.507812 
892 0.304688 0.523438 891 0.289062 0.523438 926 0.304688 0.539062 893 0.320312 0.523438 852 0.304688 0.507812 
902 0.710938 0.523438 901 0.695312 0.523438 934 0.710938 0.539062 903 0.726562 0.523438 870 0.710938 0.507812 
909 0.945312 0.523438 908 0.929688 0.523438 939 0.945312 0.539062 910 0.960938 0.523438 879 0.945312 0.507812 
912 0.039062 0.539062 911 0.023438 0.539062 940 0.039062 0.554688 913 0.054688 0.539062 880 0.039062 0.523438 
915 0.101562 0.539062 914 0.085938 0.539062 941 0.101562 0.554688 916 0.117188 0.539062 881 0.101562 0.523438 
916 0.117188 0.539062 915 0.101562 0.539062 942 0.117188 0.554688 917 0.132812 0.539062 882 0.117188 0.523438 
917 0.132812 0.539062 916 0.117188 0.539062 943 0.132812 0.554688 918 0.148438 0.539062 883 0.132812 0.523438 
920 0.179688 0.539062 919 0.164062 0.539062 944 0.179688 0.554688 921 0.195312 0.539062 886 0.179688 0.523438 
925 0.289062 0.539062 924 0.273438 0.539062 950 0.289062 0.554688 926 0.304688 0.539062 891 0.289062 0.523438 
929 0.398438 0.539062 928 0.382812 0.539062 954 0.398438 0.554688 930 0.414062 0.539062 895 0.398438 0.523438 
932 0.679688 0.539062 931 0.664062 0.539062 959 0.679688 0.554688 933 0.695312 0.539062 900 0.679688 0.523438 
933 0.695312 0.539062 932 0.679688 0.539062 960 0.695312 0.554688 934 0.710938 0.539062 901 0.695312 0.523438 
936 0.882812 0.539062 935 0.867188 0.539062 962 0.882812 0.554688 937 0.898438 0.539062 905 0.882812 0.523438 
937 0.898438 0.539062 936 0.882812 0.539062 963 0.898438 0.554688 938 0.914062 0.539062 906 0.898438 0.523438 
947 0.242188 0.554688 946 0.226562 0.554688 971 0.242188 0.570312 948 0.257812 0.554688 922 0.242188 0.539062 
950 0.289062 0.554688 949 0.273438 0.554688 972 0.289062 0.570312 951 0.304688 0.554688 925 0.289062 0.539062 
952 0.320312 0.554688 951 0.304688 0.554688 973 0.320312 0.570312 953 0.335938 0.554688 927 0.320312 0.539062 
967 0.179688 0.570312 966 0.164062 0.570312 997 0.179688 0.585938 968 0.195312 0.570312 944 0.179688 0.554688 
969 0.210938 0.570312 968 0.195312 0.570312 999 0.210938 0.585938 970 0.226562 0.570312 945 0.210938 0.554688 
976 0.492188 0.570312 975 0.476562 0.570312 1009 0.492188 0.585938 977 0.507812 0.570312 955 0.492188 0.554688 
980 0.585938 0.570312 979 0.570312 0.570312 1013 0.585938 0.585938 981 0.601562 0.570312 956 0.585938 0.554688 
982 0.617188 0.570312 981 0.601562 0.570312 1014 0.617188 0.585938 983 0.632812 0.570312 957 0.617188 0.554688 
985 0.664062 0.570312 984 0.648438 0.570312 1016 0.664062 0.585938 986 0.679688 0.570312 958 0.664062 0.554688 
989 0.789062 0.570312 988 0.773438 0.570312 1020 0.789062 0.585938 990 0.804688 0.570312 961 0.789062 0.554688 
993 0.085938 0.585938 992 0.070312 0.585938 1025 0.085938 0.601562 994 0.101562 0.585938 964 0.085938 0.570312 
994 0.101562 0.585938 993 0.085938 0.585938 1026 0.101562 0.601562 995 0.117188 0.585938 965 0.101562 0.570312 
997 0.179688 0.585938 996 0.164062 0.585938 1029 0.179688 0.601562 998 0.195312 0.585938 967 0.179688 0.570312 
1004 0.320312 0.585938 1003 0.304688 0.585938 1037 0.320312 0.601562 1005 0.335938 0.585938 973 0.320312 0.570312 
1007 0.367188 0.585938 1006 0.351562 0.585938 1040 0.367188 0.601562 1008 0.382812 0.585938 974 0.367188 0.570312 
1010 0.507812 0.585938 1009 0.492188 0.585938 1041 0.507812 0.601562 1011 0.523438 0.585938 977 0.507812 0.570312 
1011 0.523438 0.585938 1010 0.507812 0.585938 1042 0.523438 0.601562 1012 0.539062 0.585938 978 0.523438 0.570312 
1018 0.742188 0.585938 1017 0.726562 0.585938 1047 0.742188 0.601562 1019 0.757812 0.585938 987 0.742188 0.570312 
1023 0.023438 0.601562 1022 0.007812 0.601562 1055 0.023438 0.617188 1024 0.039062 0.601562 991 0.023438 0.585938 
1027 0.117188 0.601562 1026 0.101562 0.601562 1058 0.117188 0.617188 1028 0.132812 0.601562 995 0.117188 0.585938 
1032 0.242188 0.601562 1031 0.226562 0.601562 1063 0.242188 0.617188 1033 0.257812 0.601562 1000 0.242188 0.585938 
1033 0.257812 0.601562 1032 0.242188 0.601562 1064 0.257812 0.617188 1034 0.273438 0.601562 1001 0.257812 0.585938 
1034 0.273438 0.601562 1033 0.257812 0.601562 1065 0.273438 0.617188 1035 0.289062 0.601562 1002 0.273438 0.585938 
1037 0.320312 0.601562 1036 0.304688 0.601562 1066 0.320312 0.617188 1038 0.335938 0.601562 1004 0.320312 0.585938 
1044 0.648438 0.601562 1043 0.632812 0.601562 1072 0.648438 0.617188 1045 0.664062 0.601562 1015 0.648438 0.585938 
1047 0.742188 0.601562 1046 0.726562 0.601562 1073 0.742188 0.617188 1048 0.757812 0.601562 1018 0.742188 0.585938 
1050 0.789062 0.601562 1049 0.773438 0.601562 1074 0.789062 0.617188 1051 0.804688 0.601562 1020 0.789062 0.585938 
1052 0.820312 0.601562 1051 0.804688 0.601562 1075 0.820312 0.617188 1053 0.835938 0.601562 1021 0.820312 0.585938 
1056 0.039062 0.617188 1055 0.023438 0.617188 1080 0.039062 0.632812 1057 0.054688 0.617188 1024 0.039062 0.601562 
1060 0.195312 0.617188 1059 0.179688 0.617188 1083 0.195312 0.632812 1061 0.210938 0.617188 1030 0.195312 0.601562 
1063 0.242188 0.617188 1062 0.226562 0.617188 1084 0.242188 0.632812 1064 0.257812 0.617188 1032 0.242188 0.601562 
1068 0.351562 0.617188 1067 0.335938 0.617188 1088 0.351562 0.632812 1069 0.367188 0.617188 1039 0.351562 0.601562 
1069 0.367188 0.617188 1068 0.351562 0.617188 1089 0.367188 0.632812 1070 0.382812 0.617188 1040 0.367188 0.601562 
1077 0.960938 0.617188 1076 0.945312 0.617188 1098 0.960938 0.632812 1078 0.976562 0.617188 1054 0.960938 0.601562 
1082 0.179688 0.632812 1081 0.164062 0.632812 1105 0.179688 0.648438 1083 0.195312 0.632812 1059 0.179688 0.617188 
1086 0.320312 0.632812 1085 0.304688 0.632812 1107 0.320312 0.648438 1087 0.335938 0.632812 1066 0.320312 0.617188 
1089 0.367188 0.632812 1088 0.351562 0.632812 1109 0.367188 0.648438 1090 0.382812 0.632812 1069 0.367188 0.617188 
1090 0.382812 0.632812 1089 0.367188 0.632812 1110 0.382812 0.648438 1091 0.398438 0.632812 1070 0.382812 0.617188 
1093 0.601562 0.632812 1092 0.585938 0.632812 1113 0.601562 0.648438 1094 0.617188 0.632812 1071 0.601562 0.617188 
1101 0.023438 0.648438 1100 0.007812 0.648438 1126 0.023438 0.664062 1102 0.039062 0.648438 1079 0.023438 0.632812 
1115 0.679688 0.648438 1114 0.664062 0.648438 1146 0.679688 0.664062 1116 0.695312 0.648438 1095 0.679688 0.632812 
1119 0.773438 0.648438 1118 0.757812 0.648438 1151 0.773438 0.664062 1120 0.789062 0.648438 1096 0.773438 0.632812 
1121 0.804688 0.648438 1120 0.789062 0.648438 1153 0.804688 0.664062 1122 0.820312 0.648438 1097 0.804688 0.632812 
1125 0.992188 0.648438 1124 0.976562 0.648438 1157 0.992188 0.664062 1100 0.007812 0.648438 1099 0.992188 0.632812 
1128 0.054688 0.664062 1127 0.039062 0.664062 1159 0.054688 0.679688 1129 0.070312 0.664062 1103 0.054688 0.648438 
1131 0.148438 0.664062 1130 0.132812 0.664062 1161 0.148438 0.679688 1132 0.164062 0.664062 1104 0.148438 0.648438 
1134 0.226562 0.664062 1133 0.210938 0.664062 1162 0.226562 0.679688 1135 0.242188 0.664062 1106 0.226562 0.648438 
1137 0.335938 0.664062 1136 0.320312 0.664062 1163 0.335938 0.679688 1138 0.351562 0.664062 1108 0.335938 0.648438 
1140 0.398438 0.664062 1139 0.382812 0.664062 1166 0.398438 0.679688 1141 0.414062 0.664062 1111 0.398438 0.648438 
1144 0.554688 0.664062 1143 0.539062 0.664062 1171 0.554688 0.679688 1145 0.570312 0.664062 1112 0.554688 0.648438 
1148 0.710938 0.664062 1147 0.695312 0.664062 1174 0.710938 0.679688 1149 0.726562 0.664062 1117 0.710938 0.648438 
1152 0.789062 0.664062 1151 0.773438 0.664062 1178 0.789062 0.679688 1153 0.804688 0.664062 1120 0.789062 0.648438 
1155 0.851562 0.664062 1154 0.835938 0.664062 1180 0.851562 0.679688 1156 0.867188 0.664062 1123 0.851562 0.648438 
1165 0.382812 0.679688 1164 0.367188 0.679688 1188 0.382812 0.695312 1166 0.398438 0.679688 1139 0.382812 0.664062 
1168 0.476562 0.679688 1167 0.460938 0.679688 1190 0.476562 0.695312 1169 0.492188 0.679688 1142 0.476562 0.664062 
1171 0.554688 0.679688 1170 0.539062 0.679688 1194 0.554688 0.695312 1172 0.570312 0.679688 1144 0.554688 0.664062 
1176 0.757812 0.679688 1175 0.742188 0.679688 1200 0.757812 0.695312 1177 0.773438 0.679688 1150 0.757812 0.664062 
1180 0.851562 0.679688 1179 0.835938 0.679688 1201 0.851562 0.695312 1181 0.867188 0.679688 1155 0.851562 0.664062 
1181 0.867188 0.679688 1180 0.851562 0.679688 1202 0.867188 0.695312 1182 0.882812 0.679688 1156 0.867188 0.664062 
1184 0.039062 0.695312 1183 0.023438 0.695312 1205 0.039062 0.710938 1185 0.054688 0.695312 1158 0.039062 0.679688 
1186 0.070312 0.695312 1185 0.054688 0.695312 1207 0.070312 0.710938 1187 0.085938 0.695312 1160 0.070312 0.679688 
1190 0.476562 0.695312 1189 0.460938 0.695312 1212 0.476562 0.710938 1191 0.492188 0.695312 1168 0.476562 0.679688 
1193 0.539062 0.695312 1192 0.523438 0.695312 1216 0.539062 0.710938 1194 0.554688 0.695312 1170 0.539062 0.679688 
1196 0.632812 0.695312 1195 0.617188 0.695312 1217 0.632812 0.710938 1197 0.648438 0.695312 1173 0.632812 0.679688 
1204 0.023438 0.710938 1203 0.007812 0.710938 1227 0.023438 0.726562 1205 0.039062 0.710938 1183 0.023438 0.695312 
1206 0.054688 0.710938 1205 0.039062 0.710938 1228 0.054688 0.726562 1207 0.070312 0.710938 1185 0.054688 0.695312 
1211 0.460938 0.710938 1210 0.445312 0.710938 1235 0.460938 0.726562 1212 0.476562 0.710938 1189 0.460938 0.695312 
1215 0.523438 0.710938 1214 0.507812 0.710938 1239 0.523438 0.726562 1216 0.539062 0.710938 1192 0.523438 0.695312 
1220 0.726562 0.710938 1219 0.710938 0.710938 1245 0.726562 0.726562 1221 0.742188 0.710938 1198 0.726562 0.695312 
1221 0.742188 0.710938 1220 0.726562 0.710938 1246 0.742188 0.726562 1222 0.757812 0.710938 1199 0.742188 0.695312 
1225 0.867188 0.710938 1224 0.851562 0.710938 1251 0.867188 0.726562 1226 0.882812 0.710938 1202 0.867188 0.695312 
1232 0.351562 0.726562 1231 0.335938 0.726562 1261 0.351562 0.742188 1233 0.367188 0.726562 1208 0.351562 0.710938 
1233 0.367188 0.726562 1232 0.351562 0.726562 1262 0.367188 0.742188 1234 0.382812 0.726562 1209 0.367188 0.710938 
1237 0.492188 0.726562 1236 0.476562 0.726562 1263 0.492188 0.742188 1238 0.507812 0.726562 1213 0.492188 0.710938 
1241 0.648438 0.726562 1240 0.632812 0.726562 1265 0.648438 0.742188 1242 0.664062 0.726562 1218 0.648438 0.710938 
1244 0.710938 0.726562 1243 0.695312 0.726562 1266 0.710938 0.742188 1245 0.726562 0.726562 1219 0.710938 0.710938 
1249 0.804688 0.726562 1248 0.789062 0.726562 1271 0.804688 0.742188 1250 0.820312 0.726562 1223 0.804688 0.710938 
1255 0.226562 0.742188 1254 0.210938 0.742188 1281 0.226562 0.757812 1256 0.242188 0.742188 1229 0.226562 0.726562 
1258 0.304688 0.742188 1257 0.289062 0.742188 1283 0.304688 0.757812 1259 0.320312 0.742188 1230 0.304688 0.726562 
1268 0.742188 0.742188 1267 0.726562 0.742188 1293 0.742188 0.757812 1269 0.757812 0.742188 1246 0.742188 0.726562 
1269 0.757812 0.742188 1268 0.742188 0.742188 1294 0.757812 0.757812 1270 0.773438 0.742188 1247 0.757812 0.726562 
1275 0.023438 0.757812 1274 0.007812 0.757812 1305 0.023438 0.773438 1276 0.039062 0.757812 1252 0.023438 0.742188 
1278 0.132812 0.757812 1277 0.117188 0.757812 1308 0.132812 0.773438 1279 0.148438 0.757812 1253 0.132812 0.742188 
1285 0.335938 0.757812 1284 0.320312 0.757812 1317 0.335938 0.773438 1286 0.351562 0.757812 1260 0.335938 0.742188 
1289 0.523438 0.757812 1288 0.507812 0.757812 1322 0.523438 0.773438 1290 0.539062 0.757812 1264 0.523438 0.742188 
1300 0.882812 0.757812 1299 0.867188 0.757812 1336 0.882812 0.773438 1301 0.898438 0.757812 1272 0.882812 0.742188 
1303 0.929688 0.757812 1302 0.914062 0.757812 1337 0.929688 0.773438 1304 0.945312 0.757812 1273 0.929688 0.742188 
1308 0.132812 0.773438 1307 0.117188 0.773438 1342 0.132812 0.789062 1309 0.148438 0.773438 1278 0.132812 0.757812 
1311 0.179688 0.773438 1310 0.164062 0.773438 1345 0.179688 0.789062 1312 0.195312 0.773438 1280 0.179688 0.757812 
1314 0.273438 0.773438 1313 0.257812 0.773438 1346 0.273438 0.789062 1315 0.289062 0.773438 1282 0.273438 0.757812 
1320 0.492188 0.773438 1319 0.476562 0.773438 1355 0.492188 0.789062 1321 0.507812 0.773438 1287 0.492188 0.757812 
1324 0.617188 0.773438 1323 0.601562 0.773438 1359 0.617188 0.789062 1325 0.632812 0.773438 1291 0.617188 0.757812 
1327 0.710938 0.773438 1326 0.695312 0.773438 1360 0.710938 0.789062 1328 0.726562 0.773438 1292 0.710938 0.757812 
1330 0.773438 0.773438 1329 0.757812 0.773438 1363 0.773438 0.789062 1331 0.789062 0.773438 1295 0.773438 0.757812 
1331 0.789062 0.773438 1330 0.773438 0.773438 1364 0.789062 0.789062 1332 0.804688 0.773438 1296 0.789062 0.757812 
1333 0.820312 0.773438 1332 0.804688 0.773438 1365 0.820312 0.789062 1334 0.835938 0.773438 1297 0.820312 0.757812 
1334 0.835938 0.773438 1333 0.820312 0.773438 1366 0.835938 0.789062 1335 0.851562 0.773438 1298 0.835938 0.757812 
1339 0.039062 0.789062 1338 0.023438 0.789062 1369 0.039062 0.804688 1340 0.054688 0.789062 1306 0.039062 0.773438 
1343 0.148438 0.789062 1342 0.132812 0.789062 1374 0.148438 0.804688 1344 0.164062 0.789062 1309 0.148438 0.773438 
1348 0.320312 0.789062 1347 0.304688 0.789062 1377 0.320312 0.804688 1349 0.335938 0.789062 1316 0.320312 0.773438 
1349 0.335938 0.789062 1348 0.320312 0.789062 1378 0.335938 0.804688 1350 0.351562 0.789062 1317 0.335938 0.773438 
1353 0.460938 0.789062 1352 0.445312 0.789062 1382 0.460938 0.804688 1354 0.476562 0.789062 1318 0.460938 0.773438 
1358 0.601562 0.789062 1357 0.585938 0.789062 1387 0.601562 0.804688 1359 0.617188 0.789062 1323 0.601562 0.773438 
1361 0.726562 0.789062 1360 0.710938 0.789062 1388 0.726562 0.804688 1362 0.742188 0.789062 1328 0.726562 0.773438 
1369 0.039062 0.804688 1368 0.023438 0.804688 1398 0.039062 0.820312 1370 0.054688 0.804688 1339 0.039062 0.789062 
1372 0.101562 0.804688 1371 0.085938 0.804688 1400 0.101562 0.820312 1373 0.117188 0.804688 1341 0.101562 0.789062 
1380 0.429688 0.804688 1379 0.414062 0.804688 1406 0.429688 0.820312 1381 0.445312 0.804688 1351 0.429688 0.789062 
1384 0.507812 0.804688 1383 0.492188 0.804688 1407 0.507812 0.820312 1385 0.523438 0.804688 1356 0.507812 0.789062 
1394 0.960938 0.804688 1393 0.945312 0.804688 1421 0.960938 0.820312 1395 0.976562 0.804688 1367 0.960938 0.789062 
1402 0.273438 0.820312 1401 0.257812 0.820312 1427 0.273438 0.835938 1403 0.289062 0.820312 1375 0.273438 0.804688 
1403 0.289062 0.820312 1402 0.273438 0.820312 1428 0.289062 0.835938 1404 0.304688 0.820312 1376 0.289062 0.804688 
1409 0.539062 0.820312 1408 0.523438 0.820312 1433 0.539062 0.835938 1410 0.554688 0.820312 1386 0.539062 0.804688 
1414 0.773438 0.820312 1413 0.757812 0.820312 1440 0.773438 0.835938 1415 0.789062 0.820312 1389 0.773438 0.804688 
1415 0.789062 0.820312 1414 0.773438 0.820312 1441 0.789062 0.835938 1416 0.804688 0.820312 1390 0.789062 0.804688 
1416 0.804688 0.820312 1415 0.789062 0.820312 1442 0.804688 0.835938 1417 0.820312 0.820312 1391 0.804688 0.804688 
1419 0.867188 0.820312 1418 0.851562 0.820312 1443 0.867188 0.835938 1420 0.882812 0.820312 1392 0.867188 0.804688 
1423 0.992188 0.820312 1422 0.976562 0.820312 1447 0.992188 0.835938 1397 0.007812 0.820312 1396 0.992188 0.804688 
1425 0.054688 0.835938 1424 0.039062 0.835938 1448 0.054688 0.851562 1426 0.070312 0.835938 1399 0.054688 0.820312 
1431 0.382812 0.835938 1430 0.367188 0.835938 1453 0.382812 0.851562 1432 0.398438 0.835938 1405 0.382812 0.820312 
1435 0.632812 0.835938 1434 0.617188 0.835938 1459 0.632812 0.851562 1436 0.648438 0.835938 1411 0.632812 0.820312 
1438 0.742188 0.835938 1437 0.726562 0.835938 1462 0.742188 0.851562 1439 0.757812 0.835938 1412 0.742188 0.820312 
1444 0.882812 0.835938 1443 0.867188 0.835938 1464 0.882812 0.851562 1445 0.898438 0.835938 1420 0.882812 0.820312 
1450 0.304688 0.851562 1449 0.289062 0.851562 1470 0.304688 0.867188 1451 0.320312 0.851562 1429 0.304688 0.835938 
1453 0.382812 0.851562 1452 0.367188 0.851562 1472 0.382812 0.867188 1454 0.398438 0.851562 1431 0.382812 0.835938 
1466 0.960938 0.851562 1465 0.945312 0.851562 1492 0.960938 0.867188 1467 0.976562 0.851562 1446 0.960938 0.835938 
1473 0.398438 0.867188 1472 0.382812 0.867188 1507 0.398438 0.882812 1474 0.414062 0.867188 1454 0.398438 0.851562 
1476 0.460938 0.867188 1475 0.445312 0.867188 1509 0.460938 0.882812 1477 0.476562 0.867188 1455 0.460938 0.851562 
1479 0.523438 0.867188 1478 0.507812 0.867188 1510 0.523438 0.882812 1480 0.539062 0.867188 1456 0.523438 0.851562 
1481 0.554688 0.867188 1480 0.539062 0.867188 1511 0.554688 0.882812 1482 0.570312 0.867188 1457 0.554688 0.851562 
1483 0.585938 0.867188 1482 0.570312 0.867188 1512 0.585938 0.882812 1484 0.601562 0.867188 1458 0.585938 0.851562 
1486 0.695312 0.867188 1485 0.679688 0.867188 1516 0.695312 0.882812 1487 0.710938 0.867188 1460 0.695312 0.851562 
1487 0.710938 0.867188 1486 0.695312 0.867188 1517 0.710938 0.882812 1488 0.726562 0.867188 1461 0.710938 0.851562 
1490 0.851562 0.867188 1489 0.835938 0.867188 1521 0.851562 0.882812 1491 0.867188 0.867188 1463 0.851562 0.851562 
1494 0.070312 0.882812 1493 0.054688 0.882812 1522 0.070312 0.898438 1495 0.085938 0.882812 1468 0.070312 0.867188 
1498 0.242188 0.882812 1497 0.226562 0.882812 1527 0.242188 0.898438 1499 0.257812 0.882812 1469 0.242188 0.867188 
1501 0.304688 0.882812 1500 0.289062 0.882812 1529 0.304688 0.898438 1502 0.320312 0.882812 1470 0.304688 0.867188 
1504 0.351562 0.882812 1503 0.335938 0.882812 1531 0.351562 0.898438 1505 0.367188 0.882812 1471 0.351562 0.867188 
1507 0.398438 0.882812 1506 0.382812 0.882812 1533 0.398438 0.898438 1508 0.414062 0.882812 1473 0.398438 0.867188 
1513 0.601562 0.882812 1512 0.585938 0.882812 1536 0.601562 0.898438 1514 0.617188 0.882812 1484 0.601562 0.867188 
1516 0.695312 0.882812 1515 0.679688 0.882812 1538 0.695312 0.898438 1517 0.710938 0.882812 1486 0.695312 0.867188 
1520 0.835938 0.882812 1519 0.820312 0.882812 1542 0.835938 0.898438 1521 0.851562 0.882812 1489 0.835938 0.867188 
1524 0.148438 0.898438 1523 0.132812 0.898438 1546 0.148438 0.914062 1525 0.164062 0.898438 1496 0.148438 0.882812 
1529 0.304688 0.898438 1528 0.289062 0.898438 1550 0.304688 0.914062 1530 0.320312 0.898438 1501 0.304688 0.882812 
1533 0.398438 0.898438 1532 0.382812 0.898438 1551 0.398438 0.914062 1534 0.414062 0.898438 1507 0.398438 0.882812 
1540 0.804688 0.898438 1539 0.789062 0.898438 1559 0.804688 0.914062 1541 0.820312 0.898438 1518 0.804688 0.882812 
1548 0.210938 0.914062 1547 0.195312 0.914062 1570 0.210938 0.929688 1549 0.226562 0.914062 1526 0.210938 0.898438 
1553 0.554688 0.914062 1552 0.539062 0.914062 1576 0.554688 0.929688 1554 0.570312 0.914062 1535 0.554688 0.898438 
1557 0.648438 0.914062 1556 0.632812 0.914062 1580 0.648438 0.929688 1558 0.664062 0.914062 1537 0.648438 0.898438 
1561 0.882812 0.914062 1560 0.867188 0.914062 1582 0.882812 0.929688 1562 0.898438 0.914062 1543 0.882812 0.898438 
1564 0.929688 0.914062 1563 0.914062 0.914062 1585 0.929688 0.929688 1565 0.945312 0.914062 1544 0.929688 0.898438 
1567 0.976562 0.914062 1566 0.960938 0.914062 1586 0.976562 0.929688 1568 0.992188 0.914062 1545 0.976562 0.898438 
1575 0.539062 0.929688 1574 0.523438 0.929688 1602 0.539062 0.945312 1576 0.554688 0.929688 1552 0.539062 0.914062 
1578 0.601562 0.929688 1577 0.585938 0.929688 1603 0.601562 0.945312 1579 0.617188 0.929688 1555 0.601562 0.914062 
1584 0.914062 0.929688 1583 0.898438 0.929688 1610 0.914062 0.945312 1585 0.929688 0.929688 1563 0.914062 0.914062 
1589 0.132812 0.945312 1588 0.117188 0.945312 1615 0.132812 0.960938 1590 0.148438 0.945312 1569 0.132812 0.929688 
1594 0.335938 0.945312 1593 0.320312 0.945312 1623 0.335938 0.960938 1595 0.351562 0.945312 1571 0.335938 0.929688 
1597 0.382812 0.945312 1596 0.367188 0.945312 1625 0.382812 0.960938 1598 0.398438 0.945312 1572 0.382812 0.929688 
1600 0.429688 0.945312 1599 0.414062 0.945312 1626 0.429688 0.960938 1601 0.445312 0.945312 1573 0.429688 0.929688 
1607 0.757812 0.945312 1606 0.742188 0.945312 1636 0.757812 0.960938 1608 0.773438 0.945312 1581 0.757812 0.929688 
1613 0.101562 0.960938 1612 0.085938 0.960938 1645 0.101562 0.976562 1614 0.117188 0.960938 1587 0.101562 0.945312 
1619 0.273438 0.960938 1618 0.257812 0.960938 1653 0.273438 0.976562 1620 0.289062 0.960938 1591 0.273438 0.945312 
1621 0.304688 0.960938 1620 0.289062 0.960938 1655 0.304688 0.976562 1622 0.320312 0.960938 1592 0.304688 0.945312 
1631 0.664062 0.960938 1630 0.648438 0.960938 1667 0.664062 0.976562 1632 0.679688 0.960938 1604 0.664062 0.945312 
1634 0.726562 0.960938 1633 0.710938 0.960938 1668 0.726562 0.976562 1635 0.742188 0.960938 1605 0.726562 0.945312 
1638 0.898438 0.960938 1637 0.882812 0.960938 1669 0.898438 0.976562 1639 0.914062 0.960938 1609 0.898438 0.945312 
1642 0.054688 0.976562 1641 0.039062 0.976562 1674 0.054688 0.992188 1643 0.070312 0.976562 1611 0.054688 0.960938 
1646 0.117188 0.976562 1645 0.101562 0.976562 1678 0.117188 0.992188 1647 0.132812 0.976562 1614 0.117188 0.960938 
1649 0.210938 0.976562 1648 0.195312 0.976562 1680 0.210938 0.992188 1650 0.226562 0.976562 1616 0.210938 0.960938 
1650 0.226562 0.976562 1649 0.210938 0.976562 1681 0.226562 0.992188 1651 0.242188 0.976562 1617 0.226562 0.960938 
1652 0.257812 0.976562 1651 0.242188 0.976562 1682 0.257812 0.992188 1653 0.273438 0.976562 1618 0.257812 0.960938 
1653 0.273438 0.976562 1652 0.257812 0.976562 1683 0.273438 0.992188 1654 0.289062 0.976562 1619 0.273438 0.960938 
1657 0.351562 0.976562 1656 0.335938 0.976562 1684 0.351562 0.992188 1658 0.367188 0.976562 1624 0.351562 0.960938 
1661 0.460938 0.976562 1660 0.445312 0.976562 1688 0.460938 0.992188 1662 0.476562 0.976562 1627 0.460938 0.960938 
1664 0.507812 0.976562 1663 0.492188 0.976562 1689 0.507812 0.992188 1665 0.523438 0.976562 1628 0.507812 0.960938 
1665 0.523438 0.976562 1664 0.507812 0.976562 1690 0.523438 0.992188 1666 0.539062 0.976562 1629 0.523438 0.960938 
1672 0.023438 0.992188 1671 0.007812 0.992188 1 0.023438 0.007812 1673 0.039062 0.992188 1640 0.023438 0.976562 
1676 0.085938 0.992188 1675 0.070312 0.992188 4 0.085938 0.007812 1677 0.101562 0.992188 1644 0.085938 0.976562 
1678 0.117188 0.992188 1677 0.101562 0.992188 5 0.117188 0.007812 1679 0.132812 0.992188 1646 0.117188 0.976562 
1686 0.414062 0.992188 1685 0.398438 0.992188 7 0.414062 0.007812 1687 0.429688 0.992188 1659 0.414062 0.976562 
1696 0.945312 0.992188 1695 0.929688 0.992188 24 0.945312 0.007812 1697 0.960938 0.992188 1670 0.945312 0.976562 
