0 0
1 1
2 2
3 3
4 4
5 8
6 18
7 28
8 30
9 32
10 33
11 34
12 35
13 39
14 45
15 46
16 47
17 48
18 49
19 53
20 57
21 59
22 62
23 64
24 66
25 67
26 68
27 69
28 70
29 75
30 77
31 81
32 83
33 88
34 91
35 92
36 93
37 94
38 95
39 98
40 99
41 106
42 107
43 108
44 109
45 111
46 115
47 116
48 117
49 118
50 122
51 124
52 126
53 129
54 138
55 141
56 143
57 145
58 147
59 149
60 156
61 160
62 163
63 165
64 172
65 174
66 176
67 178
68 182
69 183
70 184
71 185
72 187
73 191
74 192
75 193
76 194
77 196
78 198
79 202
80 204
81 210
82 212
83 216
84 219
85 223
86 224
87 225
88 233
89 240
90 241
91 246
92 248
93 253
94 254
95 255
96 256
97 258
98 260
99 262
100 264
101 268
102 269
103 270
104 277
105 279
106 284
107 286
108 287
109 288
110 289
111 292
112 294
113 300
114 301
115 302
116 304
117 308
118 310
119 312
120 316
121 317
122 318
123 319
124 335
125 337
126 338
127 339
128 341
129 342
130 344
131 346
132 351
133 353
134 354
135 355
136 356
137 358
138 360
139 362
140 370
141 374
142 376
143 378
144 390
145 393
146 395
147 398
148 408
149 409
150 410
151 412
152 415
153 416
154 417
155 418
156 419
157 426
158 427
159 428
160 429
161 430
162 432
163 434
164 442
165 444
166 446
167 448
168 451
169 453
170 455
171 456
172 458
173 467
174 469
175 470
176 472
177 474
178 475
179 478
180 480
181 489
182 490
183 492
184 493
185 494
186 495
187 496
188 497
189 502
190 504
191 506
192 508
193 510
194 512
195 514
196 516
197 520
198 522
199 536
200 537
201 539
202 540
203 541
204 542
205 544
206 545
207 553
208 554
209 555
210 556
211 558
212 559
213 560
214 561
215 562
216 568
217 570
218 572
219 577
220 580
221 582
222 584
223 586
224 587
225 588
226 589
227 594
228 596
229 597
230 599
231 602
232 604
233 607
234 608
235 610
236 612
237 613
238 615
239 616
240 617
241 618
242 621
243 622
244 623
245 624
246 626
247 627
248 628
249 629
250 630
251 631
252 634
253 636
254 637
255 638
256 639
257 640
258 642
259 644
260 646
261 650
262 651
263 652
264 653
265 654
266 656
267 658
268 659
269 660
270 661
271 663
272 666
273 669
274 672
275 673
276 674
277 675
278 676
279 677
280 678
281 679
282 680
283 685
284 686
285 687
286 689
287 690
288 695
289 696
290 698
291 700
292 702
293 704
294 708
295 711
296 714
297 718
298 727
299 728
300 730
301 732
302 733
303 735
304 736
305 737
306 738
307 740
308 742
309 743
310 745
311 748
312 749
313 750
314 763
315 765
316 766
317 767
318 768
319 771
320 772
321 773
322 774
323 776
324 778
325 780
326 783
327 784
328 785
329 786
330 787
331 788
332 789
333 790
334 792
335 794
336 796
337 805
338 807
339 809
340 815
341 816
342 817
343 818
344 819
345 821
346 824
347 826
348 827
349 828
350 829
351 830
352 836
353 838
354 842
355 843
356 844
357 845
358 861
359 863
360 865
361 867
362 868
363 873
364 874
365 875
366 876
367 879
368 881
369 882
370 890
371 891
372 892
373 897
374 898
375 899
376 900
377 902
378 903
379 908
380 920
381 925
382 927
383 928
384 929
385 931
386 932
387 933
388 934
389 940
390 942
391 943
392 945
393 947
394 948
395 949
396 950
397 951
398 952
399 953
400 954
401 958
402 959
403 960
404 962
405 965
406 968
407 977
408 978
409 979
410 980
411 981
412 982
413 988
414 989
415 990
416 991
417 994
418 996
419 1006
420 1008
421 1010
422 1012
423 1013
424 1016
425 1017
426 1018
427 1019
428 1020
429 1021
430 1022
431 1030
432 1033
433 1035
434 1037
435 1038
436 1040
437 1047
438 1048
439 1049
440 1050
441 1052
442 1053
443 1054
444 1055
445 1058
446 1059
447 1060
448 1063
449 1065
450 1068
451 1070
452 1071
453 1072
454 1080
455 1086
456 1090
457 1092
458 1097
459 1099
460 1101
461 1102
462 1103
463 1105
464 1106
465 1107
466 1109
467 1111
468 1112
469 1113
470 1114
471 1115
472 1116
473 1122
474 1124
475 1125
476 1127
477 1129
478 1130
479 1132
480 1134
481 1138
482 1140
483 1142
484 1144
485 1146
486 1159
487 1165
488 1166
489 1167
490 1168
491 1169
492 1171
493 1172
494 1173
495 1174
496 1176
497 1180
498 1182
499 1186
500 1193
501 1196
502 1197
503 1198
504 1199
505 1201
506 1202
507 1203
508 1207
509 1209
510 1210
511 1211
512 1212
513 1213
514 1218
515 1220
516 1225
517 1227
518 1228
519 1230
520 1232
521 1234
522 1236
523 1237
524 1239
525 1240
526 1242
527 1244
528 1245
529 1247
530 1248
531 1252
532 1254
533 1257
534 1259
535 1267
536 1271
537 1272
538 1280
539 1284
540 1286
541 1288
542 1291
543 1293
544 1295
545 1297
546 1298
547 1299
548 1300
549 1301
550 1302
551 1304
552 1305
553 1307
554 1310
555 1312
556 1313
557 1320
558 1321
559 1322
560 1323
561 1324
562 1329
563 1330
564 1331
565 1332
566 1334
567 1336
568 1338
569 1339
570 1340
571 1342
572 1344
573 1347
574 1356
575 1361
576 1365
577 1367
578 1369
579 1371
580 1372
581 1373
582 1374
583 1375
584 1376
585 1382
586 1384
587 1388
588 1390
589 1392
590 1398
591 1400
592 1402
593 1405
594 1406
595 1408
596 1411
597 1413
598 1414
599 1415
600 1416
601 1417
602 1419
603 1424
604 1426
605 1427
606 1428
607 1430
608 1435
609 1438
610 1440
611 1443
612 1445
613 1447
614 1449
615 1451
616 1452
617 1453
618 1454
619 1462
620 1464
621 1467
622 1469
623 1473
624 1480
625 1496
626 1498
627 1500
628 1501
629 1502
630 1503
631 1506
632 1508
633 1510
634 1511
635 1513
636 1514
637 1516
638 1518
639 1519
640 1521
641 1523
642 1524
643 1525
644 1535
645 1536
646 1537
647 1538
648 1543
649 1545
650 1546
651 1548
652 1553
653 1557
654 1562
655 1564
656 1583
657 1585
658 1590
659 1592
660 1595
661 1596
662 1597
663 1598
664 1605
665 1606
666 1607
667 1608
668 1610
669 1612
670 1613
671 1616
672 1618
673 1619
674 1621
675 1623
676 1625
677 1626
678 1627
679 1628
680 1633
681 1635
682 1636
683 1637
684 1638
685 1647
686 1649
687 1650
688 1652
689 1658
690 1660
691 1662
692 1664
693 1665
694 1666
695 1667
696 1668
697 1669
698 1671
699 1674
700 1676
701 1679
702 1680
703 1681
704 1688
705 1690
706 1711
707 1712
708 1717
709 1719
710 1721
711 1726
712 1727
713 1728
714 1729
715 1730
716 1733
717 1735
718 1737
719 1739
720 1741
721 1744
722 1746
723 1751
724 1753
725 1755
726 1758
727 1760
728 1765
729 1767
730 1768
731 1772
732 1774
733 1776
734 1778
735 1780
736 1784
737 1786
738 1792
739 1793
740 1794
741 1795
742 1797
743 1799
744 1800
745 1801
746 1806
747 1808
748 1809
749 1810
750 1811
751 1813
752 1815
753 1820
754 1822
755 1826
756 1828
757 1829
758 1830
759 1831
760 1832
761 1837
762 1839
763 1841
764 1845
765 1847
766 1848
767 1853
768 1855
769 1861
770 1862
771 1864
772 1866
773 1871
774 1873
775 1880
776 1885
777 1887
778 1888
779 1889
780 1890
781 1891
782 1894
783 1895
784 1896
785 1897
786 1898
787 1900
788 1902
789 1904
790 1906
791 1914
792 1915
793 1916
794 1917
795 1919
796 1923
797 1924
798 1926
799 1930
800 1932
801 1933
802 1937
803 1944
804 1950
805 1951
806 1953
807 1959
808 1961
809 1969
810 1970
811 1972
812 1975
813 1977
814 1985
815 1986
816 1987
817 1988
818 1990
819 1991
820 1992
821 1993
822 2004
823 2006
824 2011
825 2013
826 2014
827 2015
828 2016
829 2018
830 2019
831 2020
832 2021
833 2022
834 2024
835 2030
836 2032
837 2039
838 2040
839 2041
840 2043
841 2045
842 2048
843 2049
844 2050
845 2051
846 2052
847 2053
848 2055
849 2056
850 2057
851 2058
852 2059
853 2060
854 2061
855 2063
856 2065
857 2068
858 2070
859 2071
860 2072
861 2073
862 2076
863 2078
864 2079
865 2094
866 2095
867 2096
868 2097
869 2103
870 2105
871 2107
872 2109
873 2111
874 2116
875 2118
876 2120
877 2121
878 2126
879 2128
880 2139
881 2141
882 2143
883 2144
884 2145
885 2149
886 2151
887 2157
888 2159
889 2160
890 2162
891 2168
892 2169
893 2170
894 2171
895 2172
896 2180
897 2182
898 2183
899 2184
900 2187
901 2193
902 2195
903 2198
904 2200
905 2202
906 2203
907 2206
908 2208
909 2209
910 2211
911 2225
912 2226
913 2227
914 2233
915 2235
916 2237
917 2239
918 2242
919 2243
920 2244
921 2245
922 2247
923 2250
924 2252
925 2253
926 2254
927 2255
928 2260
929 2263
930 2265
931 2273
932 2276
933 2278
934 2279
935 2281
936 2283
937 2284
938 2285
939 2286
940 2290
941 2291
942 2292
943 2294
944 2303
945 2304
946 2305
947 2310
948 2312
949 2314
950 2316
951 2317
952 2319
953 2321
954 2323
955 2328
956 2329
957 2330
958 2334
959 2336
960 2337
961 2338
962 2339
963 2340
964 2341
965 2342
966 2344
967 2346
968 2348
969 2350
970 2352
971 2354
972 2355
973 2356
974 2357
975 2360
976 2361
977 2362
978 2369
979 2371
980 2373
981 2375
982 2377
983 2378
984 2379
985 2380
986 2381
987 2383
988 2388
989 2390
990 2392
991 2396
992 2398
993 2401
994 2408
995 2409
996 2410
997 2411
998 2417
999 2421
1000 2422
1001 2427
1002 2428
1003 2429
1004 2430
1005 2432
1006 2434
1007 2440
1008 2441
1009 2442
1010 2443
1011 2447
1012 2449
1013 2450
1014 2461
1015 2463
1016 2465
1017 2467
1018 2468
1019 2469
1020 2472
1021 2473
1022 2474
1023 2475
1024 2476
1025 2478
1026 2479
1027 2480
1028 2481
1029 2482
1030 2483
1031 2486
1032 2488
1033 2490
1034 2494
1035 2495
1036 2499
1037 2501
1038 2507
1039 2509
1040 2511
1041 2513
1042 2515
1043 2516
1044 2518
1045 2520
1046 2521
1047 2523
1048 2525
1049 2528
1050 2530
1051 2532
1052 2541
1053 2543
1054 2545
1055 2550
1056 2557
1057 2559
1058 2561
1059 2562
1060 2563
1061 2564
1062 2567
1063 2568
1064 2569
1065 2570
1066 2574
1067 2576
1068 2577
1069 2578
1070 2579
1071 2582
1072 2583
1073 2589
1074 2590
1075 2591
1076 2592
1077 2593
1078 2594
1079 2603
1080 2605
1081 2609
1082 2610
1083 2612
1084 2613
1085 2614
1086 2615
1087 2616
1088 2617
1089 2620
1090 2621
1091 2622
1092 2623
1093 2624
1094 2625
1095 2626
1096 2627
1097 2628
1098 2629
1099 2630
1100 2631
1101 2632
1102 2634
1103 2636
1104 2637
1105 2638
1106 2639
1107 2641
1108 2642
1109 2644
1110 2652
1111 2653
1112 2654
1113 2655
1114 2657
1115 2659
1116 2661
1117 2662
1118 2663
1119 2664
1120 2665
1121 2666
1122 2667
1123 2676
1124 2678
1125 2684
1126 2686
1127 2688
1128 2689
1129 2694
1130 2696
1131 2697
1132 2699
1133 2707
1134 2708
1135 2709
1136 2710
1137 2711
1138 2712
1139 2713
1140 2718
1141 2720
1142 2722
1143 2723
1144 2725
1145 2726
1146 2727
1147 2728
1148 2729
1149 2733
1150 2735
1151 2736
1152 2738
1153 2742
1154 2744
1155 2745
1156 2747
1157 2751
1158 2753
1159 2755
1160 2757
1161 2758
1162 2760
1163 2761
1164 2762
1165 2763
1166 2764
1167 2765
1168 2766
1169 2771
1170 2773
1171 2774
1172 2776
1173 2777
1174 2778
1175 2780
1176 2781
1177 2782
1178 2783
1179 2784
1180 2785
1181 2786
1182 2787
1183 2788
1184 2790
1185 2797
1186 2799
1187 2800
1188 2801
1189 2803
1190 2805
1191 2807
1192 2811
1193 2828
1194 2830
1195 2833
1196 2834
1197 2835
1198 2836
1199 2837
1200 2839
1201 2847
1202 2855
1203 2856
1204 2857
1205 2858
1206 2859
1207 2860
1208 2861
1209 2863
1210 2870
1211 2871
1212 2872
1213 2873
1214 2883
1215 2884
1216 2885
1217 2886
1218 2887
1219 2888
1220 2894
1221 2897
1222 2898
1223 2900
1224 2901
1225 2903
1226 2910
1227 2911
1228 2912
1229 2913
1230 2914
1231 2916
1232 2923
1233 2925
1234 2926
1235 2927
1236 2928
1237 2929
1238 2930
1239 2932
1240 2933
1241 2935
1242 2936
1243 2937
1244 2938
1245 2939
1246 2940
1247 2941
1248 2942
1249 2943
1250 2946
1251 2948
1252 2949
1253 2950
1254 2951
1255 2952
1256 2953
1257 2955
1258 2957
1259 2959
1260 2965
1261 2967
1262 2978
1263 2980
1264 2982
1265 2986
1266 2987
1267 2988
1268 2990
1269 2999
1270 3001
1271 3010
1272 3011
1273 3012
1274 3013
1275 3014
1276 3015
1277 3024
1278 3025
1279 3026
1280 3027
1281 3030
1282 3032
1283 3034
1284 3035
1285 3037
1286 3038
1287 3039
1288 3040
1289 3041
1290 3042
1291 3043
1292 3044
1293 3045
1294 3047
1295 3048
1296 3050
1297 3051
1298 3053
1299 3054
1300 3064
1301 3066
1302 3068
1303 3070
1304 3072
1305 3077
1306 3079
1307 3080
1308 3082
1309 3084
1310 3086
1311 3087
1312 3088
1313 3089
1314 3090
1315 3091
1316 3092
1317 3094
1318 3095
1319 3096
1320 3097
1321 3102
1322 3103
1323 3105
1324 3106
1325 3107
1326 3109
1327 3110
1328 3111
1329 3112
1330 3115
1331 3117
1332 3120
1333 3123
1334 3136
1335 3138
1336 3140
1337 3143
1338 3144
1339 3145
1340 3148
1341 3150
1342 3152
1343 3157
1344 3165
1345 3167
1346 3168
1347 3169
1348 3171
1349 3182
1350 3184
1351 3186
1352 3188
1353 3190
1354 3195
1355 3197
1356 3199
1357 3200
1358 3201
1359 3205
1360 3212
1361 3213
1362 3214
1363 3215
1364 3228
1365 3237
1366 3242
1367 3247
1368 3254
1369 3255
1370 3256
1371 3257
1372 3260
1373 3262
1374 3264
1375 3266
1376 3267
1377 3269
1378 3270
1379 3275
1380 3276
1381 3278
1382 3280
1383 3283
1384 3284
1385 3285
1386 3286
1387 3291
1388 3292
1389 3293
1390 3294
1391 3296
1392 3298
1393 3303
1394 3304
1395 3305
1396 3306
1397 3308
1398 3310
1399 3312
1400 3317
1401 3319
1402 3321
1403 3324
1404 3326
1405 3327
1406 3328
1407 3330
1408 3331
1409 3333
1410 3339
1411 3341
1412 3342
1413 3344
1414 3346
1415 3348
1416 3350
1417 3352
1418 3354
1419 3359
1420 3361
1421 3363
1422 3364
1423 3366
1424 3367
1425 3369
1426 3377
1427 3390
1428 3391
1429 3392
1430 3393
1431 3399
1432 3401
1433 3404
1434 3406
1435 3409
1436 3411
1437 3412
1438 3414
1439 3417
1440 3418
1441 3419
1442 3420
1443 3425
1444 3427
1445 3428
1446 3429
1447 3430
1448 3431
1449 3432
1450 3434
1451 3437
1452 3439
1453 3440
1454 3442
1455 3449
1456 3450
1457 3457
1458 3458
1459 3462
1460 3464
1461 3469
1462 3472
1463 3474
1464 3475
1465 3476
1466 3477
1467 3478
1468 3480
1469 3485
1470 3490
1471 3491
1472 3493
1473 3499
1474 3501
1475 3505
1476 3510
1477 3512
1478 3513
1479 3514
1480 3515
1481 3516
1482 3518
1483 3522
1484 3524
1485 3528
1486 3529
1487 3531
1488 3532
1489 3533
1490 3535
1491 3537
1492 3543
1493 3544
1494 3545
1495 3546
1496 3547
1497 3559
1498 3562
1499 3564
1500 3580
1501 3585
1502 3586
1503 3593
1504 3595
1505 3596
1506 3598
1507 3606
1508 3608
1509 3610
1510 3612
1511 3613
1512 3617
1513 3618
1514 3619
1515 3620
1516 3625
1517 3626
1518 3627
1519 3628
1520 3632
1521 3634
1522 3637
1523 3639
1524 3640
1525 3642
1526 3644
1527 3645
1528 3648
1529 3652
1530 3653
1531 3654
1532 3655
1533 3658
1534 3660
1535 3669
1536 3673
1537 3674
1538 3675
1539 3676
1540 3677
1541 3683
1542 3684
1543 3686
1544 3688
1545 3691
1546 3692
1547 3693
1548 3695
1549 3698
1550 3699
1551 3701
1552 3702
1553 3703
1554 3704
1555 3707
1556 3716
1557 3717
1558 3720
1559 3722
1560 3724
1561 3728
1562 3729
1563 3730
1564 3731
1565 3732
1566 3734
1567 3750
1568 3752
1569 3753
1570 3755
1571 3756
1572 3757
1573 3758
1574 3763
1575 3765
1576 3766
1577 3767
1578 3768
1579 3782
1580 3785
1581 3799
1582 3801
1583 3806
1584 3816
1585 3817
1586 3818
1587 3819
1588 3820
1589 3822
1590 3826
1591 3831
1592 3832
1593 3833
1594 3839
1595 3841
1596 3843
1597 3845
1598 3847
1599 3848
1600 3849
1601 3855
1602 3856
1603 3857
1604 3858
1605 3860
1606 3862
1607 3864
1608 3865
1609 3866
1610 3867
1611 3872
1612 3873
1613 3874
1614 3875
1615 3877
1616 3878
1617 3879
1618 3881
1619 3883
1620 3889
1621 3890
1622 3891
1623 3892
1624 3893
1625 3896
1626 3898
1627 3904
1628 3906
1629 3908
1630 3910
1631 3929
1632 3931
1633 3933
1634 3935
1635 3942
1636 3944
1637 3956
1638 3958
1639 3961
1640 3962
1641 3963
1642 3965
1643 3969
1644 3970
1645 3971
1646 3972
1647 3977
1648 3982
1649 3984
1650 3996
1651 4002
1652 4004
1653 4008
1654 4009
1655 4010
1656 4013
1657 4015
1658 4017
1659 4023
1660 4024
1661 4025
1662 4026
1663 4027
1664 4034
1665 4036
1666 4038
1667 4041
1668 4043
1669 4045
1670 4046
1671 4048
1672 4050
1673 4051
1674 4052
1675 4053
1676 4055
1677 4056
1678 4058
1679 4060
1680 4061
1681 4063
1682 4067
1683 4069
1684 4071
1685 4073
1686 4074
1687 4076
1688 4078
1689 4080
1690 4082
1691 4083
1692 4084
1693 4085
1694 4086
1695 4088
1696 4090
1697 4097
1698 4099
1699 4107
1700 4109
1701 4111
1702 4113
1703 4120
1704 4122
1705 4124
1706 4126
1707 4141
1708 4144
1709 4145
1710 4146
1711 4148
1712 4149
1713 4151
1714 4152
1715 4154
1716 4155
1717 4156
1718 4157
1719 4158
1720 4159
1721 4161
1722 4170
1723 4172
1724 4176
1725 4178
1726 4181
1727 4183
1728 4184
1729 4189
1730 4190
1731 4191
1732 4193
1733 4195
1734 4197
1735 4199
1736 4203
1737 4205
1738 4207
1739 4218
1740 4220
1741 4224
1742 4226
1743 4228
1744 4242
1745 4245
1746 4247
1747 4249
1748 4251
1749 4253
1750 4255
1751 4258
1752 4260
1753 4262
1754 4267
1755 4268
1756 4270
1757 4272
1758 4281
1759 4291
1760 4293
1761 4295
1762 4297
1763 4308
1764 4311
1765 4313
1766 4325
1767 4326
1768 4327
1769 4329
1770 4330
1771 4331
1772 4332
1773 4335
1774 4336
1775 4337
1776 4338
1777 4340
1778 4341
1779 4342
1780 4344
1781 4345
1782 4346
1783 4351
1784 4353
1785 4356
1786 4358
1787 4360
1788 4363
1789 4365
1790 4367
1791 4368
1792 4370
1793 4374
1794 4375
1795 4376
1796 4377
1797 4378
1798 4379
1799 4380
1800 4381
1801 4382
1802 4384
1803 4386
1804 4391
1805 4393
1806 4395
1807 4406
1808 4408
1809 4410
1810 4412
1811 4414
1812 4428
1813 4430
1814 4431
1815 4433
1816 4435
1817 4437
1818 4439
1819 4441
1820 4442
1821 4443
1822 4444
1823 4447
1824 4448
1825 4449
1826 4450
1827 4453
1828 4455
1829 4458
1830 4460
1831 4467
1832 4469
1833 4476
1834 4477
1835 4478
1836 4479
1837 4480
1838 4482
1839 4484
1840 4490
1841 4492
1842 4494
1843 4496
1844 4497
1845 4499
1846 4507
1847 4509
1848 4513
1849 4514
1850 4518
1851 4519
1852 4520
1853 4521
1854 4522
1855 4523
1856 4525
1857 4528
1858 4529
1859 4530
1860 4531
1861 4532
1862 4533
1863 4534
1864 4535
1865 4541
1866 4543
1867 4544
1868 4545
1869 4546
1870 4548
1871 4552
1872 4553
1873 4554
1874 4555
1875 4556
1876 4557
1877 4559
1878 4564
1879 4565
1880 4567
1881 4568
1882 4572
1883 4573
1884 4574
1885 4575
1886 4579
1887 4580
1888 4581
1889 4582
1890 4583
1891 4584
1892 4586
1893 4588
1894 4596
1895 4597
1896 4598
1897 4599
1898 4600
1899 4607
1900 4610
1901 4612
1902 4616
1903 4618
1904 4619
1905 4620
1906 4621
1907 4622
1908 4625
1909 4627
1910 4629
1911 4634
1912 4639
1913 4656
1914 4658
1915 4663
1916 4665
1917 4668
1918 4669
1919 4671
1920 4672
1921 4674
1922 4680
1923 4682
1924 4689
1925 4691
1926 4693
1927 4695
1928 4697
1929 4699
1930 4704
1931 4705
1932 4706
1933 4707
1934 4710
1935 4712
1936 4713
1937 4715
1938 4716
1939 4717
1940 4718
1941 4720
1942 4722
1943 4724
1944 4726
1945 4728
1946 4730
1947 4732
1948 4733
1949 4735
1950 4736
1951 4737
1952 4738
1953 4740
1954 4742
1955 4745
1956 4746
1957 4747
1958 4748
1959 4751
1960 4756
1961 4757
1962 4758
1963 4759
1964 4760
1965 4762
1966 4764
1967 4766
1968 4767
1969 4768
1970 4770
1971 4772
1972 4774
1973 4775
1974 4777
1975 4778
1976 4779
1977 4780
1978 4781
1979 4783
1980 4788
1981 4790
1982 4791
1983 4798
1984 4800
1985 4801
1986 4806
1987 4812
1988 4815
1989 4816
1990 4817
1991 4819
1992 4823
1993 4825
1994 4826
1995 4827
1996 4828
1997 4830
1998 4831
1999 4833
2000 4835
2001 4839
2002 4841
2003 4843
2004 4845
2005 4852
2006 4853
2007 4854
2008 4855
2009 4856
2010 4859
2011 4862
2012 4864
2013 4865
2014 4866
2015 4867
2016 4868
2017 4869
2018 4870
2019 4876
2020 4878
2021 4881
2022 4883
2023 4885
2024 4889
2025 4893
2026 4895
2027 4900
2028 4901
2029 4902
2030 4903
2031 4904
2032 4908
2033 4909
2034 4911
2035 4913
2036 4914
2037 4918
2038 4920
2039 4922
2040 4923
2041 4924
2042 4925
2043 4927
2044 4928
2045 4929
2046 4933
2047 4934
2048 4935
2049 4936
2050 4940
2051 4942
2052 4944
2053 4946
2054 4947
2055 4949
2056 4963
2057 4965
2058 4968
2059 4970
2060 4972
2061 4974
2062 4976
2063 4977
2064 4978
2065 4979
2066 4982
2067 4984
2068 4987
2069 4989
2070 4996
2071 4997
2072 4998
2073 4999
2074 5000
2075 5001
2076 5004
2077 5006
2078 5010
2079 5012
2080 5013
2081 5014
2082 5015
2083 5016
2084 5017
2085 5019
2086 5021
2087 5023
2088 5024
2089 5025
2090 5026
2091 5028
2092 5031
2093 5039
2094 5041
2095 5043
2096 5045
2097 5047
2098 5050
2099 5052
2100 5053
2101 5054
2102 5057
2103 5059
2104 5063
2105 5065
2106 5067
2107 5074
2108 5076
2109 5078
2110 5081
2111 5082
2112 5084
2113 5087
2114 5089
2115 5090
2116 5091
2117 5092
2118 5093
2119 5100
2120 5102
2121 5103
2122 5104
2123 5108
2124 5110
2125 5111
2126 5113
2127 5114
2128 5115
2129 5116
2130 5120
2131 5124
2132 5125
2133 5128
2134 5129
2135 5130
2136 5131
2137 5133
2138 5134
2139 5136
2140 5138
2141 5142
2142 5144
2143 5149
2144 5151
2145 5160
2146 5162
2147 5164
2148 5168
2149 5170
2150 5177
2151 5178
2152 5179
2153 5180
2154 5181
2155 5182
2156 5183
2157 5184
2158 5193
2159 5195
2160 5196
2161 5197
2162 5198
2163 5199
2164 5200
2165 5201
2166 5203
2167 5215
2168 5216
2169 5217
2170 5218
2171 5219
2172 5221
2173 5223
2174 5225
2175 5227
2176 5228
2177 5229
2178 5230
2179 5233
2180 5235
2181 5241
2182 5243
2183 5245
2184 5247
2185 5249
2186 5254
2187 5255
2188 5256
2189 5257
2190 5258
2191 5262
2192 5264
2193 5269
2194 5271
2195 5272
2196 5274
2197 5278
2198 5280
2199 5283
2200 5285
2201 5286
2202 5288
2203 5290
2204 5294
2205 5302
2206 5303
2207 5304
2208 5307
2209 5308
2210 5309
2211 5320
2212 5321
2213 5322
2214 5323
2215 5324
2216 5326
2217 5328
2218 5329
2219 5330
2220 5331
2221 5333
2222 5335
2223 5337
2224 5346
2225 5348
2226 5349
2227 5350
2228 5351
2229 5355
2230 5366
2231 5368
2232 5374
2233 5382
2234 5384
2235 5386
2236 5387
2237 5388
2238 5390
2239 5391
2240 5393
2241 5394
2242 5396
2243 5399
2244 5401
2245 5402
2246 5403
2247 5404
2248 5405
2249 5406
2250 5407
2251 5409
2252 5411
2253 5413
2254 5423
2255 5424
2256 5425
2257 5427
2258 5429
2259 5431
2260 5434
2261 5436
2262 5438
2263 5441
2264 5448
2265 5449
2266 5450
2267 5451
2268 5453
2269 5455
2270 5457
2271 5470
2272 5480
2273 5484
2274 5486
2275 5488
2276 5492
2277 5494
2278 5496
2279 5500
2280 5502
2281 5503
2282 5504
2283 5505
2284 5506
2285 5508
2286 5510
2287 5512
2288 5516
2289 5518
2290 5520
2291 5529
2292 5530
2293 5531
2294 5532
2295 5534
2296 5536
2297 5545
2298 5547
2299 5556
2300 5558
2301 5559
2302 5563
2303 5565
2304 5574
2305 5576
2306 5578
2307 5580
2308 5582
2309 5584
2310 5592
2311 5594
2312 5595
2313 5596
2314 5597
2315 5599
2316 5601
2317 5604
2318 5607
2319 5609
2320 5611
2321 5613
2322 5614
2323 5616
2324 5617
2325 5618
2326 5620
2327 5623
2328 5625
2329 5633
2330 5634
2331 5635
2332 5636
2333 5637
2334 5639
2335 5641
2336 5643
2337 5645
2338 5646
2339 5647
2340 5648
2341 5649
2342 5651
2343 5653
2344 5660
2345 5661
2346 5663
2347 5665
2348 5674
2349 5676
2350 5678
2351 5679
2352 5680
2353 5681
2354 5682
2355 5686
2356 5688
2357 5690
2358 5692
2359 5706
2360 5708
2361 5710
2362 5714
2363 5715
2364 5716
2365 5718
2366 5719
2367 5721
2368 5722
2369 5724
2370 5729
2371 5731
2372 5732
2373 5734
2374 5736
2375 5738
2376 5740
2377 5742
2378 5743
2379 5744
2380 5745
2381 5746
2382 5748
2383 5750
2384 5763
2385 5765
2386 5767
2387 5770
2388 5771
2389 5772
2390 5773
2391 5775
2392 5777
2393 5788
2394 5794
2395 5796
2396 5800
2397 5802
2398 5806
2399 5809
2400 5812
2401 5813
2402 5814
2403 5815
2404 5816
2405 5818
2406 5824
2407 5826
2408 5834
2409 5837
2410 5839
2411 5846
2412 5848
2413 5849
2414 5851
2415 5853
2416 5855
2417 5857
2418 5861
2419 5862
2420 5863
2421 5864
2422 5866
2423 5874
2424 5876
2425 5877
2426 5879
2427 5881
2428 5882
2429 5883
2430 5884
2431 5890
2432 5891
2433 5892
2434 5893
2435 5894
2436 5895
2437 5900
2438 5902
2439 5924
2440 5928
2441 5929
2442 5930
2443 5931
2444 5932
2445 5934
2446 5935
2447 5936
2448 5938
2449 5947
2450 5948
2451 5950
2452 5952
2453 5954
2454 5956
2455 5959
2456 5961
2457 5962
2458 5964
2459 5966
2460 5972
2461 5973
2462 5974
2463 5975
2464 5979
2465 5981
2466 5982
2467 5983
2468 5984
2469 5991
2470 5993
2471 5998
2472 6000
2473 6004
2474 6006
2475 6010
2476 6012
2477 6017
2478 6018
2479 6019
2480 6022
2481 6024
2482 6025
2483 6027
2484 6029
2485 6030
2486 6031
2487 6033
2488 6035
2489 6042
2490 6044
2491 6046
2492 6052
2493 6054
2494 6057
2495 6059
2496 6061
2497 6063
2498 6064
2499 6066
2500 6068
2501 6071
2502 6073
2503 6075
2504 6079
2505 6080
2506 6081
2507 6082
2508 6083
2509 6084
2510 6092
2511 6094
2512 6095
2513 6097
2514 6099
2515 6100
2516 6101
2517 6102
2518 6106
2519 6108
2520 6110
2521 6111
2522 6112
2523 6113
2524 6114
2525 6115
2526 6116
2527 6117
2528 6120
2529 6122
2530 6124
2531 6126
2532 6138
2533 6140
2534 6142
2535 6144
2536 6153
2537 6154
2538 6155
2539 6163
2540 6165
2541 6167
2542 6169
2543 6172
2544 6174
2545 6176
2546 6178
2547 6181
2548 6182
2549 6183
2550 6184
2551 6194
2552 6195
2553 6199
2554 6201
2555 6203
2556 6204
2557 6205
2558 6211
2559 6213
2560 6215
2561 6220
2562 6222
2563 6232
2564 6234
2565 6238
2566 6239
2567 6240
2568 6245
2569 6247
2570 6250
2571 6252
2572 6255
2573 6262
2574 6264
2575 6266
2576 6275
2577 6276
2578 6277
2579 6285
2580 6288
2581 6290
2582 6292
2583 6293
2584 6294
2585 6295
2586 6297
2587 6304
2588 6306
2589 6308
2590 6315
2591 6316
2592 6317
2593 6323
2594 6324
2595 6325
2596 6326
2597 6328
2598 6330
2599 6333
2600 6334
2601 6335
2602 6336
2603 6338
2604 6339
2605 6342
2606 6344
2607 6348
2608 6352
2609 6354
2610 6355
2611 6357
2612 6362
2613 6363
2614 6365
2615 6373
2616 6375
2617 6376
2618 6378
2619 6389
2620 6398
2621 6400
2622 6402
2623 6407
2624 6408
2625 6415
2626 6416
2627 6417
2628 6418
2629 6419
2630 6420
2631 6421
2632 6425
2633 6427
2634 6428
2635 6429
2636 6430
2637 6431
2638 6444
2639 6446
2640 6454
2641 6456
2642 6458
2643 6463
2644 6465
2645 6471
2646 6479
2647 6481
2648 6488
2649 6490
2650 6492
2651 6494
2652 6495
2653 6496
2654 6497
2655 6502
2656 6503
2657 6504
2658 6505
2659 6511
2660 6513
2661 6514
2662 6516
2663 6518
2664 6520
2665 6523
2666 6525
2667 6532
2668 6539
2669 6541
2670 6542
2671 6543
2672 6544
2673 6545
2674 6546
2675 6547
2676 6549
2677 6550
2678 6551
2679 6552
2680 6555
2681 6556
2682 6557
2683 6558
2684 6561
2685 6563
2686 6564
2687 6565
2688 6566
2689 6567
2690 6574
2691 6575
2692 6576
2693 6577
2694 6580
2695 6582
2696 6583
2697 6584
2698 6586
2699 6588
2700 6590
2701 6591
2702 6592
2703 6594
2704 6601
2705 6610
2706 6612
2707 6617
2708 6619
2709 6620
2710 6621
2711 6622
2712 6623
2713 6626
2714 6628
2715 6635
2716 6636
2717 6637
2718 6638
2719 6639
2720 6645
2721 6646
2722 6648
2723 6649
2724 6650
2725 6651
2726 6652
2727 6653
2728 6655
2729 6659
2730 6661
2731 6665
2732 6667
2733 6669
2734 6671
2735 6674
2736 6676
2737 6677
2738 6679
2739 6684
2740 6686
2741 6693
2742 6695
2743 6699
2744 6701
2745 6707
2746 6709
2747 6716
2748 6718
2749 6719
2750 6721
2751 6724
2752 6725
2753 6731
2754 6733
2755 6735
2756 6750
2757 6752
2758 6756
2759 6758
2760 6762
2761 6764
2762 6771
2763 6773
2764 6775
2765 6776
2766 6777
2767 6778
2768 6780
2769 6786
2770 6787
2771 6788
2772 6795
2773 6797
2774 6807
2775 6810
2776 6812
2777 6813
2778 6814
2779 6815
2780 6817
2781 6818
2782 6819
2783 6821
2784 6823
2785 6824
2786 6831
2787 6833
2788 6842
2789 6847
2790 6849
2791 6851
2792 6854
2793 6855
2794 6856
2795 6857
2796 6858
2797 6871
2798 6873
2799 6877
2800 6878
2801 6879
2802 6880
2803 6882
2804 6883
2805 6884
2806 6891
2807 6893
2808 6899
2809 6903
2810 6908
2811 6910
2812 6911
2813 6912
2814 6914
2815 6916
2816 6918
2817 6920
2818 6927
2819 6929
2820 6931
2821 6933
2822 6934
2823 6936
2824 6939
2825 6941
2826 6942
2827 6944
2828 6953
2829 6955
2830 6956
2831 6957
2832 6958
2833 6959
2834 6967
2835 6968
2836 6969
2837 6970
2838 6971
2839 6978
2840 6980
2841 6984
2842 6986
2843 6992
2844 6995
2845 6997
2846 7005
2847 7007
2848 7010
2849 7011
2850 7012
2851 7013
2852 7014
2853 7019
2854 7021
2855 7023
2856 7028
2857 7029
2858 7030
2859 7031
2860 7041
2861 7043
2862 7048
2863 7050
2864 7052
2865 7053
2866 7054
2867 7058
2868 7060
2869 7062
2870 7065
2871 7067
2872 7076
2873 7078
2874 7085
2875 7087
2876 7088
2877 7090
2878 7091
2879 7092
2880 7093
2881 7094
2882 7107
2883 7109
2884 7111
2885 7113
2886 7116
2887 7118
2888 7119
2889 7120
2890 7121
2891 7122
2892 7128
2893 7129
2894 7130
2895 7131
2896 7135
2897 7137
2898 7139
2899 7141
2900 7146
2901 7147
2902 7149
2903 7150
2904 7151
2905 7152
2906 7155
2907 7157
2908 7163
2909 7165
2910 7167
2911 7169
2912 7172
2913 7176
2914 7177
2915 7178
2916 7179
2917 7180
2918 7188
2919 7189
2920 7190
2921 7191
2922 7194
2923 7204
2924 7205
2925 7206
2926 7207
2927 7208
2928 7218
2929 7219
2930 7220
2931 7221
2932 7224
2933 7227
2934 7229
2935 7230
2936 7232
2937 7235
2938 7246
2939 7247
2940 7248
2941 7249
2942 7250
2943 7252
2944 7254
2945 7259
2946 7264
2947 7266
2948 7268
2949 7269
2950 7271
2951 7274
2952 7276
2953 7277
2954 7279
2955 7291
2956 7293
2957 7299
2958 7300
2959 7301
2960 7305
2961 7309
2962 7311
2963 7315
2964 7317
2965 7319
2966 7325
2967 7326
2968 7327
2969 7328
2970 7329
2971 7330
2972 7331
2973 7333
2974 7334
2975 7335
2976 7336
2977 7337
2978 7349
2979 7351
2980 7353
2981 7358
2982 7361
2983 7363
2984 7364
2985 7366
2986 7370
2987 7374
2988 7376
2989 7386
2990 7388
2991 7390
2992 7391
2993 7392
2994 7393
2995 7395
2996 7397
2997 7400
2998 7402
2999 7405
3000 7407
3001 7409
3002 7411
3003 7412
3004 7414
3005 7417
3006 7418
3007 7419
3008 7420
3009 7422
3010 7427
3011 7429
3012 7430
3013 7431
3014 7433
3015 7434
3016 7436
3017 7439
3018 7441
3019 7442
3020 7443
3021 7448
3022 7450
3023 7451
3024 7452
3025 7453
3026 7454
3027 7456
3028 7458
3029 7460
3030 7462
3031 7463
3032 7466
3033 7468
3034 7470
3035 7471
3036 7472
3037 7475
3038 7477
3039 7479
3040 7483
3041 7485
3042 7487
3043 7489
3044 7490
3045 7491
3046 7492
3047 7494
3048 7495
3049 7496
3050 7497
3051 7498
3052 7499
3053 7501
3054 7503
3055 7505
3056 7508
3057 7510
3058 7511
3059 7512
3060 7513
3061 7518
3062 7521
3063 7529
3064 7531
3065 7536
3066 7538
3067 7542
3068 7543
3069 7544
3070 7547
3071 7549
3072 7553
3073 7559
3074 7562
3075 7563
3076 7564
3077 7565
3078 7566
3079 7568
3080 7571
3081 7572
3082 7574
3083 7576
3084 7577
3085 7581
3086 7589
3087 7591
3088 7593
3089 7595
3090 7597
3091 7599
3092 7602
3093 7604
3094 7607
3095 7610
3096 7614
3097 7616
3098 7619
3099 7620
3100 7621
3101 7631
3102 7633
3103 7634
3104 7635
3105 7636
3106 7637
3107 7638
3108 7639
3109 7640
3110 7641
3111 7642
3112 7643
3113 7644
3114 7646
3115 7649
3116 7651
3117 7653
3118 7654
3119 7656
3120 7662
3121 7664
3122 7666
3123 7668
3124 7671
3125 7673
3126 7674
3127 7676
3128 7679
3129 7681
3130 7685
3131 7686
3132 7689
3133 7694
3134 7696
3135 7698
3136 7699
3137 7700
3138 7704
3139 7708
3140 7709
3141 7710
3142 7711
3143 7714
3144 7716
3145 7717
3146 7718
3147 7719
3148 7722
3149 7723
3150 7724
3151 7731
3152 7735
3153 7736
3154 7737
3155 7738
3156 7739
3157 7740
3158 7742
3159 7743
3160 7744
3161 7747
3162 7751
3163 7754
3164 7756
3165 7762
3166 7764
3167 7766
3168 7767
3169 7769
3170 7772
3171 7774
3172 7777
3173 7784
3174 7789
3175 7791
3176 7799
3177 7801
3178 7805
3179 7807
3180 7809
3181 7810
3182 7811
3183 7813
3184 7816
3185 7819
3186 7820
3187 7821
3188 7822
3189 7825
3190 7827
3191 7829
3192 7831
3193 7833
3194 7839
3195 7843
3196 7855
3197 7857
3198 7858
3199 7860
3200 7866
3201 7867
3202 7868
3203 7869
3204 7870
3205 7879
3206 7880
3207 7881
3208 7882
3209 7883
3210 7884
3211 7885
3212 7887
3213 7889
3214 7890
3215 7891
3216 7892
3217 7893
3218 7894
3219 7895
3220 7896
3221 7897
3222 7898
3223 7899
3224 7900
3225 7901
3226 7903
3227 7904
3228 7905
3229 7912
3230 7914
3231 7916
3232 7921
3233 7923
3234 7929
3235 7933
3236 7935
3237 7937
3238 7939
3239 7941
3240 7946
3241 7948
3242 7949
3243 7950
3244 7951
3245 7952
3246 7954
3247 7956
3248 7960
3249 7962
3250 7966
3251 7968
3252 7970
3253 7973
3254 7974
3255 7975
3256 7981
3257 7983
3258 7985
3259 7987
3260 7989
3261 7991
3262 7992
3263 7993
3264 7994
3265 7995
3266 7996
3267 7997
3268 7998
3269 7999
3270 8001
3271 8003
3272 8014
3273 8016
3274 8017
3275 8019
3276 8022
3277 8023
3278 8024
3279 8025
3280 8027
3281 8029
3282 8031
3283 8033
3284 8034
3285 8036
3286 8038
3287 8039
3288 8040
3289 8041
3290 8042
3291 8043
3292 8057
3293 8060
3294 8062
3295 8063
3296 8065
3297 8066
3298 8067
3299 8068
3300 8069
3301 8070
3302 8073
3303 8075
3304 8079
3305 8081
3306 8085
3307 8086
3308 8088
3309 8091
3310 8093
3311 8095
3312 8097
3313 8103
3314 8105
3315 8106
3316 8108
3317 8112
3318 8120
3319 8121
3320 8123
3321 8125
3322 8133
3323 8134
3324 8135
3325 8136
3326 8137
3327 8138
3328 8139
3329 8140
3330 8141
3331 8142
3332 8144
3333 8145
3334 8146
3335 8149
3336 8151
3337 8152
3338 8153
3339 8156
3340 8157
3341 8158
3342 8164
3343 8166
3344 8168
3345 8169
3346 8170
3347 8171
3348 8173
3349 8175
3350 8176
3351 8178
3352 8181
3353 8183
3354 8189
3355 8190
3356 8191
3357 8194
3358 8201
3359 8203
3360 8206
3361 8208
3362 8215
3363 8219
3364 8221
3365 8223
3366 8227
3367 8228
3368 8229
3369 8230
3370 8236
3371 8238
3372 8241
3373 8243
3374 8244
3375 8245
3376 8247
3377 8251
3378 8252
3379 8254
3380 8258
3381 8260
3382 8267
3383 8269
3384 8272
3385 8274
3386 8277
3387 8278
3388 8279
3389 8286
3390 8293
3391 8294
3392 8295
3393 8296
3394 8310
3395 8312
3396 8313
3397 8315
3398 8316
3399 8318
3400 8322
3401 8328
3402 8330
3403 8334
3404 8338
3405 8339
3406 8340
3407 8341
3408 8358
3409 8361
3410 8365
3411 8367
3412 8373
3413 8374
3414 8375
3415 8376
3416 8377
3417 8378
3418 8386
3419 8387
3420 8388
3421 8389
3422 8392
3423 8394
3424 8395
3425 8396
3426 8397
3427 8398
3428 8399
3429 8400
3430 8401
3431 8402
3432 8404
3433 8405
3434 8407
3435 8410
3436 8412
3437 8424
3438 8431
3439 8437
3440 8439
3441 8442
3442 8444
3443 8445
3444 8446
3445 8448
3446 8453
3447 8455
3448 8457
3449 8459
3450 8460
3451 8461
3452 8462
3453 8464
3454 8467
3455 8469
3456 8470
3457 8472
3458 8473
3459 8475
3460 8479
3461 8480
3462 8481
3463 8482
3464 8484
3465 8486
3466 8489
3467 8490
3468 8491
3469 8495
3470 8496
3471 8497
3472 8498
3473 8499
3474 8500
3475 8501
3476 8503
3477 8505
3478 8506
3479 8512
3480 8514
3481 8521
3482 8523
3483 8524
3484 8526
3485 8527
3486 8528
3487 8529
3488 8530
3489 8531
3490 8532
3491 8538
3492 8540
3493 8544
3494 8545
3495 8546
3496 8547
3497 8548
3498 8549
3499 8550
3500 8551
3501 8552
3502 8553
3503 8555
3504 8557
3505 8567
3506 8572
3507 8574
3508 8578
3509 8580
3510 8582
3511 8584
3512 8586
3513 8587
3514 8589
3515 8590
3516 8591
3517 8592
3518 8593
3519 8597
3520 8599
3521 8608
3522 8609
3523 8610
3524 8611
3525 8613
3526 8619
3527 8620
3528 8621
3529 8622
3530 8627
3531 8628
3532 8629
3533 8630
3534 8631
3535 8632
3536 8634
3537 8638
3538 8640
3539 8644
3540 8645
3541 8646
3542 8647
3543 8648
3544 8651
3545 8659
3546 8661
3547 8664
3548 8666
3549 8667
3550 8669
3551 8674
3552 8676
3553 8681
3554 8682
3555 8683
3556 8684
3557 8685
3558 8687
3559 8689
3560 8695
3561 8708
3562 8709
3563 8710
3564 8712
3565 8715
3566 8717
3567 8718
3568 8720
3569 8721
3570 8722
3571 8723
3572 8728
3573 8729
3574 8730
3575 8731
3576 8732
3577 8734
3578 8738
3579 8739
3580 8740
3581 8743
3582 8745
3583 8747
3584 8748
3585 8751
3586 8754
3587 8756
3588 8758
3589 8760
3590 8762
3591 8764
3592 8766
3593 8772
3594 8774
3595 8775
3596 8776
3597 8777
3598 8779
3599 8781
3600 8782
3601 8783
3602 8784
3603 8789
3604 8791
3605 8792
3606 8794
3607 8796
3608 8798
3609 8799
3610 8800
3611 8801
3612 8805
3613 8815
3614 8817
3615 8823
3616 8825
3617 8826
3618 8828
3619 8832
3620 8834
3621 8835
3622 8837
3623 8838
3624 8839
3625 8842
3626 8843
3627 8844
3628 8845
3629 8852
3630 8854
3631 8857
3632 8859
3633 8867
3634 8868
3635 8873
3636 8874
3637 8875
3638 8876
3639 8877
3640 8880
3641 8894
3642 8896
3643 8897
3644 8899
3645 8900
3646 8902
3647 8904
3648 8906
3649 8907
3650 8912
3651 8914
3652 8915
3653 8922
3654 8924
3655 8930
3656 8933
3657 8935
3658 8937
3659 8953
3660 8955
3661 8956
3662 8958
3663 8961
3664 8964
3665 8965
3666 8966
3667 8967
3668 8968
3669 8969
3670 8971
3671 8973
3672 8974
3673 8975
3674 8976
3675 8977
3676 8978
3677 8980
3678 8983
3679 8985
3680 8987
3681 8990
3682 8992
3683 8994
3684 8995
3685 8997
3686 8998
3687 9000
3688 9002
3689 9006
3690 9008
3691 9010
3692 9013
3693 9015
3694 9018
3695 9020
3696 9021
3697 9022
3698 9023
3699 9027
3700 9028
3701 9030
3702 9035
3703 9038
3704 9040
3705 9042
3706 9043
3707 9044
3708 9045
3709 9046
3710 9047
3711 9049
3712 9051
3713 9066
3714 9067
3715 9068
3716 9069
3717 9070
3718 9072
3719 9076
3720 9077
3721 9079
3722 9080
3723 9082
3724 9086
3725 9087
3726 9089
3727 9096
3728 9099
3729 9100
3730 9101
3731 9102
3732 9103
3733 9105
3734 9109
3735 9110
3736 9111
3737 9112
3738 9119
3739 9121
3740 9122
3741 9123
3742 9124
3743 9126
3744 9127
3745 9128
3746 9129
3747 9132
3748 9134
3749 9144
3750 9145
3751 9146
3752 9147
3753 9148
3754 9149
3755 9151
3756 9154
3757 9156
3758 9157
3759 9159
3760 9166
3761 9172
3762 9174
3763 9175
3764 9176
3765 9177
3766 9179
3767 9181
3768 9184
3769 9186
3770 9201
3771 9203
3772 9204
3773 9206
3774 9207
3775 9208
3776 9209
3777 9213
3778 9214
3779 9215
3780 9216
3781 9217
3782 9222
3783 9224
3784 9227
3785 9229
3786 9230
3787 9232
3788 9240
3789 9242
3790 9244
3791 9246
3792 9248
3793 9250
3794 9252
3795 9255
3796 9257
3797 9258
3798 9259
3799 9260
3800 9261
3801 9263
3802 9265
3803 9267
3804 9268
3805 9269
3806 9270
3807 9275
3808 9277
3809 9278
3810 9280
3811 9282
3812 9296
3813 9298
3814 9300
3815 9301
3816 9302
3817 9305
3818 9306
3819 9307
3820 9308
3821 9314
3822 9316
3823 9317
3824 9319
3825 9324
3826 9325
3827 9326
3828 9327
3829 9329
3830 9330
3831 9331
3832 9332
3833 9334
3834 9336
3835 9339
3836 9340
3837 9341
3838 9342
3839 9343
3840 9344
3841 9360
3842 9361
3843 9362
3844 9364
3845 9365
3846 9366
3847 9367
3848 9368
3849 9370
3850 9372
3851 9375
3852 9377
3853 9382
3854 9384
3855 9385
3856 9386
3857 9388
3858 9390
3859 9392
3860 9394
3861 9396
3862 9399
3863 9401
3864 9404
3865 9406
3866 9412
3867 9414
3868 9417
3869 9419
3870 9422
3871 9426
3872 9428
3873 9429
3874 9431
3875 9434
3876 9436
3877 9443
3878 9444
3879 9445
3880 9446
3881 9449
3882 9451
3883 9453
3884 9455
3885 9459
3886 9460
3887 9461
3888 9462
3889 9463
3890 9464
3891 9465
3892 9467
3893 9468
3894 9470
3895 9476
3896 9478
3897 9483
3898 9484
3899 9485
3900 9487
3901 9491
3902 9492
3903 9493
3904 9494
3905 9495
3906 9496
3907 9499
3908 9501
3909 9503
3910 9506
3911 9508
3912 9513
3913 9517
3914 9518
3915 9519
3916 9524
3917 9526
3918 9534
3919 9536
3920 9538
3921 9539
3922 9540
3923 9541
3924 9542
3925 9543
3926 9544
3927 9546
3928 9553
3929 9559
3930 9560
3931 9561
3932 9563
3933 9565
3934 9566
3935 9567
3936 9569
3937 9574
3938 9576
3939 9577
3940 9578
3941 9579
3942 9588
3943 9590
3944 9595
3945 9596
3946 9597
3947 9598
3948 9600
3949 9601
3950 9602
3951 9603
3952 9604
3953 9606
3954 9608
3955 9611
3956 9619
3957 9620
3958 9621
3959 9622
3960 9626
3961 9635
3962 9646
3963 9648
3964 9650
3965 9651
3966 9653
3967 9654
3968 9655
3969 9656
3970 9658
3971 9660
3972 9663
3973 9664
3974 9666
3975 9668
3976 9674
3977 9676
3978 9678
3979 9683
3980 9685
3981 9686
3982 9688
3983 9692
3984 9693
3985 9694
3986 9695
3987 9696
3988 9697
3989 9699
3990 9700
3991 9701
3992 9702
3993 9703
3994 9705
3995 9707
3996 9709
3997 9711
3998 9713
3999 9716
4000 9717
4001 9718
4002 9719
4003 9726
4004 9727
4005 9728
4006 9729
4007 9730
4008 9731
4009 9733
4010 9735
4011 9737
4012 9745
4013 9747
4014 9750
4015 9751
4016 9752
4017 9758
4018 9762
4019 9764
4020 9765
4021 9766
4022 9767
4023 9768
4024 9770
4025 9772
4026 9774
4027 9776
4028 9783
4029 9785
4030 9787
4031 9789
4032 9790
4033 9791
4034 9792
4035 9793
4036 9795
4037 9796
4038 9797
4039 9798
4040 9799
4041 9806
4042 9808
4043 9809
4044 9810
4045 9814
4046 9816
4047 9817
4048 9819
4049 9820
4050 9826
4051 9828
4052 9830
4053 9831
4054 9832
4055 9833
4056 9834
4057 9836
4058 9838
4059 9841
4060 9843
4061 9845
4062 9847
4063 9848
4064 9850
4065 9851
4066 9853
4067 9856
4068 9858
4069 9865
4070 9867
4071 9868
4072 9870
4073 9872
4074 9885
4075 9886
4076 9888
4077 9890
4078 9891
4079 9893
4080 9894
4081 9896
4082 9898
4083 9904
4084 9906
4085 9908
4086 9913
4087 9916
4088 9921
4089 9923
4090 9924
4091 9925
4092 9926
4093 9927
4094 9929
4095 9931
4096 9935
4097 9936
4098 9938
4099 9939
4100 9941
4101 9945
4102 9947
4103 9949
4104 9954
4105 9956
4106 9957
4107 9958
4108 9959
4109 9961
4110 9963
4111 9965
4112 9971
4113 9972
4114 9973
4115 9974
4116 9975
4117 9979
4118 9981
4119 9983
4120 9985
4121 9986
4122 9988
4123 9990
4124 9991
4125 9992
4126 9993
4127 9994
4128 9995
4129 9996
4130 9999
4131 10002
4132 10004
4133 10005
4134 10006
4135 10007
4136 10015
4137 10017
4138 10019
4139 10021
4140 10022
4141 10024
4142 10025
4143 10027
4144 10033
4145 10034
4146 10035
4147 10037
4148 10042
4149 10045
4150 10046
4151 10047
4152 10048
4153 10054
4154 10056
4155 10059
4156 10061
4157 10062
4158 10063
4159 10064
4160 10065
4161 10073
4162 10076
4163 10079
4164 10086
4165 10088
4166 10090
4167 10096
4168 10097
4169 10098
4170 10099
4171 10111
4172 10112
4173 10114
4174 10116
4175 10118
4176 10119
4177 10120
4178 10121
4179 10122
4180 10128
4181 10130
4182 10137
4183 10139
4184 10140
4185 10141
4186 10142
4187 10143
4188 10149
4189 10151
4190 10155
4191 10157
4192 10159
4193 10161
4194 10162
4195 10163
4196 10165
4197 10167
4198 10169
4199 10171
4200 10172
4201 10174
4202 10175
4203 10176
4204 10177
4205 10178
4206 10181
4207 10182
4208 10183
4209 10184
4210 10185
4211 10197
4212 10198
4213 10199
4214 10201
4215 10209
4216 10216
4217 10217
4218 10218
4219 10219
4220 10220
4221 10221
4222 10228
4223 10229
4224 10237
4225 10239
4226 10241
4227 10243
4228 10246
4229 10256
4230 10257
4231 10258
4232 10261
4233 10263
4234 10264
4235 10266
4236 10267
4237 10269
4238 10280
4239 10281
4240 10282
4241 10283
4242 10284
4243 10287
4244 10289
4245 10290
4246 10291
4247 10292
4248 10295
4249 10297
4250 10298
4251 10300
4252 10301
4253 10303
4254 10310
4255 10312
4256 10314
4257 10315
4258 10317
4259 10318
4260 10320
4261 10321
4262 10322
4263 10324
4264 10334
4265 10336
4266 10341
4267 10343
4268 10352
4269 10354
4270 10363
4271 10372
4272 10374
4273 10382
4274 10384
4275 10391
4276 10393
4277 10394
4278 10395
4279 10397
4280 10398
4281 10401
4282 10403
4283 10405
4284 10407
4285 10408
4286 10410
4287 10417
4288 10418
4289 10419
4290 10420
4291 10421
4292 10429
4293 10431
4294 10436
4295 10437
4296 10438
4297 10439
4298 10440
4299 10441
4300 10442
4301 10443
4302 10446
4303 10447
4304 10448
4305 10449
4306 10453
4307 10455
4308 10456
4309 10458
4310 10460
4311 10461
4312 10464
4313 10465
4314 10466
4315 10467
4316 10475
4317 10477
4318 10479
4319 10481
4320 10485
4321 10487
4322 10489
4323 10500
4324 10501
4325 10502
4326 10505
4327 10507
4328 10509
4329 10510
4330 10514
4331 10515
4332 10516
4333 10518
4334 10519
4335 10521
4336 10528
4337 10530
4338 10532
4339 10533
4340 10535
4341 10539
4342 10541
4343 10542
4344 10548
4345 10550
4346 10552
4347 10554
4348 10557
4349 10559
4350 10566
4351 10568
4352 10570
4353 10575
4354 10577
4355 10578
4356 10579
4357 10580
4358 10581
4359 10586
4360 10588
4361 10590
4362 10595
4363 10596
4364 10597
4365 10598
4366 10607
4367 10609
4368 10610
4369 10611
4370 10612
4371 10613
4372 10614
4373 10615
4374 10616
4375 10619
4376 10621
4377 10623
4378 10625
4379 10626
4380 10636
4381 10637
4382 10640
4383 10641
4384 10642
4385 10643
4386 10654
4387 10656
4388 10657
4389 10658
4390 10669
4391 10672
4392 10674
4393 10675
4394 10676
4395 10677
4396 10680
4397 10681
4398 10682
4399 10683
4400 10687
4401 10689
4402 10693
4403 10695
4404 10697
4405 10698
4406 10700
4407 10701
4408 10702
4409 10704
4410 10714
4411 10715
4412 10716
4413 10717
4414 10718
4415 10722
4416 10723
4417 10724
4418 10725
4419 10726
4420 10728
4421 10729
4422 10730
4423 10731
4424 10732
4425 10733
4426 10734
4427 10735
4428 10736
4429 10737
4430 10738
4431 10740
4432 10743
4433 10745
4434 10746
4435 10748
4436 10749
4437 10751
4438 10753
4439 10755
4440 10756
4441 10757
4442 10758
4443 10759
4444 10764
4445 10771
4446 10773
4447 10780
4448 10782
4449 10784
4450 10788
4451 10789
4452 10790
4453 10792
4454 10800
4455 10802
4456 10803
4457 10804
4458 10805
4459 10807
4460 10809
4461 10810
4462 10823
4463 10825
4464 10829
4465 10831
4466 10833
4467 10837
4468 10838
4469 10840
4470 10848
4471 10849
4472 10850
4473 10851
4474 10854
4475 10855
4476 10856
4477 10866
4478 10868
4479 10876
4480 10878
4481 10879
4482 10881
4483 10882
4484 10884
4485 10886
4486 10891
4487 10892
4488 10893
4489 10899
4490 10901
4491 10903
4492 10904
4493 10905
4494 10906
4495 10907
4496 10910
4497 10911
4498 10913
4499 10914
4500 10920
4501 10922
4502 10923
4503 10924
4504 10925
4505 10926
4506 10928
4507 10931
4508 10933
4509 10934
4510 10935
4511 10937
4512 10939
4513 10940
4514 10942
4515 10944
4516 10945
4517 10947
4518 10948
4519 10950
4520 10955
4521 10959
4522 10961
4523 10965
4524 10968
4525 10969
4526 10973
4527 10974
4528 10975
4529 10988
4530 10990
4531 10992
4532 10994
4533 10996
4534 10997
4535 10998
4536 10999
4537 11000
4538 11002
4539 11008
4540 11010
4541 11013
4542 11014
4543 11015
4544 11016
4545 11017
4546 11018
4547 11019
4548 11020
4549 11022
4550 11023
4551 11025
4552 11027
4553 11029
4554 11033
4555 11039
4556 11041
4557 11043
4558 11044
4559 11045
4560 11046
4561 11047
4562 11050
4563 11052
4564 11058
4565 11062
4566 11063
4567 11064
4568 11065
4569 11067
4570 11069
4571 11075
4572 11076
4573 11077
4574 11084
4575 11086
4576 11089
4577 11090
4578 11091
4579 11092
4580 11094
4581 11098
4582 11099
4583 11100
4584 11101
4585 11105
4586 11107
4587 11108
4588 11110
4589 11112
4590 11113
4591 11115
4592 11116
4593 11118
4594 11120
4595 11122
4596 11126
4597 11128
4598 11130
4599 11131
4600 11132
4601 11139
4602 11140
4603 11141
4604 11142
4605 11143
4606 11145
4607 11146
4608 11148
4609 11150
4610 11151
4611 11152
4612 11153
4613 11154
4614 11156
4615 11158
4616 11161
4617 11163
4618 11171
4619 11173
4620 11174
4621 11175
4622 11176
4623 11177
4624 11181
4625 11184
4626 11185
4627 11186
4628 11187
4629 11194
4630 11196
4631 11198
4632 11199
4633 11200
4634 11201
4635 11202
4636 11204
4637 11217
4638 11219
4639 11220
4640 11221
4641 11224
4642 11226
4643 11229
4644 11231
4645 11233
4646 11235
4647 11237
4648 11239
4649 11241
4650 11243
4651 11245
4652 11250
4653 11256
4654 11262
4655 11264
4656 11265
4657 11267
4658 11268
4659 11270
4660 11272
4661 11273
4662 11274
4663 11280
4664 11281
4665 11282
4666 11286
4667 11288
4668 11290
4669 11293
4670 11295
4671 11297
4672 11309
4673 11311
4674 11312
4675 11314
4676 11316
4677 11325
4678 11327
4679 11328
4680 11330
4681 11332
4682 11333
4683 11334
4684 11335
4685 11336
4686 11341
4687 11343
4688 11344
4689 11345
4690 11346
4691 11347
4692 11349
4693 11350
4694 11352
4695 11356
4696 11358
4697 11366
4698 11367
4699 11368
4700 11369
4701 11372
4702 11374
4703 11377
4704 11378
4705 11383
4706 11386
4707 11387
4708 11388
4709 11392
4710 11394
4711 11396
4712 11398
4713 11400
4714 11401
4715 11402
4716 11412
4717 11414
4718 11420
4719 11422
4720 11426
4721 11428
4722 11429
4723 11431
4724 11433
4725 11435
4726 11437
4727 11438
4728 11440
4729 11441
4730 11443
4731 11446
4732 11448
4733 11450
4734 11452
4735 11456
4736 11458
4737 11467
4738 11470
4739 11472
4740 11473
4741 11474
4742 11475
4743 11477
4744 11478
4745 11479
4746 11480
4747 11481
4748 11482
4749 11486
4750 11488
4751 11491
4752 11492
4753 11493
4754 11494
4755 11495
4756 11508
4757 11510
4758 11511
4759 11512
4760 11513
4761 11514
4762 11516
4763 11525
4764 11528
4765 11530
4766 11532
4767 11534
4768 11535
4769 11537
4770 11540
4771 11542
4772 11543
4773 11544
4774 11545
4775 11547
4776 11555
4777 11556
4778 11557
4779 11564
4780 11566
4781 11567
4782 11568
4783 11572
4784 11575
4785 11576
4786 11577
4787 11578
4788 11582
4789 11583
4790 11584
4791 11585
4792 11588
4793 11590
4794 11592
4795 11594
4796 11597
4797 11598
4798 11599
4799 11600
4800 11610
4801 11622
4802 11624
4803 11629
4804 11631
4805 11633
4806 11635
4807 11636
4808 11639
4809 11641
4810 11644
4811 11646
4812 11654
4813 11656
4814 11658
4815 11663
4816 11665
4817 11668
4818 11670
4819 11671
4820 11672
4821 11674
4822 11675
4823 11676
4824 11677
4825 11678
4826 11682
4827 11684
4828 11688
4829 11689
4830 11691
4831 11694
4832 11696
4833 11704
4834 11707
4835 11708
4836 11710
4837 11711
4838 11713
4839 11719
4840 11721
4841 11722
4842 11724
4843 11728
4844 11730
4845 11731
4846 11736
4847 11738
4848 11740
4849 11741
4850 11743
4851 11745
4852 11746
4853 11748
4854 11750
4855 11751
4856 11752
4857 11760
4858 11761
4859 11762
4860 11763
4861 11766
4862 11768
4863 11772
4864 11776
4865 11777
4866 11778
4867 11781
4868 11782
4869 11783
4870 11784
4871 11791
4872 11793
4873 11802
4874 11804
4875 11812
4876 11814
4877 11823
4878 11828
4879 11830
4880 11831
4881 11833
4882 11836
4883 11838
4884 11846
4885 11848
4886 11850
4887 11855
4888 11857
4889 11860
4890 11862
4891 11863
4892 11865
4893 11866
4894 11867
4895 11868
4896 11869
4897 11870
4898 11872
4899 11878
4900 11880
4901 11885
4902 11886
4903 11887
4904 11894
4905 11896
4906 11897
4907 11898
4908 11899
4909 11900
4910 11902
4911 11903
4912 11906
4913 11908
4914 11909
4915 11911
4916 11920
4917 11921
4918 11922
4919 11923
4920 11925
4921 11926
4922 11928
4923 11931
4924 11933
4925 11935
4926 11938
4927 11941
4928 11942
4929 11943
4930 11948
4931 11950
4932 11952
4933 11954
4934 11956
4935 11958
4936 11962
4937 11964
4938 11967
4939 11970
4940 11971
4941 11972
4942 11979
4943 11981
4944 11985
4945 11987
4946 11995
4947 11997
4948 12002
4949 12009
4950 12011
4951 12013
4952 12026
4953 12028
4954 12030
4955 12031
4956 12032
4957 12033
4958 12034
4959 12036
4960 12037
4961 12038
4962 12039
4963 12040
4964 12041
4965 12043
4966 12045
4967 12051
4968 12053
4969 12054
4970 12056
4971 12058
4972 12066
4973 12068
4974 12072
4975 12073
4976 12074
4977 12081
4978 12083
4979 12088
4980 12089
4981 12091
4982 12094
4983 12097
4984 12099
4985 12101
4986 12106
4987 12108
4988 12109
4989 12110
4990 12111
4991 12113
4992 12115
4993 12117
4994 12121
4995 12123
4996 12124
4997 12126
4998 12128
4999 12129
5000 12130
5001 12131
5002 12136
5003 12137
5004 12139
5005 12142
5006 12144
5007 12145
5008 12146
5009 12147
5010 12148
5011 12150
5012 12155
5013 12157
5014 12165
5015 12167
5016 12171
5017 12181
5018 12186
5019 12188
5020 12192
5021 12194
5022 12195
5023 12200
5024 12202
5025 12210
5026 12212
5027 12216
5028 12217
5029 12220
5030 12223
5031 12227
5032 12229
5033 12231
5034 12237
5035 12240
5036 12241
5037 12242
5038 12250
5039 12255
5040 12256
5041 12257
5042 12265
5043 12270
5044 12271
5045 12272
5046 12273
5047 12275
5048 12276
5049 12278
5050 12279
5051 12281
5052 12283
5053 12290
5054 12291
5055 12292
5056 12293
5057 12294
5058 12295
5059 12296
5060 12297
5061 12299
5062 12304
5063 12306
5064 12309
5065 12310
5066 12311
5067 12312
5068 12313
5069 12318
5070 12320
5071 12321
5072 12324
5073 12325
5074 12326
5075 12327
5076 12329
5077 12332
5078 12334
5079 12336
5080 12337
5081 12343
5082 12345
5083 12346
5084 12347
5085 12348
5086 12349
5087 12351
5088 12353
5089 12361
5090 12363
5091 12370
5092 12372
5093 12374
5094 12375
5095 12377
5096 12382
5097 12395
5098 12396
5099 12397
5100 12398
5101 12399
5102 12400
5103 12402
5104 12403
5105 12405
5106 12407
5107 12409
5108 12412
5109 12414
5110 12417
5111 12419
5112 12422
5113 12428
5114 12430
5115 12432
5116 12434
5117 12436
5118 12438
5119 12440
5120 12443
5121 12445
5122 12450
5123 12451
5124 12453
5125 12459
5126 12461
5127 12463
5128 12465
5129 12468
5130 12470
5131 12472
5132 12473
5133 12474
5134 12475
5135 12476
5136 12477
5137 12479
5138 12484
5139 12486
5140 12488
5141 12489
5142 12490
5143 12491
5144 12493
5145 12494
5146 12496
5147 12498
5148 12499
5149 12500
5150 12501
5151 12505
5152 12507
5153 12509
5154 12510
5155 12511
5156 12512
5157 12513
5158 12515
5159 12518
5160 12519
5161 12520
5162 12521
5163 12524
5164 12525
5165 12526
5166 12528
5167 12531
5168 12532
5169 12533
5170 12534
5171 12548
5172 12550
5173 12552
5174 12553
5175 12555
5176 12558
5177 12560
5178 12562
5179 12564
5180 12565
5181 12566
5182 12567
5183 12568
5184 12569
5185 12572
5186 12573
5187 12574
5188 12575
5189 12576
5190 12578
5191 12581
5192 12583
5193 12585
5194 12586
5195 12587
5196 12588
5197 12590
5198 12598
5199 12599
5200 12601
5201 12608
5202 12614
5203 12616
5204 12618
5205 12619
5206 12624
5207 12625
5208 12626
5209 12627
5210 12629
5211 12636
5212 12638
5213 12639
5214 12641
5215 12644
5216 12646
5217 12648
5218 12650
5219 12651
5220 12653
5221 12658
5222 12660
5223 12661
5224 12662
5225 12663
5226 12664
5227 12665
5228 12666
5229 12670
5230 12672
5231 12674
5232 12679
5233 12681
5234 12685
5235 12686
5236 12687
5237 12692
5238 12693
5239 12695
5240 12696
5241 12697
5242 12698
5243 12699
5244 12700
5245 12701
5246 12703
5247 12705
5248 12706
5249 12712
5250 12713
5251 12714
5252 12715
5253 12716
5254 12717
5255 12718
5256 12720
5257 12722
5258 12727
5259 12732
5260 12734
5261 12736
5262 12739
5263 12740
5264 12741
5265 12745
5266 12746
5267 12747
5268 12748
5269 12749
5270 12750
5271 12752
5272 12755
5273 12759
5274 12760
5275 12762
5276 12764
5277 12768
5278 12769
5279 12770
5280 12771
5281 12772
5282 12773
5283 12775
5284 12777
5285 12778
5286 12780
5287 12784
5288 12785
5289 12786
5290 12787
5291 12788
5292 12789
5293 12791
5294 12793
5295 12795
5296 12808
5297 12809
5298 12811
5299 12814
5300 12816
5301 12819
5302 12820
5303 12821
5304 12822
5305 12830
5306 12832
5307 12833
5308 12834
5309 12836
5310 12840
5311 12842
5312 12844
5313 12846
5314 12855
5315 12857
5316 12860
5317 12861
5318 12862
5319 12863
5320 12868
5321 12870
5322 12871
5323 12873
5324 12874
5325 12875
5326 12876
5327 12881
5328 12882
5329 12883
5330 12884
5331 12885
5332 12886
5333 12887
5334 12890
5335 12892
5336 12895
5337 12897
5338 12898
5339 12900
5340 12902
5341 12904
5342 12906
5343 12907
5344 12908
5345 12909
5346 12910
5347 12911
5348 12912
5349 12914
5350 12915
5351 12916
5352 12917
5353 12918
5354 12920
5355 12921
5356 12922
5357 12923
5358 12925
5359 12927
5360 12928
5361 12929
5362 12930
5363 12931
5364 12938
5365 12939
5366 12941
5367 12943
5368 12945
5369 12946
5370 12947
5371 12948
5372 12952
5373 12953
5374 12954
5375 12956
5376 12961
5377 12962
5378 12964
5379 12971
5380 12973
5381 12974
5382 12975
5383 12976
5384 12977
5385 12978
5386 12979
5387 12982
5388 12984
5389 12987
5390 12996
5391 12998
5392 12999
5393 13000
5394 13001
5395 13002
5396 13004
5397 13008
5398 13010
5399 13012
5400 13024
5401 13026
5402 13035
5403 13037
5404 13046
5405 13047
5406 13048
5407 13049
5408 13050
5409 13051
5410 13052
5411 13054
5412 13056
5413 13064
5414 13066
5415 13068
5416 13076
5417 13080
5418 13081
5419 13082
5420 13086
5421 13087
5422 13094
5423 13095
5424 13096
5425 13098
5426 13100
5427 13102
5428 13103
5429 13105
5430 13107
5431 13109
5432 13110
5433 13115
5434 13116
5435 13117
5436 13123
5437 13125
5438 13126
5439 13133
5440 13135
5441 13139
5442 13140
5443 13142
5444 13144
5445 13149
5446 13151
5447 13164
5448 13172
5449 13186
5450 13207
5451 13208
5452 13209
5453 13210
5454 13211
5455 13213
5456 13214
5457 13216
5458 13218
5459 13224
5460 13226
5461 13228
5462 13230
5463 13234
5464 13236
5465 13238
5466 13241
5467 13242
5468 13243
5469 13244
5470 13246
5471 13247
5472 13248
5473 13249
5474 13255
5475 13257
5476 13260
5477 13267
5478 13268
5479 13269
5480 13270
5481 13271
5482 13273
5483 13274
5484 13276
5485 13283
5486 13284
5487 13286
5488 13293
5489 13295
5490 13297
5491 13298
5492 13299
5493 13300
5494 13301
5495 13302
5496 13322
5497 13324
5498 13326
5499 13328
5500 13329
5501 13330
5502 13331
5503 13332
5504 13342
5505 13344
5506 13346
5507 13348
5508 13357
5509 13358
5510 13359
5511 13360
5512 13361
5513 13364
5514 13366
5515 13367
5516 13369
5517 13370
5518 13372
5519 13376
5520 13378
5521 13379
5522 13380
5523 13381
5524 13382
5525 13384
5526 13392
5527 13401
5528 13403
5529 13406
5530 13408
5531 13411
5532 13413
5533 13416
5534 13418
5535 13420
5536 13421
5537 13422
5538 13423
5539 13427
5540 13431
5541 13433
5542 13437
5543 13439
5544 13445
5545 13447
5546 13449
5547 13455
5548 13456
5549 13458
5550 13464
5551 13466
5552 13471
5553 13473
5554 13482
5555 13485
5556 13491
5557 13493
5558 13494
5559 13495
5560 13497
5561 13500
5562 13511
5563 13512
5564 13513
5565 13517
5566 13518
5567 13519
5568 13520
5569 13524
5570 13526
5571 13530
5572 13532
5573 13533
5574 13534
5575 13536
5576 13538
5577 13544
5578 13546
5579 13555
5580 13556
5581 13558
5582 13560
5583 13563
5584 13565
5585 13566
5586 13568
5587 13572
5588 13573
5589 13575
5590 13577
5591 13579
5592 13581
5593 13583
5594 13584
5595 13586
5596 13589
5597 13597
5598 13599
5599 13601
5600 13605
5601 13606
5602 13607
5603 13608
5604 13611
5605 13613
5606 13616
5607 13620
5608 13622
5609 13623
5610 13629
5611 13631
5612 13632
5613 13633
5614 13634
5615 13635
5616 13637
5617 13639
5618 13641
5619 13643
5620 13645
5621 13647
5622 13648
5623 13649
5624 13650
5625 13651
5626 13654
5627 13656
5628 13658
5629 13659
5630 13660
5631 13661
5632 13662
5633 13663
5634 13666
5635 13667
5636 13668
5637 13669
5638 13670
5639 13674
5640 13676
5641 13678
5642 13680
5643 13681
5644 13682
5645 13683
5646 13703
5647 13705
5648 13706
5649 13707
5650 13708
5651 13709
5652 13710
5653 13713
5654 13715
5655 13716
5656 13719
5657 13720
5658 13721
5659 13727
5660 13729
5661 13731
5662 13732
5663 13735
5664 13736
5665 13737
5666 13738
5667 13740
5668 13741
5669 13742
5670 13743
5671 13744
5672 13745
5673 13746
5674 13750
5675 13752
5676 13753
5677 13755
5678 13757
5679 13759
5680 13762
5681 13764
5682 13768
5683 13769
5684 13771
5685 13773
5686 13775
5687 13777
5688 13778
5689 13779
5690 13780
5691 13787
5692 13789
5693 13791
5694 13793
5695 13794
5696 13795
5697 13796
5698 13800
5699 13802
5700 13811
5701 13812
5702 13813
5703 13814
5704 13815
5705 13817
5706 13820
5707 13835
5708 13837
5709 13850
5710 13852
5711 13853
5712 13854
5713 13857
5714 13859
5715 13860
5716 13862
5717 13864
5718 13866
5719 13868
5720 13869
5721 13871
5722 13873
5723 13874
5724 13876
5725 13879
5726 13880
5727 13882
5728 13884
5729 13885
5730 13886
5731 13888
5732 13894
5733 13897
5734 13901
5735 13903
5736 13910
5737 13912
5738 13917
5739 13919
5740 13921
5741 13922
5742 13923
5743 13929
5744 13930
5745 13931
5746 13932
5747 13934
5748 13935
5749 13936
5750 13937
5751 13939
5752 13940
5753 13942
5754 13944
5755 13952
5756 13953
5757 13954
5758 13955
5759 13956
5760 13957
5761 13960
5762 13961
5763 13962
5764 13963
5765 13977
5766 13993
5767 13994
5768 13995
5769 13998
5770 14000
5771 14004
5772 14006
5773 14008
5774 14012
5775 14014
5776 14017
5777 14018
5778 14019
5779 14020
5780 14022
5781 14023
5782 14024
5783 14025
5784 14026
5785 14027
5786 14028
5787 14032
5788 14034
5789 14035
5790 14037
5791 14038
5792 14039
5793 14040
5794 14041
5795 14047
5796 14049
5797 14055
5798 14057
5799 14060
5800 14062
5801 14063
5802 14065
5803 14070
5804 14072
5805 14073
5806 14074
5807 14075
5808 14081
5809 14083
5810 14088
5811 14090
5812 14093
5813 14094
5814 14095
5815 14096
5816 14097
5817 14098
5818 14099
5819 14101
5820 14103
5821 14107
5822 14109
5823 14112
5824 14113
5825 14114
5826 14115
5827 14121
5828 14123
5829 14125
5830 14127
5831 14129
5832 14130
5833 14132
5834 14136
5835 14139
5836 14140
5837 14141
5838 14142
5839 14148
5840 14156
5841 14158
5842 14160
5843 14161
5844 14162
5845 14164
5846 14165
5847 14166
5848 14167
5849 14168
5850 14174
5851 14183
5852 14184
5853 14186
5854 14191
5855 14193
5856 14196
5857 14198
5858 14199
5859 14201
5860 14203
5861 14204
5862 14205
5863 14206
5864 14207
5865 14209
5866 14215
5867 14222
5868 14224
5869 14226
5870 14228
5871 14229
5872 14230
5873 14231
5874 14232
5875 14233
5876 14235
5877 14241
5878 14246
5879 14253
5880 14255
5881 14257
5882 14261
5883 14263
5884 14268
5885 14270
5886 14271
5887 14272
5888 14273
5889 14274
5890 14278
5891 14280
5892 14285
5893 14287
5894 14289
5895 14291
5896 14292
5897 14293
5898 14296
5899 14297
5900 14298
5901 14300
5902 14304
5903 14306
5904 14308
5905 14310
5906 14313
5907 14315
5908 14316
5909 14321
5910 14323
5911 14326
5912 14327
5913 14328
5914 14329
5915 14330
5916 14331
5917 14332
5918 14333
5919 14336
5920 14343
5921 14345
5922 14350
5923 14352
5924 14356
5925 14358
5926 14359
5927 14361
5928 14363
5929 14365
5930 14366
5931 14367
5932 14368
5933 14369
5934 14371
5935 14374
5936 14376
5937 14383
5938 14385
5939 14387
5940 14389
5941 14391
5942 14393
5943 14395
5944 14399
5945 14413
5946 14414
5947 14415
5948 14416
5949 14418
5950 14420
5951 14422
5952 14423
5953 14424
5954 14425
5955 14426
5956 14427
5957 14436
5958 14438
5959 14439
5960 14440
5961 14441
5962 14442
5963 14444
5964 14446
5965 14448
5966 14449
5967 14451
5968 14454
5969 14455
5970 14456
5971 14458
5972 14459
5973 14461
5974 14471
5975 14473
5976 14476
5977 14477
5978 14478
5979 14479
5980 14480
5981 14482
5982 14483
5983 14485
5984 14486
5985 14488
5986 14491
5987 14492
5988 14493
5989 14495
5990 14507
5991 14508
5992 14509
5993 14510
5994 14513
5995 14515
5996 14517
5997 14519
5998 14523
5999 14527
6000 14529
6001 14535
6002 14537
6003 14538
6004 14539
6005 14548
6006 14549
6007 14550
6008 14551
6009 14552
6010 14553
6011 14556
6012 14558
6013 14560
6014 14562
6015 14563
6016 14567
6017 14569
6018 14570
6019 14571
6020 14572
6021 14573
6022 14574
6023 14577
6024 14579
6025 14580
6026 14582
6027 14593
6028 14599
6029 14600
6030 14601
6031 14602
6032 14603
6033 14608
6034 14611
6035 14612
6036 14613
6037 14614
6038 14615
6039 14622
6040 14624
6041 14630
6042 14632
6043 14633
6044 14634
6045 14635
6046 14639
6047 14641
6048 14647
6049 14652
6050 14654
6051 14655
6052 14656
6053 14657
6054 14658
6055 14666
6056 14667
6057 14668
6058 14669
6059 14670
6060 14671
6061 14673
6062 14675
6063 14676
6064 14680
6065 14681
6066 14682
6067 14683
6068 14687
6069 14688
6070 14690
6071 14691
6072 14692
6073 14709
6074 14711
6075 14715
6076 14717
6077 14718
6078 14719
6079 14724
6080 14726
6081 14731
6082 14733
6083 14740
6084 14742
6085 14746
6086 14748
6087 14750
6088 14755
6089 14757
6090 14760
6091 14761
6092 14762
6093 14763
6094 14767
6095 14768
6096 14769
6097 14771
6098 14773
6099 14784
6100 14785
6101 14786
6102 14787
6103 14788
6104 14789
6105 14790
6106 14792
6107 14797
6108 14798
6109 14800
6110 14801
6111 14803
6112 14805
6113 14806
6114 14807
6115 14808
6116 14817
6117 14830
6118 14831
6119 14832
6120 14833
6121 14852
6122 14854
6123 14862
6124 14864
6125 14866
6126 14872
6127 14876
6128 14878
6129 14879
6130 14880
6131 14882
6132 14891
6133 14893
6134 14899
6135 14900
6136 14901
6137 14903
6138 14904
6139 14906
6140 14907
6141 14909
6142 14910
6143 14945
6144 14947
6145 14962
6146 14964
6147 14966
6148 14968
6149 14974
6150 14980
6151 14983
6152 14984
6153 14985
6154 14986
6155 14987
6156 14988
6157 14993
6158 14995
6159 14999
6160 15006
6161 15007
6162 15008
6163 15009
6164 15011
6165 15012
6166 15016
6167 15017
6168 15018
6169 15019
6170 15020
6171 15032
6172 15034
6173 15049
6174 15051
6175 15059
6176 15061
6177 15062
6178 15064
6179 15067
6180 15068
6181 15069
6182 15072
6183 15077
6184 15078
6185 15079
6186 15080
6187 15086
6188 15087
6189 15088
6190 15090
6191 15092
6192 15097
6193 15101
6194 15103
6195 15111
6196 15113
6197 15114
6198 15116
6199 15120
6200 15121
6201 15122
6202 15126
6203 15128
6204 15130
6205 15134
6206 15143
6207 15145
6208 15151
6209 15153
6210 15158
6211 15160
6212 15161
6213 15162
6214 15164
6215 15167
6216 15168
6217 15169
6218 15170
6219 15172
6220 15174
6221 15179
6222 15183
6223 15185
6224 15187
6225 15195
6226 15197
6227 15199
6228 15209
6229 15211
6230 15213
6231 15218
6232 15219
6233 15220
6234 15221
6235 15222
6236 15225
6237 15226
6238 15227
6239 15228
6240 15232
6241 15234
6242 15236
6243 15241
6244 15242
6245 15244
6246 15247
6247 15249
6248 15250
6249 15252
6250 15256
6251 15257
6252 15258
6253 15259
6254 15260
6255 15261
6256 15262
6257 15263
6258 15265
6259 15267
6260 15275
6261 15277
6262 15279
6263 15280
6264 15282
6265 15293
6266 15320
6267 15321
6268 15322
6269 15324
6270 15327
6271 15328
6272 15333
6273 15335
6274 15336
6275 15337
6276 15339
6277 15344
6278 15348
6279 15350
6280 15352
6281 15353
6282 15355
6283 15356
6284 15357
6285 15358
6286 15359
6287 15361
6288 15363
6289 15371
6290 15372
6291 15380
6292 15382
6293 15383
6294 15385
6295 15389
6296 15391
6297 15411
6298 15413
6299 15416
6300 15418
6301 15424
6302 15426
6303 15427
6304 15432
6305 15434
6306 15440
6307 15442
6308 15443
6309 15445
6310 15446
6311 15447
6312 15448
6313 15449
6314 15450
6315 15451
6316 15453
6317 15455
6318 15457
6319 15460
6320 15463
6321 15465
6322 15468
6323 15475
6324 15477
6325 15478
6326 15479
6327 15480
6328 15481
6329 15492
6330 15494
6331 15511
6332 15513
6333 15521
6334 15523
6335 15524
6336 15526
6337 15527
6338 15529
6339 15530
6340 15532
6341 15533
6342 15534
6343 15535
6344 15537
6345 15539
6346 15541
6347 15547
6348 15549
6349 15550
6350 15551
6351 15552
6352 15559
6353 15561
6354 15562
6355 15563
6356 15565
6357 15576
6358 15593
6359 15595
6360 15598
6361 15600
6362 15603
6363 15606
6364 15608
6365 15612
6366 15613
6367 15614
6368 15615
6369 15616
6370 15618
6371 15619
6372 15620
6373 15621
6374 15622
6375 15625
6376 15627
6377 15629
6378 15630
6379 15631
6380 15632
6381 15633
6382 15636
6383 15637
6384 15638
6385 15639
6386 15640
6387 15641
6388 15642
6389 15643
6390 15654
6391 15656
6392 15663
6393 15664
6394 15665
6395 15666
6396 15667
6397 15669
6398 15671
6399 15675
6400 15676
6401 15677
6402 15678
6403 15679
6404 15680
6405 15681
6406 15690
6407 15692
6408 15694
6409 15696
6410 15700
6411 15702
6412 15703
6413 15705
6414 15706
6415 15707
6416 15712
6417 15714
6418 15715
6419 15716
6420 15717
6421 15719
6422 15736
6423 15737
6424 15738
6425 15740
6426 15741
6427 15743
6428 15745
6429 15748
6430 15749
6431 15750
6432 15752
6433 15762
6434 15764
6435 15765
6436 15766
6437 15767
6438 15768
6439 15770
6440 15772
6441 15775
6442 15776
6443 15777
6444 15778
6445 15779
6446 15780
6447 15782
6448 15784
6449 15785
6450 15786
6451 15787
6452 15789
6453 15791
6454 15806
6455 15807
6456 15808
6457 15809
6458 15811
6459 15813
6460 15817
6461 15819
6462 15820
6463 15821
6464 15822
6465 15826
6466 15828
6467 15834
6468 15835
6469 15836
6470 15837
6471 15838
6472 15839
6473 15840
6474 15843
6475 15845
6476 15846
6477 15847
6478 15849
6479 15850
6480 15852
6481 15854
6482 15855
6483 15857
6484 15861
6485 15863
6486 15865
6487 15872
6488 15873
6489 15874
6490 15875
6491 15876
6492 15877
6493 15878
6494 15880
6495 15882
6496 15885
6497 15892
6498 15898
6499 15899
6500 15900
6501 15901
6502 15902
6503 15903
6504 15906
6505 15907
6506 15908
6507 15910
6508 15911
6509 15913
6510 15914
6511 15916
6512 15919
6513 15921
6514 15922
6515 15923
6516 15924
6517 15925
6518 15926
6519 15927
6520 15929
6521 15931
6522 15934
6523 15935
6524 15936
6525 15937
6526 15938
6527 15939
6528 15942
6529 15943
6530 15944
6531 15945
6532 15946
6533 15947
6534 15948
6535 15950
6536 15952
6537 15954
6538 15956
6539 15960
6540 15962
6541 15964
6542 15965
6543 15966
6544 15967
6545 15969
6546 15970
6547 15971
6548 15972
6549 15974
6550 15978
6551 15980
6552 15981
6553 15982
6554 15983
6555 15984
6556 15985
6557 15986
6558 15987
6559 15989
6560 15990
6561 15991
6562 15992
6563 15993
6564 15994
6565 15996
6566 15997
6567 15998
6568 15999
6569 16000
6570 16001
6571 16002
6572 16006
6573 16012
6574 16020
6575 16022
6576 16025
6577 16026
6578 16027
6579 16034
6580 16035
6581 16036
6582 16037
6583 16038
6584 16039
6585 16040
6586 16041
6587 16043
6588 16045
6589 16049
6590 16050
6591 16051
6592 16052
6593 16053
6594 16054
6595 16055
6596 16056
6597 16057
6598 16058
6599 16060
6600 16064
6601 16066
6602 16068
6603 16076
6604 16078
6605 16083
6606 16084
6607 16085
6608 16086
6609 16090
6610 16091
6611 16092
6612 16095
6613 16099
6614 16100
6615 16101
6616 16102
6617 16103
6618 16105
6619 16109
6620 16111
6621 16113
6622 16116
6623 16124
6624 16125
6625 16126
6626 16127
6627 16131
6628 16137
6629 16139
6630 16142
6631 16143
6632 16144
6633 16145
6634 16146
6635 16147
6636 16149
6637 16151
6638 16155
6639 16157
6640 16159
6641 16160
6642 16161
6643 16162
6644 16168
6645 16169
6646 16170
6647 16173
6648 16175
6649 16184
6650 16186
6651 16187
6652 16188
6653 16189
6654 16195
6655 16197
6656 16198
6657 16199
6658 16200
6659 16201
6660 16202
6661 16203
6662 16206
6663 16207
6664 16208
6665 16209
6666 16213
6667 16215
6668 16217
6669 16222
6670 16224
6671 16231
6672 16233
6673 16235
6674 16236
6675 16237
6676 16238
6677 16242
6678 16244
6679 16246
6680 16247
6681 16248
6682 16249
6683 16251
6684 16253
6685 16254
6686 16255
6687 16256
6688 16258
6689 16265
6690 16267
6691 16268
6692 16269
6693 16270
6694 16276
6695 16278
6696 16279
6697 16280
6698 16281
6699 16282
6700 16283
6701 16285
6702 16291
6703 16293
6704 16295
6705 16299
6706 16301
6707 16304
6708 16306
6709 16307
6710 16308
6711 16309
6712 16311
6713 16312
6714 16315
6715 16317
6716 16318
6717 16319
6718 16320
6719 16323
6720 16326
6721 16328
6722 16329
6723 16330
6724 16331
6725 16332
6726 16337
6727 16339
6728 16340
6729 16341
6730 16343
6731 16349
6732 16350
6733 16351
6734 16353
6735 16355
6736 16356
6737 16357
6738 16358
6739 16362
6740 16364
6741 16365
6742 16369
6743 16370
6744 16372
6745 16374
6746 16375
6747 16377
6748 16380
6749 16381
6750 16383
