0 0
1 1
2 2
3 3
4 4
5 5
6 7
7 9
8 11
9 13
10 14
11 15
12 16
13 17
14 19
15 20
16 21
17 24
18 25
19 26
20 27
21 28
22 34
23 35
24 36
25 37
26 38
27 39
28 40
29 41
30 44
31 45
32 46
33 54
34 55
35 56
36 57
37 58
38 59
39 60
40 61
41 62
42 63
43 64
44 66
45 67
46 68
47 70
48 71
49 72
50 73
51 74
52 75
53 76
54 77
55 78
56 80
57 81
58 83
59 84
60 87
61 88
62 89
63 90
64 91
65 92
66 97
67 98
68 99
69 100
70 101
71 102
72 103
73 104
74 107
75 108
76 109
77 110
78 113
79 114
80 115
81 117
82 120
83 121
84 122
85 123
86 125
87 126
88 127
89 131
90 133
91 134
92 135
93 136
94 137
95 138
96 139
97 140
98 141
99 142
100 143
101 144
102 145
103 146
104 147
105 148
106 151
107 152
108 153
109 154
110 155
111 156
112 157
113 161
114 162
115 163
116 164
117 165
118 166
119 167
120 168
121 171
122 172
123 173
124 174
125 175
126 176
127 177
128 178
129 179
130 180
131 181
132 182
133 186
134 187
135 188
136 189
137 190
138 191
139 192
140 194
141 195
142 198
143 199
144 203
145 204
146 205
147 206
148 207
149 209
150 211
151 212
152 214
153 215
154 216
155 217
156 218
157 219
158 220
159 224
160 225
161 226
162 227
163 228
164 229
165 230
166 231
167 232
168 233
169 234
170 235
171 236
172 237
173 238
174 239
175 240
176 241
177 242
178 243
179 244
180 245
181 246
182 251
183 252
184 253
185 254
186 255
187 256
188 257
189 258
190 259
191 260
192 261
193 262
194 263
195 264
196 266
197 268
198 269
199 270
200 271
201 272
202 274
203 275
204 276
205 277
206 278
207 279
208 280
209 282
210 283
211 284
212 286
213 287
214 288
215 289
216 290
217 291
218 293
219 294
220 295
221 296
222 297
223 298
224 299
225 300
226 303
227 304
228 305
229 306
230 307
231 308
232 309
233 310
234 311
235 314
236 315
237 316
238 317
239 318
240 319
241 320
242 321
243 322
244 323
245 324
246 326
247 327
248 328
249 329
250 330
251 331
252 333
253 334
254 335
255 336
256 337
257 338
258 339
259 340
260 341
261 342
262 343
263 346
264 347
265 348
266 349
267 350
268 351
269 352
270 353
271 355
272 356
273 357
274 358
275 359
276 360
277 362
278 363
279 364
280 366
281 367
282 368
283 369
284 370
285 371
286 373
287 374
288 377
289 378
290 379
291 380
292 381
293 382
294 383
295 384
296 385
297 387
298 388
299 389
300 392
301 394
302 395
303 398
304 400
305 402
306 403
307 404
308 405
309 406
310 407
311 408
312 409
313 410
314 411
315 412
316 414
317 415
318 416
319 418
320 419
321 420
322 421
323 422
324 423
325 426
326 427
327 428
328 429
329 430
330 431
331 432
332 433
333 434
334 436
335 437
336 438
337 439
338 440
339 441
340 442
341 443
342 444
343 445
344 446
345 447
346 448
347 449
348 451
349 452
350 453
351 458
352 459
353 460
354 466
355 467
356 469
357 470
358 471
359 472
360 473
361 474
362 475
363 476
364 477
365 478
366 479
367 480
368 481
369 482
370 483
371 484
372 485
373 486
374 487
375 488
376 491
377 492
378 494
379 495
380 496
381 497
382 498
383 501
384 502
385 503
386 504
387 505
388 506
389 508
390 509
391 510
392 511
393 512
394 513
395 514
396 516
397 520
398 521
399 523
400 526
401 529
402 530
403 531
404 534
405 535
406 536
407 537
408 538
409 540
410 541
411 542
412 543
413 544
414 546
415 547
416 548
417 549
418 550
419 551
420 553
421 555
422 556
423 557
424 558
425 559
426 560
427 561
428 563
429 564
430 565
431 566
432 567
433 568
434 569
435 571
436 572
437 573
438 574
439 577
440 579
441 581
442 583
443 584
444 585
445 586
446 588
447 589
448 590
449 591
450 592
451 593
452 594
453 595
454 599
455 600
456 601
457 604
458 605
459 606
460 607
461 608
462 611
463 612
464 613
465 614
466 615
467 616
468 617
469 618
470 619
471 620
472 621
473 622
474 623
475 624
476 626
477 627
478 628
479 629
480 630
481 631
482 632
483 633
484 634
485 636
486 637
487 638
488 642
489 643
490 644
491 645
492 646
493 648
494 649
495 650
496 651
497 652
498 653
499 654
500 655
501 656
502 657
503 658
504 659
505 663
506 664
507 665
508 667
509 668
510 669
511 670
512 671
513 672
514 673
515 674
516 675
517 676
518 677
519 679
520 680
521 681
522 683
523 684
524 686
525 687
526 689
527 690
528 691
529 692
530 693
531 694
532 695
533 696
534 697
535 698
536 699
537 700
538 701
539 702
540 707
541 708
542 709
543 710
544 712
545 713
546 714
547 715
548 716
549 718
550 720
551 721
552 722
553 723
554 724
555 725
556 726
557 727
558 728
559 729
560 730
561 731
562 732
563 733
564 734
565 735
566 736
567 737
568 738
569 739
570 740
571 744
572 746
573 747
574 752
575 753
576 754
577 757
578 758
579 759
580 760
581 761
582 762
583 763
584 764
585 765
586 767
587 768
588 772
589 773
590 774
591 775
592 776
593 777
594 778
595 779
596 780
597 781
598 783
599 784
600 785
601 786
602 787
603 788
604 789
605 790
606 791
607 792
608 793
609 794
610 795
611 796
612 797
613 798
614 799
615 800
616 801
617 802
618 803
619 804
620 808
621 809
622 810
623 811
624 812
625 815
626 816
627 817
628 818
629 819
630 823
631 824
632 825
633 826
634 827
635 828
636 830
637 831
638 832
639 834
640 835
641 836
642 837
643 838
644 840
645 841
646 843
647 844
648 845
649 847
650 848
651 853
652 856
653 857
654 859
655 860
656 861
657 862
658 863
659 864
660 865
661 866
662 867
663 868
664 869
665 871
666 872
667 873
668 874
669 875
670 876
671 877
672 878
673 879
674 880
675 881
676 882
677 883
678 884
679 888
680 889
681 890
682 891
683 894
684 895
685 896
686 897
687 898
688 899
689 900
690 901
691 902
692 904
693 905
694 908
695 910
696 911
697 912
698 913
699 919
700 920
701 921
702 922
703 923
704 924
705 925
706 926
707 927
708 928
709 929
710 930
711 931
712 932
713 933
714 934
715 935
716 936
717 938
718 940
719 941
720 942
721 943
722 944
723 945
724 946
725 947
726 953
727 957
728 959
729 960
730 961
731 962
732 963
733 964
734 965
735 966
736 967
737 968
738 969
739 970
740 971
741 972
742 973
743 975
744 976
745 977
746 978
747 982
748 984
749 985
750 986
751 987
752 988
753 989
754 990
755 993
756 994
757 995
758 996
759 997
760 998
761 999
762 1000
763 1001
764 1002
765 1003
766 1004
767 1006
768 1008
769 1009
770 1010
771 1013
772 1016
773 1017
774 1018
775 1019
776 1020
777 1021
778 1022
779 1026
780 1027
781 1028
782 1029
783 1030
784 1032
785 1033
786 1034
787 1035
788 1036
789 1037
790 1038
791 1041
792 1044
793 1045
794 1046
795 1047
796 1049
797 1056
798 1057
799 1058
800 1059
801 1060
802 1061
803 1062
804 1063
805 1065
806 1066
807 1067
808 1068
809 1069
810 1070
811 1071
812 1073
813 1074
814 1076
815 1077
816 1078
817 1079
818 1081
819 1082
820 1083
821 1084
822 1085
823 1086
824 1087
825 1090
826 1091
827 1092
828 1093
829 1094
830 1095
831 1096
832 1097
833 1098
834 1099
835 1100
836 1101
837 1104
838 1107
839 1108
840 1109
841 1110
842 1112
843 1114
844 1120
845 1121
846 1123
847 1124
848 1125
849 1127
850 1129
851 1130
852 1131
853 1132
854 1133
855 1134
856 1135
857 1136
858 1137
859 1138
860 1139
861 1140
862 1141
863 1142
864 1143
865 1144
866 1145
867 1146
868 1147
869 1148
870 1149
871 1150
872 1152
873 1155
874 1157
875 1158
876 1159
877 1160
878 1161
879 1163
880 1164
881 1167
882 1168
883 1169
884 1170
885 1171
886 1172
887 1173
888 1174
889 1175
890 1176
891 1177
892 1178
893 1179
894 1180
895 1183
896 1184
897 1185
898 1186
899 1187
900 1188
901 1189
902 1190
903 1191
904 1192
905 1193
906 1194
907 1195
908 1196
909 1197
910 1198
911 1199
912 1200
913 1201
914 1202
915 1203
916 1204
917 1205
918 1206
919 1207
920 1209
921 1211
922 1213
923 1214
924 1215
925 1216
926 1217
927 1218
928 1221
929 1222
930 1223
931 1226
932 1227
933 1228
934 1229
935 1230
936 1231
937 1232
938 1233
939 1234
940 1235
941 1236
942 1238
943 1240
944 1241
945 1242
946 1243
947 1244
948 1245
949 1246
950 1248
951 1251
952 1252
953 1253
954 1254
955 1255
956 1256
957 1257
958 1258
959 1259
960 1260
961 1261
962 1262
963 1263
964 1264
965 1265
966 1266
967 1267
968 1268
969 1269
970 1270
971 1271
972 1273
973 1274
974 1275
975 1276
976 1278
977 1279
978 1280
979 1281
980 1282
981 1283
982 1284
983 1285
984 1286
985 1287
986 1291
987 1292
988 1293
989 1294
990 1295
991 1296
992 1297
993 1298
994 1299
995 1300
996 1301
997 1303
998 1304
999 1305
1000 1306
1001 1307
1002 1308
1003 1309
1004 1310
1005 1311
1006 1314
1007 1317
1008 1318
1009 1319
1010 1320
1011 1321
1012 1322
1013 1323
1014 1324
1015 1325
1016 1326
1017 1327
1018 1328
1019 1330
1020 1333
1021 1334
1022 1336
1023 1337
1024 1338
1025 1339
1026 1341
1027 1342
1028 1343
1029 1344
1030 1345
1031 1346
1032 1347
1033 1349
1034 1350
1035 1351
1036 1352
1037 1354
1038 1355
1039 1356
1040 1357
1041 1358
1042 1360
1043 1363
1044 1364
1045 1365
1046 1366
1047 1367
1048 1368
1049 1369
1050 1370
1051 1371
1052 1372
1053 1373
1054 1374
1055 1377
1056 1378
1057 1379
1058 1383
1059 1384
1060 1385
1061 1387
1062 1388
1063 1389
1064 1390
1065 1391
1066 1394
1067 1395
1068 1399
1069 1400
1070 1401
1071 1402
1072 1404
1073 1405
1074 1406
1075 1407
1076 1408
1077 1409
1078 1410
1079 1411
1080 1414
1081 1415
1082 1417
1083 1419
1084 1420
1085 1422
1086 1424
1087 1425
1088 1427
1089 1428
1090 1429
1091 1430
1092 1431
1093 1432
1094 1433
1095 1434
1096 1435
1097 1436
1098 1437
1099 1438
1100 1439
1101 1440
1102 1442
1103 1443
1104 1446
1105 1447
1106 1448
1107 1449
1108 1450
1109 1451
1110 1452
1111 1453
1112 1454
1113 1457
1114 1458
1115 1459
1116 1460
1117 1461
1118 1463
1119 1464
1120 1465
1121 1466
1122 1468
1123 1469
1124 1470
1125 1471
1126 1472
1127 1473
1128 1474
1129 1480
1130 1481
1131 1482
1132 1484
1133 1485
1134 1486
1135 1487
1136 1488
1137 1489
1138 1490
1139 1491
1140 1492
1141 1493
1142 1494
1143 1495
1144 1496
1145 1497
1146 1498
1147 1499
1148 1500
1149 1501
1150 1502
1151 1503
1152 1504
1153 1505
1154 1506
1155 1507
1156 1508
1157 1509
1158 1510
1159 1511
1160 1512
1161 1515
1162 1516
1163 1517
1164 1518
1165 1519
1166 1520
1167 1521
1168 1522
1169 1523
1170 1524
1171 1525
1172 1526
1173 1527
1174 1528
1175 1529
1176 1530
1177 1531
1178 1533
1179 1535
1180 1536
1181 1537
1182 1538
1183 1539
1184 1542
1185 1543
1186 1544
1187 1545
1188 1547
1189 1548
1190 1549
1191 1550
1192 1551
1193 1552
1194 1553
1195 1554
1196 1555
1197 1556
1198 1558
1199 1559
1200 1560
1201 1561
1202 1562
1203 1563
1204 1564
1205 1565
1206 1566
1207 1567
1208 1568
1209 1569
1210 1570
1211 1571
1212 1572
1213 1573
1214 1574
1215 1575
1216 1579
1217 1580
1218 1581
1219 1582
1220 1583
1221 1584
1222 1585
1223 1586
1224 1589
1225 1590
1226 1591
1227 1592
1228 1594
1229 1596
1230 1597
1231 1598
1232 1599
1233 1600
1234 1601
1235 1602
1236 1603
1237 1605
1238 1606
1239 1607
1240 1608
1241 1612
1242 1614
1243 1615
1244 1616
1245 1617
1246 1618
1247 1619
1248 1621
1249 1622
1250 1623
1251 1624
1252 1625
1253 1626
1254 1627
1255 1628
1256 1630
1257 1632
1258 1633
1259 1634
1260 1635
1261 1636
1262 1638
1263 1639
1264 1640
1265 1642
1266 1644
1267 1645
1268 1646
1269 1647
1270 1648
1271 1649
1272 1650
1273 1651
1274 1653
1275 1654
1276 1656
1277 1659
1278 1660
1279 1661
1280 1662
1281 1663
1282 1664
1283 1665
1284 1666
1285 1667
1286 1670
1287 1671
1288 1672
1289 1680
1290 1681
1291 1682
1292 1684
1293 1686
1294 1689
1295 1691
1296 1692
1297 1693
1298 1694
1299 1695
1300 1696
1301 1697
1302 1699
1303 1702
1304 1703
1305 1704
1306 1705
1307 1706
1308 1707
1309 1709
1310 1710
1311 1711
1312 1712
1313 1713
1314 1714
1315 1716
1316 1717
1317 1718
1318 1719
1319 1720
1320 1721
1321 1722
1322 1723
1323 1724
1324 1725
1325 1726
1326 1727
1327 1728
1328 1730
1329 1731
1330 1732
1331 1734
1332 1735
1333 1736
1334 1740
1335 1742
1336 1744
1337 1745
1338 1747
1339 1748
1340 1749
1341 1750
1342 1753
1343 1756
1344 1757
1345 1758
1346 1760
1347 1762
1348 1763
1349 1764
1350 1767
1351 1768
1352 1770
1353 1771
1354 1772
1355 1773
1356 1774
1357 1775
1358 1776
1359 1777
1360 1778
1361 1781
1362 1783
1363 1784
1364 1785
1365 1786
1366 1787
1367 1788
1368 1789
1369 1791
1370 1793
1371 1794
1372 1795
1373 1796
1374 1798
1375 1799
1376 1801
1377 1803
1378 1804
1379 1805
1380 1806
1381 1807
1382 1808
1383 1809
1384 1812
1385 1813
1386 1814
1387 1815
1388 1816
1389 1817
1390 1818
1391 1821
1392 1825
1393 1826
1394 1827
1395 1828
1396 1829
1397 1831
1398 1832
1399 1833
1400 1835
1401 1837
1402 1838
1403 1839
1404 1840
1405 1841
1406 1842
1407 1843
1408 1846
1409 1847
1410 1848
1411 1849
1412 1850
1413 1851
1414 1852
1415 1854
1416 1856
1417 1857
1418 1858
1419 1859
1420 1860
1421 1861
1422 1862
1423 1863
1424 1864
1425 1865
1426 1866
1427 1867
1428 1868
1429 1869
1430 1870
1431 1871
1432 1872
1433 1873
1434 1874
1435 1876
1436 1877
1437 1878
1438 1880
1439 1881
1440 1882
1441 1884
1442 1885
1443 1886
1444 1888
1445 1889
1446 1890
1447 1891
1448 1892
1449 1893
1450 1894
1451 1895
1452 1896
1453 1900
1454 1901
1455 1902
1456 1903
1457 1904
1458 1905
1459 1906
1460 1908
1461 1909
1462 1910
1463 1911
1464 1912
1465 1913
1466 1914
1467 1915
1468 1916
1469 1917
1470 1918
1471 1919
1472 1921
1473 1922
1474 1923
1475 1924
1476 1925
1477 1926
1478 1927
1479 1928
1480 1929
1481 1930
1482 1931
1483 1932
1484 1933
1485 1934
1486 1935
1487 1936
1488 1937
1489 1939
1490 1941
1491 1942
1492 1943
1493 1944
1494 1945
1495 1946
1496 1947
1497 1949
1498 1951
1499 1952
1500 1953
1501 1954
1502 1955
1503 1956
1504 1957
1505 1958
1506 1959
1507 1960
1508 1961
1509 1965
1510 1966
1511 1967
1512 1968
1513 1969
1514 1970
1515 1971
1516 1972
1517 1973
1518 1974
1519 1975
1520 1976
1521 1977
1522 1979
1523 1980
1524 1981
1525 1982
1526 1983
1527 1984
1528 1986
1529 1988
1530 1989
1531 1990
1532 1991
1533 1992
1534 1993
1535 1994
1536 1996
1537 1997
1538 1998
1539 1999
1540 2002
1541 2003
1542 2004
1543 2005
1544 2006
1545 2007
1546 2008
1547 2009
1548 2010
1549 2014
1550 2015
1551 2016
1552 2017
1553 2018
1554 2019
1555 2021
1556 2023
1557 2024
1558 2025
1559 2026
1560 2029
1561 2030
1562 2031
1563 2032
1564 2033
1565 2034
1566 2035
1567 2036
1568 2037
1569 2038
1570 2039
1571 2040
1572 2042
1573 2044
1574 2046
1575 2047
1576 2048
1577 2052
1578 2053
1579 2054
1580 2056
1581 2057
1582 2058
1583 2060
1584 2061
1585 2062
1586 2063
1587 2064
1588 2066
1589 2067
1590 2068
1591 2069
1592 2070
1593 2072
1594 2073
1595 2074
1596 2077
1597 2079
1598 2080
1599 2081
1600 2082
1601 2083
1602 2084
1603 2085
1604 2086
1605 2088
1606 2089
1607 2090
1608 2091
1609 2092
1610 2093
1611 2094
1612 2097
1613 2098
1614 2099
1615 2100
1616 2101
1617 2102
1618 2105
1619 2106
1620 2107
1621 2108
1622 2110
1623 2111
1624 2113
1625 2114
1626 2116
1627 2117
1628 2118
1629 2119
1630 2120
1631 2121
1632 2122
1633 2123
1634 2125
1635 2126
1636 2127
1637 2128
1638 2129
1639 2130
1640 2131
1641 2132
1642 2133
1643 2134
1644 2135
1645 2136
1646 2137
1647 2140
1648 2141
1649 2142
1650 2143
1651 2144
1652 2145
1653 2146
1654 2147
1655 2148
1656 2149
1657 2150
1658 2152
1659 2153
1660 2154
1661 2155
1662 2156
1663 2157
1664 2158
1665 2161
1666 2162
1667 2163
1668 2168
1669 2169
1670 2170
1671 2171
1672 2172
1673 2173
1674 2175
1675 2176
1676 2177
1677 2178
1678 2179
1679 2180
1680 2181
1681 2182
1682 2183
1683 2184
1684 2185
1685 2186
1686 2187
1687 2188
1688 2190
1689 2191
1690 2192
1691 2193
1692 2194
1693 2195
1694 2196
1695 2197
1696 2198
1697 2199
1698 2200
1699 2201
1700 2202
1701 2205
1702 2206
1703 2207
1704 2208
1705 2209
1706 2210
1707 2211
1708 2213
1709 2214
1710 2215
1711 2216
1712 2217
1713 2218
1714 2219
1715 2220
1716 2221
1717 2225
1718 2226
1719 2227
1720 2231
1721 2232
1722 2233
1723 2234
1724 2236
1725 2239
1726 2240
1727 2241
1728 2242
1729 2244
1730 2246
1731 2247
1732 2248
1733 2249
1734 2250
1735 2251
1736 2252
1737 2253
1738 2254
1739 2255
1740 2256
1741 2257
1742 2258
1743 2259
1744 2260
1745 2261
1746 2262
1747 2263
1748 2264
1749 2265
1750 2271
1751 2272
1752 2273
1753 2274
1754 2275
1755 2277
1756 2278
1757 2279
1758 2280
1759 2281
1760 2282
1761 2283
1762 2284
1763 2288
1764 2289
1765 2290
1766 2291
1767 2296
1768 2297
1769 2301
1770 2302
1771 2303
1772 2304
1773 2305
1774 2307
1775 2308
1776 2309
1777 2310
1778 2312
1779 2313
1780 2314
1781 2315
1782 2316
1783 2317
1784 2318
1785 2319
1786 2320
1787 2322
1788 2323
1789 2324
1790 2325
1791 2326
1792 2327
1793 2330
1794 2334
1795 2335
1796 2336
1797 2337
1798 2338
1799 2340
1800 2341
1801 2342
1802 2343
1803 2344
1804 2345
1805 2346
1806 2347
1807 2351
1808 2352
1809 2353
1810 2354
1811 2355
1812 2356
1813 2359
1814 2364
1815 2365
1816 2366
1817 2367
1818 2368
1819 2369
1820 2370
1821 2371
1822 2372
1823 2373
1824 2374
1825 2375
1826 2377
1827 2378
1828 2379
1829 2380
1830 2381
1831 2382
1832 2383
1833 2384
1834 2385
1835 2387
1836 2388
1837 2389
1838 2390
1839 2391
1840 2392
1841 2393
1842 2394
1843 2395
1844 2398
1845 2399
1846 2400
1847 2401
1848 2402
1849 2403
1850 2405
1851 2406
1852 2407
1853 2408
1854 2409
1855 2410
1856 2414
1857 2415
1858 2416
1859 2417
1860 2418
1861 2419
1862 2420
1863 2422
1864 2423
1865 2424
1866 2425
1867 2428
1868 2429
1869 2430
1870 2431
1871 2432
1872 2433
1873 2434
1874 2435
1875 2437
1876 2438
1877 2439
1878 2440
1879 2443
1880 2444
1881 2445
1882 2446
1883 2447
1884 2448
1885 2449
1886 2450
1887 2451
1888 2452
1889 2453
1890 2454
1891 2455
1892 2456
1893 2457
1894 2458
1895 2459
1896 2460
1897 2463
1898 2464
1899 2465
1900 2466
1901 2470
1902 2472
1903 2473
1904 2474
1905 2477
1906 2478
1907 2479
1908 2480
1909 2481
1910 2482
1911 2483
1912 2484
1913 2485
1914 2487
1915 2488
1916 2489
1917 2490
1918 2491
1919 2493
1920 2495
1921 2497
1922 2498
1923 2499
1924 2503
1925 2507
1926 2508
1927 2509
1928 2510
1929 2511
1930 2512
1931 2513
1932 2516
1933 2517
1934 2518
1935 2519
1936 2520
1937 2521
1938 2522
1939 2523
1940 2524
1941 2525
1942 2534
1943 2535
1944 2537
1945 2542
1946 2543
1947 2545
1948 2546
1949 2548
1950 2549
1951 2550
1952 2551
1953 2553
1954 2554
1955 2555
1956 2556
1957 2557
1958 2558
1959 2560
1960 2561
1961 2562
1962 2563
1963 2566
1964 2567
1965 2568
1966 2569
1967 2570
1968 2571
1969 2572
1970 2575
1971 2576
1972 2577
1973 2578
1974 2579
1975 2580
1976 2581
1977 2582
1978 2583
1979 2584
1980 2585
1981 2588
1982 2590
1983 2595
1984 2597
1985 2598
1986 2599
1987 2600
1988 2603
1989 2604
1990 2606
1991 2608
1992 2609
1993 2610
1994 2611
1995 2613
1996 2614
1997 2615
1998 2616
1999 2618
2000 2619
2001 2620
2002 2621
2003 2623
2004 2624
2005 2625
2006 2626
2007 2627
2008 2628
2009 2631
2010 2632
2011 2633
2012 2634
2013 2635
2014 2636
2015 2638
2016 2639
2017 2640
2018 2641
2019 2644
2020 2645
2021 2647
2022 2648
2023 2649
2024 2653
2025 2654
2026 2655
2027 2657
2028 2658
2029 2659
2030 2660
2031 2662
2032 2663
2033 2664
2034 2666
2035 2667
2036 2668
2037 2669
2038 2670
2039 2671
2040 2672
2041 2673
2042 2674
2043 2675
2044 2676
2045 2677
2046 2678
2047 2679
2048 2680
2049 2681
2050 2682
2051 2683
2052 2684
2053 2686
2054 2687
2055 2689
2056 2690
2057 2691
2058 2692
2059 2694
2060 2696
2061 2697
2062 2698
2063 2699
2064 2700
2065 2701
2066 2702
2067 2703
2068 2707
2069 2708
2070 2709
2071 2710
2072 2712
2073 2713
2074 2714
2075 2718
2076 2719
2077 2720
2078 2721
2079 2722
2080 2723
2081 2724
2082 2726
2083 2727
2084 2728
2085 2729
2086 2731
2087 2732
2088 2733
2089 2734
2090 2735
2091 2736
2092 2737
2093 2738
2094 2739
2095 2740
2096 2741
2097 2742
2098 2743
2099 2746
2100 2747
2101 2748
2102 2750
2103 2751
2104 2752
2105 2753
2106 2754
2107 2755
2108 2756
2109 2757
2110 2758
2111 2759
2112 2761
2113 2764
2114 2765
2115 2766
2116 2767
2117 2769
2118 2770
2119 2771
2120 2772
2121 2773
2122 2775
2123 2776
2124 2777
2125 2778
2126 2779
2127 2780
2128 2781
2129 2782
2130 2783
2131 2784
2132 2785
2133 2786
2134 2787
2135 2788
2136 2791
2137 2792
2138 2795
2139 2796
2140 2797
2141 2798
2142 2799
2143 2800
2144 2801
2145 2802
2146 2804
2147 2805
2148 2806
2149 2807
2150 2808
2151 2809
2152 2811
2153 2812
2154 2813
2155 2814
2156 2815
2157 2817
2158 2818
2159 2819
2160 2820
2161 2821
2162 2822
2163 2823
2164 2824
2165 2827
2166 2828
2167 2829
2168 2830
2169 2832
2170 2833
2171 2834
2172 2835
2173 2838
2174 2840
2175 2842
2176 2843
2177 2844
2178 2845
2179 2846
2180 2847
2181 2848
2182 2849
2183 2850
2184 2851
2185 2853
2186 2854
2187 2855
2188 2856
2189 2857
2190 2858
2191 2859
2192 2860
2193 2861
2194 2862
2195 2863
2196 2864
2197 2865
2198 2866
2199 2867
2200 2868
2201 2869
2202 2870
2203 2871
2204 2872
2205 2873
2206 2874
2207 2876
2208 2878
2209 2879
2210 2880
2211 2881
2212 2882
2213 2883
2214 2884
2215 2885
2216 2886
2217 2887
2218 2890
2219 2891
2220 2892
2221 2895
2222 2896
2223 2897
2224 2898
2225 2901
2226 2902
2227 2903
2228 2908
2229 2909
2230 2910
2231 2911
2232 2912
2233 2913
2234 2914
2235 2916
2236 2917
2237 2918
2238 2919
2239 2920
2240 2921
2241 2922
2242 2923
2243 2924
2244 2925
2245 2926
2246 2927
2247 2928
2248 2930
2249 2931
2250 2932
2251 2933
2252 2934
2253 2935
2254 2936
2255 2937
2256 2942
2257 2943
2258 2944
2259 2945
2260 2946
2261 2947
2262 2948
2263 2950
2264 2954
2265 2955
2266 2956
2267 2958
2268 2959
2269 2960
2270 2961
2271 2962
2272 2963
2273 2965
2274 2966
2275 2967
2276 2968
2277 2970
2278 2971
2279 2973
2280 2974
2281 2975
2282 2976
2283 2977
2284 2978
2285 2981
2286 2982
2287 2983
2288 2984
2289 2985
2290 2986
2291 2988
2292 2989
2293 2990
2294 2991
2295 2992
2296 2994
2297 2995
2298 2996
2299 2998
2300 2999
2301 3000
2302 3001
2303 3005
2304 3006
2305 3007
2306 3008
2307 3009
2308 3010
2309 3011
2310 3012
2311 3014
2312 3016
2313 3017
2314 3018
2315 3019
2316 3021
2317 3022
2318 3023
2319 3024
2320 3025
2321 3026
2322 3027
2323 3028
2324 3029
2325 3030
2326 3031
2327 3033
2328 3034
2329 3035
2330 3036
2331 3039
2332 3041
2333 3042
2334 3043
2335 3044
2336 3045
2337 3046
2338 3047
2339 3049
2340 3053
2341 3054
2342 3055
2343 3056
2344 3057
2345 3058
2346 3059
2347 3060
2348 3061
2349 3062
2350 3063
2351 3064
2352 3065
2353 3066
2354 3067
2355 3069
2356 3070
2357 3071
2358 3072
2359 3073
2360 3074
2361 3075
2362 3077
2363 3078
2364 3079
2365 3080
2366 3081
2367 3082
2368 3083
2369 3084
2370 3086
2371 3088
2372 3089
2373 3091
2374 3092
2375 3093
2376 3094
2377 3097
2378 3098
2379 3099
2380 3103
2381 3104
2382 3105
2383 3106
2384 3109
2385 3111
2386 3112
2387 3113
2388 3114
2389 3117
2390 3118
2391 3119
2392 3120
2393 3121
2394 3122
2395 3123
2396 3124
2397 3125
2398 3126
2399 3127
2400 3128
2401 3129
2402 3130
2403 3131
2404 3132
2405 3134
2406 3135
2407 3136
2408 3137
2409 3138
2410 3140
2411 3141
2412 3142
2413 3143
2414 3144
2415 3145
2416 3146
2417 3147
2418 3148
2419 3152
2420 3153
2421 3154
2422 3156
2423 3157
2424 3159
2425 3160
2426 3161
2427 3162
2428 3163
2429 3165
2430 3166
2431 3167
2432 3168
2433 3169
2434 3172
2435 3173
2436 3174
2437 3175
2438 3176
2439 3177
2440 3180
2441 3181
2442 3182
2443 3183
2444 3184
2445 3185
2446 3186
2447 3187
2448 3188
2449 3189
2450 3190
2451 3191
2452 3192
2453 3194
2454 3195
2455 3197
2456 3198
2457 3199
2458 3200
2459 3201
2460 3202
2461 3203
2462 3204
2463 3205
2464 3206
2465 3207
2466 3208
2467 3209
2468 3210
2469 3211
2470 3213
2471 3215
2472 3216
2473 3217
2474 3218
2475 3219
2476 3220
2477 3221
2478 3222
2479 3223
2480 3224
2481 3225
2482 3226
2483 3227
2484 3228
2485 3229
2486 3230
2487 3231
2488 3232
2489 3233
2490 3234
2491 3237
2492 3238
2493 3239
2494 3240
2495 3241
2496 3245
2497 3246
2498 3247
2499 3248
2500 3249
2501 3250
2502 3251
2503 3252
2504 3253
2505 3254
2506 3259
2507 3260
2508 3261
2509 3262
2510 3263
2511 3264
2512 3265
2513 3266
2514 3267
2515 3268
2516 3269
2517 3270
2518 3271
2519 3272
2520 3273
2521 3276
2522 3277
2523 3278
2524 3279
2525 3280
2526 3281
2527 3282
2528 3284
2529 3285
2530 3287
2531 3289
2532 3290
2533 3291
2534 3292
2535 3293
2536 3295
2537 3296
2538 3297
2539 3298
2540 3301
2541 3302
2542 3303
2543 3304
2544 3306
2545 3307
2546 3310
2547 3311
2548 3313
2549 3314
2550 3315
2551 3316
2552 3317
2553 3318
2554 3319
2555 3320
2556 3322
2557 3323
2558 3324
2559 3325
2560 3326
2561 3327
2562 3328
2563 3329
2564 3330
2565 3331
2566 3333
2567 3334
2568 3335
2569 3340
2570 3341
2571 3342
2572 3343
2573 3344
2574 3345
2575 3346
2576 3347
2577 3348
2578 3349
2579 3352
2580 3353
2581 3354
2582 3355
2583 3356
2584 3360
2585 3361
2586 3362
2587 3363
2588 3366
2589 3367
2590 3368
2591 3369
2592 3370
2593 3371
2594 3372
2595 3374
2596 3375
2597 3376
2598 3377
2599 3378
2600 3379
2601 3380
2602 3382
2603 3383
2604 3384
2605 3385
2606 3386
2607 3387
2608 3388
2609 3389
2610 3390
2611 3391
2612 3394
2613 3395
2614 3396
2615 3397
2616 3398
2617 3404
2618 3405
2619 3406
2620 3407
2621 3409
2622 3410
2623 3411
2624 3412
2625 3415
2626 3416
2627 3417
2628 3421
2629 3423
2630 3425
2631 3426
2632 3427
2633 3428
2634 3429
2635 3431
2636 3432
2637 3433
2638 3434
2639 3435
2640 3438
2641 3439
2642 3440
2643 3441
2644 3442
2645 3443
2646 3444
2647 3445
2648 3447
2649 3448
2650 3449
2651 3450
2652 3451
2653 3452
2654 3453
2655 3455
2656 3456
2657 3459
2658 3460
2659 3461
2660 3463
2661 3464
2662 3469
2663 3470
2664 3471
2665 3474
2666 3475
2667 3476
2668 3478
2669 3479
2670 3480
2671 3481
2672 3482
2673 3483
2674 3484
2675 3485
2676 3486
2677 3487
2678 3488
2679 3489
2680 3490
2681 3491
2682 3492
2683 3493
2684 3494
2685 3495
2686 3496
2687 3497
2688 3499
2689 3500
2690 3501
2691 3502
2692 3503
2693 3504
2694 3505
2695 3506
2696 3508
2697 3510
2698 3512
2699 3513
2700 3514
2701 3515
2702 3516
2703 3517
2704 3518
2705 3519
2706 3520
2707 3523
2708 3524
2709 3525
2710 3526
2711 3527
2712 3528
2713 3529
2714 3532
2715 3533
2716 3534
2717 3535
2718 3536
2719 3539
2720 3542
2721 3543
2722 3544
2723 3545
2724 3546
2725 3547
2726 3548
2727 3549
2728 3550
2729 3551
2730 3552
2731 3553
2732 3554
2733 3555
2734 3556
2735 3557
2736 3558
2737 3559
2738 3560
2739 3561
2740 3562
2741 3563
2742 3564
2743 3565
2744 3566
2745 3569
2746 3573
2747 3574
2748 3575
2749 3577
2750 3578
2751 3579
2752 3580
2753 3581
2754 3582
2755 3583
2756 3584
2757 3585
2758 3587
2759 3588
2760 3589
2761 3590
2762 3591
2763 3592
2764 3593
2765 3597
2766 3598
2767 3599
2768 3600
2769 3601
2770 3602
2771 3603
2772 3604
2773 3605
2774 3606
2775 3607
2776 3608
2777 3609
2778 3610
2779 3611
2780 3612
2781 3613
2782 3614
2783 3615
2784 3616
2785 3617
2786 3618
2787 3619
2788 3621
2789 3622
2790 3623
2791 3624
2792 3626
2793 3627
2794 3628
2795 3629
2796 3630
2797 3631
2798 3633
2799 3635
2800 3636
2801 3637
2802 3638
2803 3639
2804 3640
2805 3642
2806 3645
2807 3646
2808 3647
2809 3648
2810 3652
2811 3653
2812 3654
2813 3656
2814 3657
2815 3658
2816 3661
2817 3663
2818 3664
2819 3665
2820 3666
2821 3667
2822 3668
2823 3670
2824 3671
2825 3672
2826 3673
2827 3674
2828 3675
2829 3676
2830 3677
2831 3679
2832 3680
2833 3681
2834 3683
2835 3685
2836 3686
2837 3687
2838 3689
2839 3690
2840 3691
2841 3692
2842 3693
2843 3694
2844 3695
2845 3696
2846 3697
2847 3698
2848 3699
2849 3700
2850 3701
2851 3703
2852 3704
2853 3707
2854 3708
2855 3709
2856 3710
2857 3711
2858 3715
2859 3716
2860 3717
2861 3719
2862 3720
2863 3721
2864 3722
2865 3724
2866 3725
2867 3726
2868 3728
2869 3729
2870 3730
2871 3731
2872 3733
2873 3734
2874 3735
2875 3736
2876 3737
2877 3740
2878 3741
2879 3743
2880 3744
2881 3745
2882 3746
2883 3747
2884 3748
2885 3750
2886 3751
2887 3752
2888 3753
2889 3754
2890 3758
2891 3759
2892 3760
2893 3761
2894 3762
2895 3763
2896 3764
2897 3765
2898 3766
2899 3767
2900 3768
2901 3769
2902 3770
2903 3771
2904 3772
2905 3773
2906 3774
2907 3775
2908 3777
2909 3779
2910 3780
2911 3783
2912 3784
2913 3785
2914 3786
2915 3787
2916 3789
2917 3793
2918 3794
2919 3796
2920 3797
2921 3798
2922 3799
2923 3800
2924 3801
2925 3802
2926 3803
2927 3804
2928 3805
2929 3806
2930 3807
2931 3808
2932 3809
2933 3810
2934 3811
2935 3812
2936 3813
2937 3814
2938 3815
2939 3816
2940 3817
2941 3823
2942 3824
2943 3825
2944 3826
2945 3827
2946 3829
2947 3831
2948 3832
2949 3833
2950 3834
2951 3835
2952 3838
2953 3840
2954 3841
2955 3842
2956 3843
2957 3844
2958 3845
2959 3846
2960 3847
2961 3848
2962 3849
2963 3850
2964 3851
2965 3855
2966 3857
2967 3859
2968 3860
2969 3861
2970 3862
2971 3863
2972 3864
2973 3865
2974 3866
2975 3867
2976 3868
2977 3869
2978 3870
2979 3871
2980 3872
2981 3873
2982 3874
2983 3875
2984 3876
2985 3877
2986 3878
2987 3879
2988 3880
2989 3882
2990 3886
2991 3887
2992 3888
2993 3889
2994 3890
2995 3895
2996 3896
2997 3897
2998 3898
2999 3902
3000 3904
3001 3905
3002 3906
3003 3907
3004 3908
3005 3909
3006 3910
3007 3911
3008 3912
3009 3913
3010 3914
3011 3917
3012 3918
3013 3919
3014 3920
3015 3921
3016 3922
3017 3923
3018 3924
3019 3925
3020 3926
3021 3928
3022 3931
3023 3933
3024 3934
3025 3936
3026 3937
3027 3938
3028 3940
3029 3941
3030 3942
3031 3945
3032 3946
3033 3947
3034 3949
3035 3950
3036 3951
3037 3952
3038 3953
3039 3956
3040 3960
3041 3961
3042 3962
3043 3965
3044 3966
3045 3967
3046 3969
3047 3970
3048 3971
3049 3972
3050 3973
3051 3974
3052 3975
3053 3976
3054 3977
3055 3978
3056 3980
3057 3981
3058 3982
3059 3983
3060 3984
3061 3985
3062 3986
3063 3987
3064 3989
3065 3990
3066 3991
3067 3992
3068 3993
3069 3994
3070 3996
3071 3997
3072 3998
3073 3999
3074 4000
3075 4001
3076 4002
3077 4003
3078 4005
3079 4010
3080 4013
3081 4014
3082 4015
3083 4016
3084 4019
3085 4020
3086 4021
3087 4022
3088 4025
3089 4028
3090 4029
3091 4030
3092 4031
3093 4032
3094 4033
3095 4034
3096 4035
3097 4036
3098 4037
3099 4038
3100 4039
3101 4040
3102 4041
3103 4044
3104 4045
3105 4046
3106 4047
3107 4048
3108 4049
3109 4050
3110 4052
3111 4054
3112 4055
3113 4056
3114 4057
3115 4058
3116 4059
3117 4060
3118 4061
3119 4064
3120 4065
3121 4066
3122 4068
3123 4069
3124 4070
3125 4071
3126 4072
3127 4076
3128 4077
3129 4078
3130 4079
3131 4084
3132 4085
3133 4086
3134 4087
3135 4088
3136 4090
3137 4091
3138 4092
3139 4093
3140 4094
3141 4095
