dx 0.050000
dy 0.050000
numResidualPts 400
numStatePts 400
0 0.025000 0.025000 19 0.975000 0.025000 20 0.025000 0.075000 1 0.075000 0.025000 380 0.025000 0.975000 
1 0.075000 0.025000 0 0.025000 0.025000 21 0.075000 0.075000 2 0.125000 0.025000 381 0.075000 0.975000 
2 0.125000 0.025000 1 0.075000 0.025000 22 0.125000 0.075000 3 0.175000 0.025000 382 0.125000 0.975000 
3 0.175000 0.025000 2 0.125000 0.025000 23 0.175000 0.075000 4 0.225000 0.025000 383 0.175000 0.975000 
4 0.225000 0.025000 3 0.175000 0.025000 24 0.225000 0.075000 5 0.275000 0.025000 384 0.225000 0.975000 
5 0.275000 0.025000 4 0.225000 0.025000 25 0.275000 0.075000 6 0.325000 0.025000 385 0.275000 0.975000 
6 0.325000 0.025000 5 0.275000 0.025000 26 0.325000 0.075000 7 0.375000 0.025000 386 0.325000 0.975000 
7 0.375000 0.025000 6 0.325000 0.025000 27 0.375000 0.075000 8 0.425000 0.025000 387 0.375000 0.975000 
8 0.425000 0.025000 7 0.375000 0.025000 28 0.425000 0.075000 9 0.475000 0.025000 388 0.425000 0.975000 
9 0.475000 0.025000 8 0.425000 0.025000 29 0.475000 0.075000 10 0.525000 0.025000 389 0.475000 0.975000 
10 0.525000 0.025000 9 0.475000 0.025000 30 0.525000 0.075000 11 0.575000 0.025000 390 0.525000 0.975000 
11 0.575000 0.025000 10 0.525000 0.025000 31 0.575000 0.075000 12 0.625000 0.025000 391 0.575000 0.975000 
12 0.625000 0.025000 11 0.575000 0.025000 32 0.625000 0.075000 13 0.675000 0.025000 392 0.625000 0.975000 
13 0.675000 0.025000 12 0.625000 0.025000 33 0.675000 0.075000 14 0.725000 0.025000 393 0.675000 0.975000 
14 0.725000 0.025000 13 0.675000 0.025000 34 0.725000 0.075000 15 0.775000 0.025000 394 0.725000 0.975000 
15 0.775000 0.025000 14 0.725000 0.025000 35 0.775000 0.075000 16 0.825000 0.025000 395 0.775000 0.975000 
16 0.825000 0.025000 15 0.775000 0.025000 36 0.825000 0.075000 17 0.875000 0.025000 396 0.825000 0.975000 
17 0.875000 0.025000 16 0.825000 0.025000 37 0.875000 0.075000 18 0.925000 0.025000 397 0.875000 0.975000 
18 0.925000 0.025000 17 0.875000 0.025000 38 0.925000 0.075000 19 0.975000 0.025000 398 0.925000 0.975000 
19 0.975000 0.025000 18 0.925000 0.025000 39 0.975000 0.075000 0 0.025000 0.025000 399 0.975000 0.975000 
20 0.025000 0.075000 39 0.975000 0.075000 40 0.025000 0.125000 21 0.075000 0.075000 0 0.025000 0.025000 
21 0.075000 0.075000 20 0.025000 0.075000 41 0.075000 0.125000 22 0.125000 0.075000 1 0.075000 0.025000 
22 0.125000 0.075000 21 0.075000 0.075000 42 0.125000 0.125000 23 0.175000 0.075000 2 0.125000 0.025000 
23 0.175000 0.075000 22 0.125000 0.075000 43 0.175000 0.125000 24 0.225000 0.075000 3 0.175000 0.025000 
24 0.225000 0.075000 23 0.175000 0.075000 44 0.225000 0.125000 25 0.275000 0.075000 4 0.225000 0.025000 
25 0.275000 0.075000 24 0.225000 0.075000 45 0.275000 0.125000 26 0.325000 0.075000 5 0.275000 0.025000 
26 0.325000 0.075000 25 0.275000 0.075000 46 0.325000 0.125000 27 0.375000 0.075000 6 0.325000 0.025000 
27 0.375000 0.075000 26 0.325000 0.075000 47 0.375000 0.125000 28 0.425000 0.075000 7 0.375000 0.025000 
28 0.425000 0.075000 27 0.375000 0.075000 48 0.425000 0.125000 29 0.475000 0.075000 8 0.425000 0.025000 
29 0.475000 0.075000 28 0.425000 0.075000 49 0.475000 0.125000 30 0.525000 0.075000 9 0.475000 0.025000 
30 0.525000 0.075000 29 0.475000 0.075000 50 0.525000 0.125000 31 0.575000 0.075000 10 0.525000 0.025000 
31 0.575000 0.075000 30 0.525000 0.075000 51 0.575000 0.125000 32 0.625000 0.075000 11 0.575000 0.025000 
32 0.625000 0.075000 31 0.575000 0.075000 52 0.625000 0.125000 33 0.675000 0.075000 12 0.625000 0.025000 
33 0.675000 0.075000 32 0.625000 0.075000 53 0.675000 0.125000 34 0.725000 0.075000 13 0.675000 0.025000 
34 0.725000 0.075000 33 0.675000 0.075000 54 0.725000 0.125000 35 0.775000 0.075000 14 0.725000 0.025000 
35 0.775000 0.075000 34 0.725000 0.075000 55 0.775000 0.125000 36 0.825000 0.075000 15 0.775000 0.025000 
36 0.825000 0.075000 35 0.775000 0.075000 56 0.825000 0.125000 37 0.875000 0.075000 16 0.825000 0.025000 
37 0.875000 0.075000 36 0.825000 0.075000 57 0.875000 0.125000 38 0.925000 0.075000 17 0.875000 0.025000 
38 0.925000 0.075000 37 0.875000 0.075000 58 0.925000 0.125000 39 0.975000 0.075000 18 0.925000 0.025000 
39 0.975000 0.075000 38 0.925000 0.075000 59 0.975000 0.125000 20 0.025000 0.075000 19 0.975000 0.025000 
40 0.025000 0.125000 59 0.975000 0.125000 60 0.025000 0.175000 41 0.075000 0.125000 20 0.025000 0.075000 
41 0.075000 0.125000 40 0.025000 0.125000 61 0.075000 0.175000 42 0.125000 0.125000 21 0.075000 0.075000 
42 0.125000 0.125000 41 0.075000 0.125000 62 0.125000 0.175000 43 0.175000 0.125000 22 0.125000 0.075000 
43 0.175000 0.125000 42 0.125000 0.125000 63 0.175000 0.175000 44 0.225000 0.125000 23 0.175000 0.075000 
44 0.225000 0.125000 43 0.175000 0.125000 64 0.225000 0.175000 45 0.275000 0.125000 24 0.225000 0.075000 
45 0.275000 0.125000 44 0.225000 0.125000 65 0.275000 0.175000 46 0.325000 0.125000 25 0.275000 0.075000 
46 0.325000 0.125000 45 0.275000 0.125000 66 0.325000 0.175000 47 0.375000 0.125000 26 0.325000 0.075000 
47 0.375000 0.125000 46 0.325000 0.125000 67 0.375000 0.175000 48 0.425000 0.125000 27 0.375000 0.075000 
48 0.425000 0.125000 47 0.375000 0.125000 68 0.425000 0.175000 49 0.475000 0.125000 28 0.425000 0.075000 
49 0.475000 0.125000 48 0.425000 0.125000 69 0.475000 0.175000 50 0.525000 0.125000 29 0.475000 0.075000 
50 0.525000 0.125000 49 0.475000 0.125000 70 0.525000 0.175000 51 0.575000 0.125000 30 0.525000 0.075000 
51 0.575000 0.125000 50 0.525000 0.125000 71 0.575000 0.175000 52 0.625000 0.125000 31 0.575000 0.075000 
52 0.625000 0.125000 51 0.575000 0.125000 72 0.625000 0.175000 53 0.675000 0.125000 32 0.625000 0.075000 
53 0.675000 0.125000 52 0.625000 0.125000 73 0.675000 0.175000 54 0.725000 0.125000 33 0.675000 0.075000 
54 0.725000 0.125000 53 0.675000 0.125000 74 0.725000 0.175000 55 0.775000 0.125000 34 0.725000 0.075000 
55 0.775000 0.125000 54 0.725000 0.125000 75 0.775000 0.175000 56 0.825000 0.125000 35 0.775000 0.075000 
56 0.825000 0.125000 55 0.775000 0.125000 76 0.825000 0.175000 57 0.875000 0.125000 36 0.825000 0.075000 
57 0.875000 0.125000 56 0.825000 0.125000 77 0.875000 0.175000 58 0.925000 0.125000 37 0.875000 0.075000 
58 0.925000 0.125000 57 0.875000 0.125000 78 0.925000 0.175000 59 0.975000 0.125000 38 0.925000 0.075000 
59 0.975000 0.125000 58 0.925000 0.125000 79 0.975000 0.175000 40 0.025000 0.125000 39 0.975000 0.075000 
60 0.025000 0.175000 79 0.975000 0.175000 80 0.025000 0.225000 61 0.075000 0.175000 40 0.025000 0.125000 
61 0.075000 0.175000 60 0.025000 0.175000 81 0.075000 0.225000 62 0.125000 0.175000 41 0.075000 0.125000 
62 0.125000 0.175000 61 0.075000 0.175000 82 0.125000 0.225000 63 0.175000 0.175000 42 0.125000 0.125000 
63 0.175000 0.175000 62 0.125000 0.175000 83 0.175000 0.225000 64 0.225000 0.175000 43 0.175000 0.125000 
64 0.225000 0.175000 63 0.175000 0.175000 84 0.225000 0.225000 65 0.275000 0.175000 44 0.225000 0.125000 
65 0.275000 0.175000 64 0.225000 0.175000 85 0.275000 0.225000 66 0.325000 0.175000 45 0.275000 0.125000 
66 0.325000 0.175000 65 0.275000 0.175000 86 0.325000 0.225000 67 0.375000 0.175000 46 0.325000 0.125000 
67 0.375000 0.175000 66 0.325000 0.175000 87 0.375000 0.225000 68 0.425000 0.175000 47 0.375000 0.125000 
68 0.425000 0.175000 67 0.375000 0.175000 88 0.425000 0.225000 69 0.475000 0.175000 48 0.425000 0.125000 
69 0.475000 0.175000 68 0.425000 0.175000 89 0.475000 0.225000 70 0.525000 0.175000 49 0.475000 0.125000 
70 0.525000 0.175000 69 0.475000 0.175000 90 0.525000 0.225000 71 0.575000 0.175000 50 0.525000 0.125000 
71 0.575000 0.175000 70 0.525000 0.175000 91 0.575000 0.225000 72 0.625000 0.175000 51 0.575000 0.125000 
72 0.625000 0.175000 71 0.575000 0.175000 92 0.625000 0.225000 73 0.675000 0.175000 52 0.625000 0.125000 
73 0.675000 0.175000 72 0.625000 0.175000 93 0.675000 0.225000 74 0.725000 0.175000 53 0.675000 0.125000 
74 0.725000 0.175000 73 0.675000 0.175000 94 0.725000 0.225000 75 0.775000 0.175000 54 0.725000 0.125000 
75 0.775000 0.175000 74 0.725000 0.175000 95 0.775000 0.225000 76 0.825000 0.175000 55 0.775000 0.125000 
76 0.825000 0.175000 75 0.775000 0.175000 96 0.825000 0.225000 77 0.875000 0.175000 56 0.825000 0.125000 
77 0.875000 0.175000 76 0.825000 0.175000 97 0.875000 0.225000 78 0.925000 0.175000 57 0.875000 0.125000 
78 0.925000 0.175000 77 0.875000 0.175000 98 0.925000 0.225000 79 0.975000 0.175000 58 0.925000 0.125000 
79 0.975000 0.175000 78 0.925000 0.175000 99 0.975000 0.225000 60 0.025000 0.175000 59 0.975000 0.125000 
80 0.025000 0.225000 99 0.975000 0.225000 100 0.025000 0.275000 81 0.075000 0.225000 60 0.025000 0.175000 
81 0.075000 0.225000 80 0.025000 0.225000 101 0.075000 0.275000 82 0.125000 0.225000 61 0.075000 0.175000 
82 0.125000 0.225000 81 0.075000 0.225000 102 0.125000 0.275000 83 0.175000 0.225000 62 0.125000 0.175000 
83 0.175000 0.225000 82 0.125000 0.225000 103 0.175000 0.275000 84 0.225000 0.225000 63 0.175000 0.175000 
84 0.225000 0.225000 83 0.175000 0.225000 104 0.225000 0.275000 85 0.275000 0.225000 64 0.225000 0.175000 
85 0.275000 0.225000 84 0.225000 0.225000 105 0.275000 0.275000 86 0.325000 0.225000 65 0.275000 0.175000 
86 0.325000 0.225000 85 0.275000 0.225000 106 0.325000 0.275000 87 0.375000 0.225000 66 0.325000 0.175000 
87 0.375000 0.225000 86 0.325000 0.225000 107 0.375000 0.275000 88 0.425000 0.225000 67 0.375000 0.175000 
88 0.425000 0.225000 87 0.375000 0.225000 108 0.425000 0.275000 89 0.475000 0.225000 68 0.425000 0.175000 
89 0.475000 0.225000 88 0.425000 0.225000 109 0.475000 0.275000 90 0.525000 0.225000 69 0.475000 0.175000 
90 0.525000 0.225000 89 0.475000 0.225000 110 0.525000 0.275000 91 0.575000 0.225000 70 0.525000 0.175000 
91 0.575000 0.225000 90 0.525000 0.225000 111 0.575000 0.275000 92 0.625000 0.225000 71 0.575000 0.175000 
92 0.625000 0.225000 91 0.575000 0.225000 112 0.625000 0.275000 93 0.675000 0.225000 72 0.625000 0.175000 
93 0.675000 0.225000 92 0.625000 0.225000 113 0.675000 0.275000 94 0.725000 0.225000 73 0.675000 0.175000 
94 0.725000 0.225000 93 0.675000 0.225000 114 0.725000 0.275000 95 0.775000 0.225000 74 0.725000 0.175000 
95 0.775000 0.225000 94 0.725000 0.225000 115 0.775000 0.275000 96 0.825000 0.225000 75 0.775000 0.175000 
96 0.825000 0.225000 95 0.775000 0.225000 116 0.825000 0.275000 97 0.875000 0.225000 76 0.825000 0.175000 
97 0.875000 0.225000 96 0.825000 0.225000 117 0.875000 0.275000 98 0.925000 0.225000 77 0.875000 0.175000 
98 0.925000 0.225000 97 0.875000 0.225000 118 0.925000 0.275000 99 0.975000 0.225000 78 0.925000 0.175000 
99 0.975000 0.225000 98 0.925000 0.225000 119 0.975000 0.275000 80 0.025000 0.225000 79 0.975000 0.175000 
100 0.025000 0.275000 119 0.975000 0.275000 120 0.025000 0.325000 101 0.075000 0.275000 80 0.025000 0.225000 
101 0.075000 0.275000 100 0.025000 0.275000 121 0.075000 0.325000 102 0.125000 0.275000 81 0.075000 0.225000 
102 0.125000 0.275000 101 0.075000 0.275000 122 0.125000 0.325000 103 0.175000 0.275000 82 0.125000 0.225000 
103 0.175000 0.275000 102 0.125000 0.275000 123 0.175000 0.325000 104 0.225000 0.275000 83 0.175000 0.225000 
104 0.225000 0.275000 103 0.175000 0.275000 124 0.225000 0.325000 105 0.275000 0.275000 84 0.225000 0.225000 
105 0.275000 0.275000 104 0.225000 0.275000 125 0.275000 0.325000 106 0.325000 0.275000 85 0.275000 0.225000 
106 0.325000 0.275000 105 0.275000 0.275000 126 0.325000 0.325000 107 0.375000 0.275000 86 0.325000 0.225000 
107 0.375000 0.275000 106 0.325000 0.275000 127 0.375000 0.325000 108 0.425000 0.275000 87 0.375000 0.225000 
108 0.425000 0.275000 107 0.375000 0.275000 128 0.425000 0.325000 109 0.475000 0.275000 88 0.425000 0.225000 
109 0.475000 0.275000 108 0.425000 0.275000 129 0.475000 0.325000 110 0.525000 0.275000 89 0.475000 0.225000 
110 0.525000 0.275000 109 0.475000 0.275000 130 0.525000 0.325000 111 0.575000 0.275000 90 0.525000 0.225000 
111 0.575000 0.275000 110 0.525000 0.275000 131 0.575000 0.325000 112 0.625000 0.275000 91 0.575000 0.225000 
112 0.625000 0.275000 111 0.575000 0.275000 132 0.625000 0.325000 113 0.675000 0.275000 92 0.625000 0.225000 
113 0.675000 0.275000 112 0.625000 0.275000 133 0.675000 0.325000 114 0.725000 0.275000 93 0.675000 0.225000 
114 0.725000 0.275000 113 0.675000 0.275000 134 0.725000 0.325000 115 0.775000 0.275000 94 0.725000 0.225000 
115 0.775000 0.275000 114 0.725000 0.275000 135 0.775000 0.325000 116 0.825000 0.275000 95 0.775000 0.225000 
116 0.825000 0.275000 115 0.775000 0.275000 136 0.825000 0.325000 117 0.875000 0.275000 96 0.825000 0.225000 
117 0.875000 0.275000 116 0.825000 0.275000 137 0.875000 0.325000 118 0.925000 0.275000 97 0.875000 0.225000 
118 0.925000 0.275000 117 0.875000 0.275000 138 0.925000 0.325000 119 0.975000 0.275000 98 0.925000 0.225000 
119 0.975000 0.275000 118 0.925000 0.275000 139 0.975000 0.325000 100 0.025000 0.275000 99 0.975000 0.225000 
120 0.025000 0.325000 139 0.975000 0.325000 140 0.025000 0.375000 121 0.075000 0.325000 100 0.025000 0.275000 
121 0.075000 0.325000 120 0.025000 0.325000 141 0.075000 0.375000 122 0.125000 0.325000 101 0.075000 0.275000 
122 0.125000 0.325000 121 0.075000 0.325000 142 0.125000 0.375000 123 0.175000 0.325000 102 0.125000 0.275000 
123 0.175000 0.325000 122 0.125000 0.325000 143 0.175000 0.375000 124 0.225000 0.325000 103 0.175000 0.275000 
124 0.225000 0.325000 123 0.175000 0.325000 144 0.225000 0.375000 125 0.275000 0.325000 104 0.225000 0.275000 
125 0.275000 0.325000 124 0.225000 0.325000 145 0.275000 0.375000 126 0.325000 0.325000 105 0.275000 0.275000 
126 0.325000 0.325000 125 0.275000 0.325000 146 0.325000 0.375000 127 0.375000 0.325000 106 0.325000 0.275000 
127 0.375000 0.325000 126 0.325000 0.325000 147 0.375000 0.375000 128 0.425000 0.325000 107 0.375000 0.275000 
128 0.425000 0.325000 127 0.375000 0.325000 148 0.425000 0.375000 129 0.475000 0.325000 108 0.425000 0.275000 
129 0.475000 0.325000 128 0.425000 0.325000 149 0.475000 0.375000 130 0.525000 0.325000 109 0.475000 0.275000 
130 0.525000 0.325000 129 0.475000 0.325000 150 0.525000 0.375000 131 0.575000 0.325000 110 0.525000 0.275000 
131 0.575000 0.325000 130 0.525000 0.325000 151 0.575000 0.375000 132 0.625000 0.325000 111 0.575000 0.275000 
132 0.625000 0.325000 131 0.575000 0.325000 152 0.625000 0.375000 133 0.675000 0.325000 112 0.625000 0.275000 
133 0.675000 0.325000 132 0.625000 0.325000 153 0.675000 0.375000 134 0.725000 0.325000 113 0.675000 0.275000 
134 0.725000 0.325000 133 0.675000 0.325000 154 0.725000 0.375000 135 0.775000 0.325000 114 0.725000 0.275000 
135 0.775000 0.325000 134 0.725000 0.325000 155 0.775000 0.375000 136 0.825000 0.325000 115 0.775000 0.275000 
136 0.825000 0.325000 135 0.775000 0.325000 156 0.825000 0.375000 137 0.875000 0.325000 116 0.825000 0.275000 
137 0.875000 0.325000 136 0.825000 0.325000 157 0.875000 0.375000 138 0.925000 0.325000 117 0.875000 0.275000 
138 0.925000 0.325000 137 0.875000 0.325000 158 0.925000 0.375000 139 0.975000 0.325000 118 0.925000 0.275000 
139 0.975000 0.325000 138 0.925000 0.325000 159 0.975000 0.375000 120 0.025000 0.325000 119 0.975000 0.275000 
140 0.025000 0.375000 159 0.975000 0.375000 160 0.025000 0.425000 141 0.075000 0.375000 120 0.025000 0.325000 
141 0.075000 0.375000 140 0.025000 0.375000 161 0.075000 0.425000 142 0.125000 0.375000 121 0.075000 0.325000 
142 0.125000 0.375000 141 0.075000 0.375000 162 0.125000 0.425000 143 0.175000 0.375000 122 0.125000 0.325000 
143 0.175000 0.375000 142 0.125000 0.375000 163 0.175000 0.425000 144 0.225000 0.375000 123 0.175000 0.325000 
144 0.225000 0.375000 143 0.175000 0.375000 164 0.225000 0.425000 145 0.275000 0.375000 124 0.225000 0.325000 
145 0.275000 0.375000 144 0.225000 0.375000 165 0.275000 0.425000 146 0.325000 0.375000 125 0.275000 0.325000 
146 0.325000 0.375000 145 0.275000 0.375000 166 0.325000 0.425000 147 0.375000 0.375000 126 0.325000 0.325000 
147 0.375000 0.375000 146 0.325000 0.375000 167 0.375000 0.425000 148 0.425000 0.375000 127 0.375000 0.325000 
148 0.425000 0.375000 147 0.375000 0.375000 168 0.425000 0.425000 149 0.475000 0.375000 128 0.425000 0.325000 
149 0.475000 0.375000 148 0.425000 0.375000 169 0.475000 0.425000 150 0.525000 0.375000 129 0.475000 0.325000 
150 0.525000 0.375000 149 0.475000 0.375000 170 0.525000 0.425000 151 0.575000 0.375000 130 0.525000 0.325000 
151 0.575000 0.375000 150 0.525000 0.375000 171 0.575000 0.425000 152 0.625000 0.375000 131 0.575000 0.325000 
152 0.625000 0.375000 151 0.575000 0.375000 172 0.625000 0.425000 153 0.675000 0.375000 132 0.625000 0.325000 
153 0.675000 0.375000 152 0.625000 0.375000 173 0.675000 0.425000 154 0.725000 0.375000 133 0.675000 0.325000 
154 0.725000 0.375000 153 0.675000 0.375000 174 0.725000 0.425000 155 0.775000 0.375000 134 0.725000 0.325000 
155 0.775000 0.375000 154 0.725000 0.375000 175 0.775000 0.425000 156 0.825000 0.375000 135 0.775000 0.325000 
156 0.825000 0.375000 155 0.775000 0.375000 176 0.825000 0.425000 157 0.875000 0.375000 136 0.825000 0.325000 
157 0.875000 0.375000 156 0.825000 0.375000 177 0.875000 0.425000 158 0.925000 0.375000 137 0.875000 0.325000 
158 0.925000 0.375000 157 0.875000 0.375000 178 0.925000 0.425000 159 0.975000 0.375000 138 0.925000 0.325000 
159 0.975000 0.375000 158 0.925000 0.375000 179 0.975000 0.425000 140 0.025000 0.375000 139 0.975000 0.325000 
160 0.025000 0.425000 179 0.975000 0.425000 180 0.025000 0.475000 161 0.075000 0.425000 140 0.025000 0.375000 
161 0.075000 0.425000 160 0.025000 0.425000 181 0.075000 0.475000 162 0.125000 0.425000 141 0.075000 0.375000 
162 0.125000 0.425000 161 0.075000 0.425000 182 0.125000 0.475000 163 0.175000 0.425000 142 0.125000 0.375000 
163 0.175000 0.425000 162 0.125000 0.425000 183 0.175000 0.475000 164 0.225000 0.425000 143 0.175000 0.375000 
164 0.225000 0.425000 163 0.175000 0.425000 184 0.225000 0.475000 165 0.275000 0.425000 144 0.225000 0.375000 
165 0.275000 0.425000 164 0.225000 0.425000 185 0.275000 0.475000 166 0.325000 0.425000 145 0.275000 0.375000 
166 0.325000 0.425000 165 0.275000 0.425000 186 0.325000 0.475000 167 0.375000 0.425000 146 0.325000 0.375000 
167 0.375000 0.425000 166 0.325000 0.425000 187 0.375000 0.475000 168 0.425000 0.425000 147 0.375000 0.375000 
168 0.425000 0.425000 167 0.375000 0.425000 188 0.425000 0.475000 169 0.475000 0.425000 148 0.425000 0.375000 
169 0.475000 0.425000 168 0.425000 0.425000 189 0.475000 0.475000 170 0.525000 0.425000 149 0.475000 0.375000 
170 0.525000 0.425000 169 0.475000 0.425000 190 0.525000 0.475000 171 0.575000 0.425000 150 0.525000 0.375000 
171 0.575000 0.425000 170 0.525000 0.425000 191 0.575000 0.475000 172 0.625000 0.425000 151 0.575000 0.375000 
172 0.625000 0.425000 171 0.575000 0.425000 192 0.625000 0.475000 173 0.675000 0.425000 152 0.625000 0.375000 
173 0.675000 0.425000 172 0.625000 0.425000 193 0.675000 0.475000 174 0.725000 0.425000 153 0.675000 0.375000 
174 0.725000 0.425000 173 0.675000 0.425000 194 0.725000 0.475000 175 0.775000 0.425000 154 0.725000 0.375000 
175 0.775000 0.425000 174 0.725000 0.425000 195 0.775000 0.475000 176 0.825000 0.425000 155 0.775000 0.375000 
176 0.825000 0.425000 175 0.775000 0.425000 196 0.825000 0.475000 177 0.875000 0.425000 156 0.825000 0.375000 
177 0.875000 0.425000 176 0.825000 0.425000 197 0.875000 0.475000 178 0.925000 0.425000 157 0.875000 0.375000 
178 0.925000 0.425000 177 0.875000 0.425000 198 0.925000 0.475000 179 0.975000 0.425000 158 0.925000 0.375000 
179 0.975000 0.425000 178 0.925000 0.425000 199 0.975000 0.475000 160 0.025000 0.425000 159 0.975000 0.375000 
180 0.025000 0.475000 199 0.975000 0.475000 200 0.025000 0.525000 181 0.075000 0.475000 160 0.025000 0.425000 
181 0.075000 0.475000 180 0.025000 0.475000 201 0.075000 0.525000 182 0.125000 0.475000 161 0.075000 0.425000 
182 0.125000 0.475000 181 0.075000 0.475000 202 0.125000 0.525000 183 0.175000 0.475000 162 0.125000 0.425000 
183 0.175000 0.475000 182 0.125000 0.475000 203 0.175000 0.525000 184 0.225000 0.475000 163 0.175000 0.425000 
184 0.225000 0.475000 183 0.175000 0.475000 204 0.225000 0.525000 185 0.275000 0.475000 164 0.225000 0.425000 
185 0.275000 0.475000 184 0.225000 0.475000 205 0.275000 0.525000 186 0.325000 0.475000 165 0.275000 0.425000 
186 0.325000 0.475000 185 0.275000 0.475000 206 0.325000 0.525000 187 0.375000 0.475000 166 0.325000 0.425000 
187 0.375000 0.475000 186 0.325000 0.475000 207 0.375000 0.525000 188 0.425000 0.475000 167 0.375000 0.425000 
188 0.425000 0.475000 187 0.375000 0.475000 208 0.425000 0.525000 189 0.475000 0.475000 168 0.425000 0.425000 
189 0.475000 0.475000 188 0.425000 0.475000 209 0.475000 0.525000 190 0.525000 0.475000 169 0.475000 0.425000 
190 0.525000 0.475000 189 0.475000 0.475000 210 0.525000 0.525000 191 0.575000 0.475000 170 0.525000 0.425000 
191 0.575000 0.475000 190 0.525000 0.475000 211 0.575000 0.525000 192 0.625000 0.475000 171 0.575000 0.425000 
192 0.625000 0.475000 191 0.575000 0.475000 212 0.625000 0.525000 193 0.675000 0.475000 172 0.625000 0.425000 
193 0.675000 0.475000 192 0.625000 0.475000 213 0.675000 0.525000 194 0.725000 0.475000 173 0.675000 0.425000 
194 0.725000 0.475000 193 0.675000 0.475000 214 0.725000 0.525000 195 0.775000 0.475000 174 0.725000 0.425000 
195 0.775000 0.475000 194 0.725000 0.475000 215 0.775000 0.525000 196 0.825000 0.475000 175 0.775000 0.425000 
196 0.825000 0.475000 195 0.775000 0.475000 216 0.825000 0.525000 197 0.875000 0.475000 176 0.825000 0.425000 
197 0.875000 0.475000 196 0.825000 0.475000 217 0.875000 0.525000 198 0.925000 0.475000 177 0.875000 0.425000 
198 0.925000 0.475000 197 0.875000 0.475000 218 0.925000 0.525000 199 0.975000 0.475000 178 0.925000 0.425000 
199 0.975000 0.475000 198 0.925000 0.475000 219 0.975000 0.525000 180 0.025000 0.475000 179 0.975000 0.425000 
200 0.025000 0.525000 219 0.975000 0.525000 220 0.025000 0.575000 201 0.075000 0.525000 180 0.025000 0.475000 
201 0.075000 0.525000 200 0.025000 0.525000 221 0.075000 0.575000 202 0.125000 0.525000 181 0.075000 0.475000 
202 0.125000 0.525000 201 0.075000 0.525000 222 0.125000 0.575000 203 0.175000 0.525000 182 0.125000 0.475000 
203 0.175000 0.525000 202 0.125000 0.525000 223 0.175000 0.575000 204 0.225000 0.525000 183 0.175000 0.475000 
204 0.225000 0.525000 203 0.175000 0.525000 224 0.225000 0.575000 205 0.275000 0.525000 184 0.225000 0.475000 
205 0.275000 0.525000 204 0.225000 0.525000 225 0.275000 0.575000 206 0.325000 0.525000 185 0.275000 0.475000 
206 0.325000 0.525000 205 0.275000 0.525000 226 0.325000 0.575000 207 0.375000 0.525000 186 0.325000 0.475000 
207 0.375000 0.525000 206 0.325000 0.525000 227 0.375000 0.575000 208 0.425000 0.525000 187 0.375000 0.475000 
208 0.425000 0.525000 207 0.375000 0.525000 228 0.425000 0.575000 209 0.475000 0.525000 188 0.425000 0.475000 
209 0.475000 0.525000 208 0.425000 0.525000 229 0.475000 0.575000 210 0.525000 0.525000 189 0.475000 0.475000 
210 0.525000 0.525000 209 0.475000 0.525000 230 0.525000 0.575000 211 0.575000 0.525000 190 0.525000 0.475000 
211 0.575000 0.525000 210 0.525000 0.525000 231 0.575000 0.575000 212 0.625000 0.525000 191 0.575000 0.475000 
212 0.625000 0.525000 211 0.575000 0.525000 232 0.625000 0.575000 213 0.675000 0.525000 192 0.625000 0.475000 
213 0.675000 0.525000 212 0.625000 0.525000 233 0.675000 0.575000 214 0.725000 0.525000 193 0.675000 0.475000 
214 0.725000 0.525000 213 0.675000 0.525000 234 0.725000 0.575000 215 0.775000 0.525000 194 0.725000 0.475000 
215 0.775000 0.525000 214 0.725000 0.525000 235 0.775000 0.575000 216 0.825000 0.525000 195 0.775000 0.475000 
216 0.825000 0.525000 215 0.775000 0.525000 236 0.825000 0.575000 217 0.875000 0.525000 196 0.825000 0.475000 
217 0.875000 0.525000 216 0.825000 0.525000 237 0.875000 0.575000 218 0.925000 0.525000 197 0.875000 0.475000 
218 0.925000 0.525000 217 0.875000 0.525000 238 0.925000 0.575000 219 0.975000 0.525000 198 0.925000 0.475000 
219 0.975000 0.525000 218 0.925000 0.525000 239 0.975000 0.575000 200 0.025000 0.525000 199 0.975000 0.475000 
220 0.025000 0.575000 239 0.975000 0.575000 240 0.025000 0.625000 221 0.075000 0.575000 200 0.025000 0.525000 
221 0.075000 0.575000 220 0.025000 0.575000 241 0.075000 0.625000 222 0.125000 0.575000 201 0.075000 0.525000 
222 0.125000 0.575000 221 0.075000 0.575000 242 0.125000 0.625000 223 0.175000 0.575000 202 0.125000 0.525000 
223 0.175000 0.575000 222 0.125000 0.575000 243 0.175000 0.625000 224 0.225000 0.575000 203 0.175000 0.525000 
224 0.225000 0.575000 223 0.175000 0.575000 244 0.225000 0.625000 225 0.275000 0.575000 204 0.225000 0.525000 
225 0.275000 0.575000 224 0.225000 0.575000 245 0.275000 0.625000 226 0.325000 0.575000 205 0.275000 0.525000 
226 0.325000 0.575000 225 0.275000 0.575000 246 0.325000 0.625000 227 0.375000 0.575000 206 0.325000 0.525000 
227 0.375000 0.575000 226 0.325000 0.575000 247 0.375000 0.625000 228 0.425000 0.575000 207 0.375000 0.525000 
228 0.425000 0.575000 227 0.375000 0.575000 248 0.425000 0.625000 229 0.475000 0.575000 208 0.425000 0.525000 
229 0.475000 0.575000 228 0.425000 0.575000 249 0.475000 0.625000 230 0.525000 0.575000 209 0.475000 0.525000 
230 0.525000 0.575000 229 0.475000 0.575000 250 0.525000 0.625000 231 0.575000 0.575000 210 0.525000 0.525000 
231 0.575000 0.575000 230 0.525000 0.575000 251 0.575000 0.625000 232 0.625000 0.575000 211 0.575000 0.525000 
232 0.625000 0.575000 231 0.575000 0.575000 252 0.625000 0.625000 233 0.675000 0.575000 212 0.625000 0.525000 
233 0.675000 0.575000 232 0.625000 0.575000 253 0.675000 0.625000 234 0.725000 0.575000 213 0.675000 0.525000 
234 0.725000 0.575000 233 0.675000 0.575000 254 0.725000 0.625000 235 0.775000 0.575000 214 0.725000 0.525000 
235 0.775000 0.575000 234 0.725000 0.575000 255 0.775000 0.625000 236 0.825000 0.575000 215 0.775000 0.525000 
236 0.825000 0.575000 235 0.775000 0.575000 256 0.825000 0.625000 237 0.875000 0.575000 216 0.825000 0.525000 
237 0.875000 0.575000 236 0.825000 0.575000 257 0.875000 0.625000 238 0.925000 0.575000 217 0.875000 0.525000 
238 0.925000 0.575000 237 0.875000 0.575000 258 0.925000 0.625000 239 0.975000 0.575000 218 0.925000 0.525000 
239 0.975000 0.575000 238 0.925000 0.575000 259 0.975000 0.625000 220 0.025000 0.575000 219 0.975000 0.525000 
240 0.025000 0.625000 259 0.975000 0.625000 260 0.025000 0.675000 241 0.075000 0.625000 220 0.025000 0.575000 
241 0.075000 0.625000 240 0.025000 0.625000 261 0.075000 0.675000 242 0.125000 0.625000 221 0.075000 0.575000 
242 0.125000 0.625000 241 0.075000 0.625000 262 0.125000 0.675000 243 0.175000 0.625000 222 0.125000 0.575000 
243 0.175000 0.625000 242 0.125000 0.625000 263 0.175000 0.675000 244 0.225000 0.625000 223 0.175000 0.575000 
244 0.225000 0.625000 243 0.175000 0.625000 264 0.225000 0.675000 245 0.275000 0.625000 224 0.225000 0.575000 
245 0.275000 0.625000 244 0.225000 0.625000 265 0.275000 0.675000 246 0.325000 0.625000 225 0.275000 0.575000 
246 0.325000 0.625000 245 0.275000 0.625000 266 0.325000 0.675000 247 0.375000 0.625000 226 0.325000 0.575000 
247 0.375000 0.625000 246 0.325000 0.625000 267 0.375000 0.675000 248 0.425000 0.625000 227 0.375000 0.575000 
248 0.425000 0.625000 247 0.375000 0.625000 268 0.425000 0.675000 249 0.475000 0.625000 228 0.425000 0.575000 
249 0.475000 0.625000 248 0.425000 0.625000 269 0.475000 0.675000 250 0.525000 0.625000 229 0.475000 0.575000 
250 0.525000 0.625000 249 0.475000 0.625000 270 0.525000 0.675000 251 0.575000 0.625000 230 0.525000 0.575000 
251 0.575000 0.625000 250 0.525000 0.625000 271 0.575000 0.675000 252 0.625000 0.625000 231 0.575000 0.575000 
252 0.625000 0.625000 251 0.575000 0.625000 272 0.625000 0.675000 253 0.675000 0.625000 232 0.625000 0.575000 
253 0.675000 0.625000 252 0.625000 0.625000 273 0.675000 0.675000 254 0.725000 0.625000 233 0.675000 0.575000 
254 0.725000 0.625000 253 0.675000 0.625000 274 0.725000 0.675000 255 0.775000 0.625000 234 0.725000 0.575000 
255 0.775000 0.625000 254 0.725000 0.625000 275 0.775000 0.675000 256 0.825000 0.625000 235 0.775000 0.575000 
256 0.825000 0.625000 255 0.775000 0.625000 276 0.825000 0.675000 257 0.875000 0.625000 236 0.825000 0.575000 
257 0.875000 0.625000 256 0.825000 0.625000 277 0.875000 0.675000 258 0.925000 0.625000 237 0.875000 0.575000 
258 0.925000 0.625000 257 0.875000 0.625000 278 0.925000 0.675000 259 0.975000 0.625000 238 0.925000 0.575000 
259 0.975000 0.625000 258 0.925000 0.625000 279 0.975000 0.675000 240 0.025000 0.625000 239 0.975000 0.575000 
260 0.025000 0.675000 279 0.975000 0.675000 280 0.025000 0.725000 261 0.075000 0.675000 240 0.025000 0.625000 
261 0.075000 0.675000 260 0.025000 0.675000 281 0.075000 0.725000 262 0.125000 0.675000 241 0.075000 0.625000 
262 0.125000 0.675000 261 0.075000 0.675000 282 0.125000 0.725000 263 0.175000 0.675000 242 0.125000 0.625000 
263 0.175000 0.675000 262 0.125000 0.675000 283 0.175000 0.725000 264 0.225000 0.675000 243 0.175000 0.625000 
264 0.225000 0.675000 263 0.175000 0.675000 284 0.225000 0.725000 265 0.275000 0.675000 244 0.225000 0.625000 
265 0.275000 0.675000 264 0.225000 0.675000 285 0.275000 0.725000 266 0.325000 0.675000 245 0.275000 0.625000 
266 0.325000 0.675000 265 0.275000 0.675000 286 0.325000 0.725000 267 0.375000 0.675000 246 0.325000 0.625000 
267 0.375000 0.675000 266 0.325000 0.675000 287 0.375000 0.725000 268 0.425000 0.675000 247 0.375000 0.625000 
268 0.425000 0.675000 267 0.375000 0.675000 288 0.425000 0.725000 269 0.475000 0.675000 248 0.425000 0.625000 
269 0.475000 0.675000 268 0.425000 0.675000 289 0.475000 0.725000 270 0.525000 0.675000 249 0.475000 0.625000 
270 0.525000 0.675000 269 0.475000 0.675000 290 0.525000 0.725000 271 0.575000 0.675000 250 0.525000 0.625000 
271 0.575000 0.675000 270 0.525000 0.675000 291 0.575000 0.725000 272 0.625000 0.675000 251 0.575000 0.625000 
272 0.625000 0.675000 271 0.575000 0.675000 292 0.625000 0.725000 273 0.675000 0.675000 252 0.625000 0.625000 
273 0.675000 0.675000 272 0.625000 0.675000 293 0.675000 0.725000 274 0.725000 0.675000 253 0.675000 0.625000 
274 0.725000 0.675000 273 0.675000 0.675000 294 0.725000 0.725000 275 0.775000 0.675000 254 0.725000 0.625000 
275 0.775000 0.675000 274 0.725000 0.675000 295 0.775000 0.725000 276 0.825000 0.675000 255 0.775000 0.625000 
276 0.825000 0.675000 275 0.775000 0.675000 296 0.825000 0.725000 277 0.875000 0.675000 256 0.825000 0.625000 
277 0.875000 0.675000 276 0.825000 0.675000 297 0.875000 0.725000 278 0.925000 0.675000 257 0.875000 0.625000 
278 0.925000 0.675000 277 0.875000 0.675000 298 0.925000 0.725000 279 0.975000 0.675000 258 0.925000 0.625000 
279 0.975000 0.675000 278 0.925000 0.675000 299 0.975000 0.725000 260 0.025000 0.675000 259 0.975000 0.625000 
280 0.025000 0.725000 299 0.975000 0.725000 300 0.025000 0.775000 281 0.075000 0.725000 260 0.025000 0.675000 
281 0.075000 0.725000 280 0.025000 0.725000 301 0.075000 0.775000 282 0.125000 0.725000 261 0.075000 0.675000 
282 0.125000 0.725000 281 0.075000 0.725000 302 0.125000 0.775000 283 0.175000 0.725000 262 0.125000 0.675000 
283 0.175000 0.725000 282 0.125000 0.725000 303 0.175000 0.775000 284 0.225000 0.725000 263 0.175000 0.675000 
284 0.225000 0.725000 283 0.175000 0.725000 304 0.225000 0.775000 285 0.275000 0.725000 264 0.225000 0.675000 
285 0.275000 0.725000 284 0.225000 0.725000 305 0.275000 0.775000 286 0.325000 0.725000 265 0.275000 0.675000 
286 0.325000 0.725000 285 0.275000 0.725000 306 0.325000 0.775000 287 0.375000 0.725000 266 0.325000 0.675000 
287 0.375000 0.725000 286 0.325000 0.725000 307 0.375000 0.775000 288 0.425000 0.725000 267 0.375000 0.675000 
288 0.425000 0.725000 287 0.375000 0.725000 308 0.425000 0.775000 289 0.475000 0.725000 268 0.425000 0.675000 
289 0.475000 0.725000 288 0.425000 0.725000 309 0.475000 0.775000 290 0.525000 0.725000 269 0.475000 0.675000 
290 0.525000 0.725000 289 0.475000 0.725000 310 0.525000 0.775000 291 0.575000 0.725000 270 0.525000 0.675000 
291 0.575000 0.725000 290 0.525000 0.725000 311 0.575000 0.775000 292 0.625000 0.725000 271 0.575000 0.675000 
292 0.625000 0.725000 291 0.575000 0.725000 312 0.625000 0.775000 293 0.675000 0.725000 272 0.625000 0.675000 
293 0.675000 0.725000 292 0.625000 0.725000 313 0.675000 0.775000 294 0.725000 0.725000 273 0.675000 0.675000 
294 0.725000 0.725000 293 0.675000 0.725000 314 0.725000 0.775000 295 0.775000 0.725000 274 0.725000 0.675000 
295 0.775000 0.725000 294 0.725000 0.725000 315 0.775000 0.775000 296 0.825000 0.725000 275 0.775000 0.675000 
296 0.825000 0.725000 295 0.775000 0.725000 316 0.825000 0.775000 297 0.875000 0.725000 276 0.825000 0.675000 
297 0.875000 0.725000 296 0.825000 0.725000 317 0.875000 0.775000 298 0.925000 0.725000 277 0.875000 0.675000 
298 0.925000 0.725000 297 0.875000 0.725000 318 0.925000 0.775000 299 0.975000 0.725000 278 0.925000 0.675000 
299 0.975000 0.725000 298 0.925000 0.725000 319 0.975000 0.775000 280 0.025000 0.725000 279 0.975000 0.675000 
300 0.025000 0.775000 319 0.975000 0.775000 320 0.025000 0.825000 301 0.075000 0.775000 280 0.025000 0.725000 
301 0.075000 0.775000 300 0.025000 0.775000 321 0.075000 0.825000 302 0.125000 0.775000 281 0.075000 0.725000 
302 0.125000 0.775000 301 0.075000 0.775000 322 0.125000 0.825000 303 0.175000 0.775000 282 0.125000 0.725000 
303 0.175000 0.775000 302 0.125000 0.775000 323 0.175000 0.825000 304 0.225000 0.775000 283 0.175000 0.725000 
304 0.225000 0.775000 303 0.175000 0.775000 324 0.225000 0.825000 305 0.275000 0.775000 284 0.225000 0.725000 
305 0.275000 0.775000 304 0.225000 0.775000 325 0.275000 0.825000 306 0.325000 0.775000 285 0.275000 0.725000 
306 0.325000 0.775000 305 0.275000 0.775000 326 0.325000 0.825000 307 0.375000 0.775000 286 0.325000 0.725000 
307 0.375000 0.775000 306 0.325000 0.775000 327 0.375000 0.825000 308 0.425000 0.775000 287 0.375000 0.725000 
308 0.425000 0.775000 307 0.375000 0.775000 328 0.425000 0.825000 309 0.475000 0.775000 288 0.425000 0.725000 
309 0.475000 0.775000 308 0.425000 0.775000 329 0.475000 0.825000 310 0.525000 0.775000 289 0.475000 0.725000 
310 0.525000 0.775000 309 0.475000 0.775000 330 0.525000 0.825000 311 0.575000 0.775000 290 0.525000 0.725000 
311 0.575000 0.775000 310 0.525000 0.775000 331 0.575000 0.825000 312 0.625000 0.775000 291 0.575000 0.725000 
312 0.625000 0.775000 311 0.575000 0.775000 332 0.625000 0.825000 313 0.675000 0.775000 292 0.625000 0.725000 
313 0.675000 0.775000 312 0.625000 0.775000 333 0.675000 0.825000 314 0.725000 0.775000 293 0.675000 0.725000 
314 0.725000 0.775000 313 0.675000 0.775000 334 0.725000 0.825000 315 0.775000 0.775000 294 0.725000 0.725000 
315 0.775000 0.775000 314 0.725000 0.775000 335 0.775000 0.825000 316 0.825000 0.775000 295 0.775000 0.725000 
316 0.825000 0.775000 315 0.775000 0.775000 336 0.825000 0.825000 317 0.875000 0.775000 296 0.825000 0.725000 
317 0.875000 0.775000 316 0.825000 0.775000 337 0.875000 0.825000 318 0.925000 0.775000 297 0.875000 0.725000 
318 0.925000 0.775000 317 0.875000 0.775000 338 0.925000 0.825000 319 0.975000 0.775000 298 0.925000 0.725000 
319 0.975000 0.775000 318 0.925000 0.775000 339 0.975000 0.825000 300 0.025000 0.775000 299 0.975000 0.725000 
320 0.025000 0.825000 339 0.975000 0.825000 340 0.025000 0.875000 321 0.075000 0.825000 300 0.025000 0.775000 
321 0.075000 0.825000 320 0.025000 0.825000 341 0.075000 0.875000 322 0.125000 0.825000 301 0.075000 0.775000 
322 0.125000 0.825000 321 0.075000 0.825000 342 0.125000 0.875000 323 0.175000 0.825000 302 0.125000 0.775000 
323 0.175000 0.825000 322 0.125000 0.825000 343 0.175000 0.875000 324 0.225000 0.825000 303 0.175000 0.775000 
324 0.225000 0.825000 323 0.175000 0.825000 344 0.225000 0.875000 325 0.275000 0.825000 304 0.225000 0.775000 
325 0.275000 0.825000 324 0.225000 0.825000 345 0.275000 0.875000 326 0.325000 0.825000 305 0.275000 0.775000 
326 0.325000 0.825000 325 0.275000 0.825000 346 0.325000 0.875000 327 0.375000 0.825000 306 0.325000 0.775000 
327 0.375000 0.825000 326 0.325000 0.825000 347 0.375000 0.875000 328 0.425000 0.825000 307 0.375000 0.775000 
328 0.425000 0.825000 327 0.375000 0.825000 348 0.425000 0.875000 329 0.475000 0.825000 308 0.425000 0.775000 
329 0.475000 0.825000 328 0.425000 0.825000 349 0.475000 0.875000 330 0.525000 0.825000 309 0.475000 0.775000 
330 0.525000 0.825000 329 0.475000 0.825000 350 0.525000 0.875000 331 0.575000 0.825000 310 0.525000 0.775000 
331 0.575000 0.825000 330 0.525000 0.825000 351 0.575000 0.875000 332 0.625000 0.825000 311 0.575000 0.775000 
332 0.625000 0.825000 331 0.575000 0.825000 352 0.625000 0.875000 333 0.675000 0.825000 312 0.625000 0.775000 
333 0.675000 0.825000 332 0.625000 0.825000 353 0.675000 0.875000 334 0.725000 0.825000 313 0.675000 0.775000 
334 0.725000 0.825000 333 0.675000 0.825000 354 0.725000 0.875000 335 0.775000 0.825000 314 0.725000 0.775000 
335 0.775000 0.825000 334 0.725000 0.825000 355 0.775000 0.875000 336 0.825000 0.825000 315 0.775000 0.775000 
336 0.825000 0.825000 335 0.775000 0.825000 356 0.825000 0.875000 337 0.875000 0.825000 316 0.825000 0.775000 
337 0.875000 0.825000 336 0.825000 0.825000 357 0.875000 0.875000 338 0.925000 0.825000 317 0.875000 0.775000 
338 0.925000 0.825000 337 0.875000 0.825000 358 0.925000 0.875000 339 0.975000 0.825000 318 0.925000 0.775000 
339 0.975000 0.825000 338 0.925000 0.825000 359 0.975000 0.875000 320 0.025000 0.825000 319 0.975000 0.775000 
340 0.025000 0.875000 359 0.975000 0.875000 360 0.025000 0.925000 341 0.075000 0.875000 320 0.025000 0.825000 
341 0.075000 0.875000 340 0.025000 0.875000 361 0.075000 0.925000 342 0.125000 0.875000 321 0.075000 0.825000 
342 0.125000 0.875000 341 0.075000 0.875000 362 0.125000 0.925000 343 0.175000 0.875000 322 0.125000 0.825000 
343 0.175000 0.875000 342 0.125000 0.875000 363 0.175000 0.925000 344 0.225000 0.875000 323 0.175000 0.825000 
344 0.225000 0.875000 343 0.175000 0.875000 364 0.225000 0.925000 345 0.275000 0.875000 324 0.225000 0.825000 
345 0.275000 0.875000 344 0.225000 0.875000 365 0.275000 0.925000 346 0.325000 0.875000 325 0.275000 0.825000 
346 0.325000 0.875000 345 0.275000 0.875000 366 0.325000 0.925000 347 0.375000 0.875000 326 0.325000 0.825000 
347 0.375000 0.875000 346 0.325000 0.875000 367 0.375000 0.925000 348 0.425000 0.875000 327 0.375000 0.825000 
348 0.425000 0.875000 347 0.375000 0.875000 368 0.425000 0.925000 349 0.475000 0.875000 328 0.425000 0.825000 
349 0.475000 0.875000 348 0.425000 0.875000 369 0.475000 0.925000 350 0.525000 0.875000 329 0.475000 0.825000 
350 0.525000 0.875000 349 0.475000 0.875000 370 0.525000 0.925000 351 0.575000 0.875000 330 0.525000 0.825000 
351 0.575000 0.875000 350 0.525000 0.875000 371 0.575000 0.925000 352 0.625000 0.875000 331 0.575000 0.825000 
352 0.625000 0.875000 351 0.575000 0.875000 372 0.625000 0.925000 353 0.675000 0.875000 332 0.625000 0.825000 
353 0.675000 0.875000 352 0.625000 0.875000 373 0.675000 0.925000 354 0.725000 0.875000 333 0.675000 0.825000 
354 0.725000 0.875000 353 0.675000 0.875000 374 0.725000 0.925000 355 0.775000 0.875000 334 0.725000 0.825000 
355 0.775000 0.875000 354 0.725000 0.875000 375 0.775000 0.925000 356 0.825000 0.875000 335 0.775000 0.825000 
356 0.825000 0.875000 355 0.775000 0.875000 376 0.825000 0.925000 357 0.875000 0.875000 336 0.825000 0.825000 
357 0.875000 0.875000 356 0.825000 0.875000 377 0.875000 0.925000 358 0.925000 0.875000 337 0.875000 0.825000 
358 0.925000 0.875000 357 0.875000 0.875000 378 0.925000 0.925000 359 0.975000 0.875000 338 0.925000 0.825000 
359 0.975000 0.875000 358 0.925000 0.875000 379 0.975000 0.925000 340 0.025000 0.875000 339 0.975000 0.825000 
360 0.025000 0.925000 379 0.975000 0.925000 380 0.025000 0.975000 361 0.075000 0.925000 340 0.025000 0.875000 
361 0.075000 0.925000 360 0.025000 0.925000 381 0.075000 0.975000 362 0.125000 0.925000 341 0.075000 0.875000 
362 0.125000 0.925000 361 0.075000 0.925000 382 0.125000 0.975000 363 0.175000 0.925000 342 0.125000 0.875000 
363 0.175000 0.925000 362 0.125000 0.925000 383 0.175000 0.975000 364 0.225000 0.925000 343 0.175000 0.875000 
364 0.225000 0.925000 363 0.175000 0.925000 384 0.225000 0.975000 365 0.275000 0.925000 344 0.225000 0.875000 
365 0.275000 0.925000 364 0.225000 0.925000 385 0.275000 0.975000 366 0.325000 0.925000 345 0.275000 0.875000 
366 0.325000 0.925000 365 0.275000 0.925000 386 0.325000 0.975000 367 0.375000 0.925000 346 0.325000 0.875000 
367 0.375000 0.925000 366 0.325000 0.925000 387 0.375000 0.975000 368 0.425000 0.925000 347 0.375000 0.875000 
368 0.425000 0.925000 367 0.375000 0.925000 388 0.425000 0.975000 369 0.475000 0.925000 348 0.425000 0.875000 
369 0.475000 0.925000 368 0.425000 0.925000 389 0.475000 0.975000 370 0.525000 0.925000 349 0.475000 0.875000 
370 0.525000 0.925000 369 0.475000 0.925000 390 0.525000 0.975000 371 0.575000 0.925000 350 0.525000 0.875000 
371 0.575000 0.925000 370 0.525000 0.925000 391 0.575000 0.975000 372 0.625000 0.925000 351 0.575000 0.875000 
372 0.625000 0.925000 371 0.575000 0.925000 392 0.625000 0.975000 373 0.675000 0.925000 352 0.625000 0.875000 
373 0.675000 0.925000 372 0.625000 0.925000 393 0.675000 0.975000 374 0.725000 0.925000 353 0.675000 0.875000 
374 0.725000 0.925000 373 0.675000 0.925000 394 0.725000 0.975000 375 0.775000 0.925000 354 0.725000 0.875000 
375 0.775000 0.925000 374 0.725000 0.925000 395 0.775000 0.975000 376 0.825000 0.925000 355 0.775000 0.875000 
376 0.825000 0.925000 375 0.775000 0.925000 396 0.825000 0.975000 377 0.875000 0.925000 356 0.825000 0.875000 
377 0.875000 0.925000 376 0.825000 0.925000 397 0.875000 0.975000 378 0.925000 0.925000 357 0.875000 0.875000 
378 0.925000 0.925000 377 0.875000 0.925000 398 0.925000 0.975000 379 0.975000 0.925000 358 0.925000 0.875000 
379 0.975000 0.925000 378 0.925000 0.925000 399 0.975000 0.975000 360 0.025000 0.925000 359 0.975000 0.875000 
380 0.025000 0.975000 399 0.975000 0.975000 0 0.025000 0.025000 381 0.075000 0.975000 360 0.025000 0.925000 
381 0.075000 0.975000 380 0.025000 0.975000 1 0.075000 0.025000 382 0.125000 0.975000 361 0.075000 0.925000 
382 0.125000 0.975000 381 0.075000 0.975000 2 0.125000 0.025000 383 0.175000 0.975000 362 0.125000 0.925000 
383 0.175000 0.975000 382 0.125000 0.975000 3 0.175000 0.025000 384 0.225000 0.975000 363 0.175000 0.925000 
384 0.225000 0.975000 383 0.175000 0.975000 4 0.225000 0.025000 385 0.275000 0.975000 364 0.225000 0.925000 
385 0.275000 0.975000 384 0.225000 0.975000 5 0.275000 0.025000 386 0.325000 0.975000 365 0.275000 0.925000 
386 0.325000 0.975000 385 0.275000 0.975000 6 0.325000 0.025000 387 0.375000 0.975000 366 0.325000 0.925000 
387 0.375000 0.975000 386 0.325000 0.975000 7 0.375000 0.025000 388 0.425000 0.975000 367 0.375000 0.925000 
388 0.425000 0.975000 387 0.375000 0.975000 8 0.425000 0.025000 389 0.475000 0.975000 368 0.425000 0.925000 
389 0.475000 0.975000 388 0.425000 0.975000 9 0.475000 0.025000 390 0.525000 0.975000 369 0.475000 0.925000 
390 0.525000 0.975000 389 0.475000 0.975000 10 0.525000 0.025000 391 0.575000 0.975000 370 0.525000 0.925000 
391 0.575000 0.975000 390 0.525000 0.975000 11 0.575000 0.025000 392 0.625000 0.975000 371 0.575000 0.925000 
392 0.625000 0.975000 391 0.575000 0.975000 12 0.625000 0.025000 393 0.675000 0.975000 372 0.625000 0.925000 
393 0.675000 0.975000 392 0.625000 0.975000 13 0.675000 0.025000 394 0.725000 0.975000 373 0.675000 0.925000 
394 0.725000 0.975000 393 0.675000 0.975000 14 0.725000 0.025000 395 0.775000 0.975000 374 0.725000 0.925000 
395 0.775000 0.975000 394 0.725000 0.975000 15 0.775000 0.025000 396 0.825000 0.975000 375 0.775000 0.925000 
396 0.825000 0.975000 395 0.775000 0.975000 16 0.825000 0.025000 397 0.875000 0.975000 376 0.825000 0.925000 
397 0.875000 0.975000 396 0.825000 0.975000 17 0.875000 0.025000 398 0.925000 0.975000 377 0.875000 0.925000 
398 0.925000 0.975000 397 0.875000 0.975000 18 0.925000 0.025000 399 0.975000 0.975000 378 0.925000 0.925000 
399 0.975000 0.975000 398 0.925000 0.975000 19 0.975000 0.025000 380 0.025000 0.975000 379 0.975000 0.925000 
