0 0
1 1
2 3
3 4
4 5
5 7
6 9
7 26
8 27
9 28
10 34
11 36
12 37
13 38
14 39
15 40
16 41
17 44
18 45
19 46
20 55
21 56
22 57
23 58
24 60
25 61
26 62
27 63
28 64
29 68
30 70
31 71
32 72
33 73
34 74
35 75
36 83
37 91
38 97
39 98
40 99
41 101
42 104
43 109
44 113
45 114
46 117
47 120
48 121
49 122
50 123
51 125
52 126
53 127
54 135
55 137
56 138
57 139
58 140
59 146
60 147
61 148
62 152
63 161
64 162
65 166
66 175
67 176
68 177
69 178
70 179
71 180
72 181
73 182
74 186
75 187
76 188
77 189
78 190
79 191
80 192
81 198
82 203
83 204
84 205
85 206
86 211
87 215
88 216
89 217
90 224
91 225
92 226
93 229
94 230
95 231
96 234
97 238
98 239
99 240
100 241
101 242
102 245
103 246
104 251
105 252
106 254
107 255
108 261
109 262
110 263
111 268
112 269
113 270
114 271
115 274
116 275
117 276
118 280
119 286
120 287
121 288
122 289
123 294
124 295
125 297
126 298
127 299
128 303
129 304
130 305
131 309
132 310
133 311
134 314
135 315
136 316
137 317
138 319
139 326
140 334
141 339
142 343
143 349
144 350
145 351
146 352
147 353
148 355
149 358
150 359
151 360
152 362
153 363
154 366
155 367
156 368
157 369
158 374
159 377
160 378
161 379
162 380
163 382
164 406
165 407
166 408
167 409
168 412
169 414
170 415
171 416
172 418
173 419
174 420
175 422
176 423
177 426
178 427
179 428
180 429
181 430
182 431
183 432
184 439
185 441
186 442
187 445
188 446
189 447
190 449
191 466
192 471
193 472
194 473
195 474
196 475
197 476
198 477
199 478
200 479
201 480
202 481
203 482
204 483
205 484
206 485
207 486
208 487
209 491
210 494
211 495
212 501
213 502
214 503
215 504
216 505
217 506
218 510
219 512
220 513
221 514
222 521
223 526
224 529
225 530
226 531
227 536
228 537
229 540
230 543
231 544
232 546
233 547
234 550
235 555
236 557
237 558
238 559
239 560
240 564
241 565
242 566
243 567
244 568
245 569
246 577
247 581
248 584
249 585
250 586
251 589
252 590
253 591
254 592
255 594
256 599
257 600
258 601
259 612
260 618
261 619
262 620
263 621
264 622
265 623
266 626
267 629
268 632
269 633
270 636
271 637
272 644
273 645
274 646
275 649
276 653
277 654
278 655
279 656
280 657
281 658
282 659
283 663
284 664
285 670
286 674
287 675
288 676
289 677
290 683
291 686
292 689
293 690
294 691
295 696
296 697
297 698
298 699
299 700
300 701
301 702
302 709
303 712
304 716
305 718
306 720
307 721
308 722
309 723
310 725
311 726
312 727
313 728
314 729
315 731
316 733
317 734
318 735
319 737
320 738
321 739
322 740
323 752
324 753
325 754
326 760
327 761
328 763
329 764
330 765
331 767
332 768
333 772
334 773
335 775
336 776
337 777
338 779
339 780
340 781
341 783
342 784
343 785
344 786
345 788
346 789
347 790
348 791
349 792
350 793
351 794
352 795
353 796
354 798
355 802
356 803
357 804
358 808
359 815
360 816
361 817
362 818
363 819
364 823
365 824
366 825
367 826
368 827
369 828
370 830
371 831
372 835
373 836
374 837
375 838
376 840
377 844
378 847
379 848
380 853
381 856
382 859
383 860
384 861
385 862
386 863
387 866
388 867
389 868
390 869
391 871
392 872
393 873
394 878
395 879
396 880
397 881
398 882
399 883
400 884
401 888
402 891
403 895
404 900
405 901
406 904
407 910
408 911
409 912
410 913
411 923
412 924
413 925
414 926
415 930
416 931
417 932
418 933
419 934
420 935
421 936
422 941
423 942
424 943
425 944
426 945
427 946
428 947
429 964
430 967
431 968
432 969
433 971
434 975
435 976
436 977
437 978
438 982
439 988
440 993
441 994
442 995
443 997
444 998
445 999
446 1000
447 1006
448 1008
449 1009
450 1010
451 1019
452 1022
453 1027
454 1028
455 1029
456 1032
457 1033
458 1034
459 1035
460 1036
461 1041
462 1045
463 1046
464 1047
465 1056
466 1057
467 1058
468 1063
469 1069
470 1070
471 1071
472 1073
473 1079
474 1081
475 1082
476 1083
477 1084
478 1085
479 1086
480 1087
481 1090
482 1091
483 1092
484 1096
485 1097
486 1098
487 1099
488 1104
489 1110
490 1121
491 1123
492 1134
493 1135
494 1136
495 1137
496 1138
497 1142
498 1143
499 1144
500 1145
501 1146
502 1147
503 1148
504 1149
505 1150
506 1152
507 1155
508 1158
509 1161
510 1167
511 1168
512 1169
513 1178
514 1186
515 1187
516 1188
517 1189
518 1190
519 1192
520 1196
521 1199
522 1201
523 1207
524 1209
525 1213
526 1214
527 1215
528 1216
529 1217
530 1221
531 1222
532 1223
533 1232
534 1235
535 1241
536 1242
537 1243
538 1251
539 1252
540 1253
541 1254
542 1255
543 1256
544 1257
545 1259
546 1260
547 1261
548 1262
549 1263
550 1264
551 1273
552 1274
553 1278
554 1279
555 1280
556 1286
557 1291
558 1292
559 1298
560 1299
561 1300
562 1306
563 1317
564 1318
565 1320
566 1324
567 1327
568 1336
569 1337
570 1338
571 1339
572 1341
573 1342
574 1343
575 1346
576 1349
577 1350
578 1351
579 1354
580 1355
581 1356
582 1357
583 1363
584 1365
585 1372
586 1399
587 1400
588 1401
589 1402
590 1405
591 1406
592 1409
593 1410
594 1411
595 1414
596 1419
597 1420
598 1425
599 1428
600 1429
601 1430
602 1431
603 1433
604 1435
605 1436
606 1437
607 1452
608 1457
609 1464
610 1468
611 1469
612 1470
613 1472
614 1473
615 1474
616 1480
617 1484
618 1488
619 1489
620 1490
621 1493
622 1494
623 1495
624 1496
625 1497
626 1498
627 1500
628 1515
629 1516
630 1517
631 1519
632 1520
633 1521
634 1522
635 1533
636 1535
637 1536
638 1537
639 1542
640 1543
641 1544
642 1545
643 1547
644 1548
645 1549
646 1553
647 1559
648 1561
649 1571
650 1580
651 1582
652 1583
653 1584
654 1585
655 1598
656 1599
657 1600
658 1605
659 1606
660 1607
661 1608
662 1612
663 1616
664 1617
665 1618
666 1628
667 1630
668 1634
669 1635
670 1636
671 1640
672 1642
673 1647
674 1649
675 1656
676 1659
677 1660
678 1663
679 1664
680 1665
681 1670
682 1681
683 1684
684 1691
685 1692
686 1693
687 1694
688 1695
689 1699
690 1703
691 1704
692 1705
693 1706
694 1707
695 1712
696 1713
697 1714
698 1719
699 1720
700 1721
701 1722
702 1723
703 1724
704 1725
705 1727
706 1728
707 1731
708 1744
709 1747
710 1748
711 1749
712 1753
713 1756
714 1757
715 1758
716 1762
717 1763
718 1764
719 1768
720 1770
721 1771
722 1772
723 1775
724 1776
725 1777
726 1778
727 1783
728 1784
729 1787
730 1788
731 1793
732 1794
733 1795
734 1796
735 1798
736 1801
737 1807
738 1808
739 1809
740 1812
741 1816
742 1817
743 1818
744 1821
745 1827
746 1835
747 1837
748 1838
749 1839
750 1840
751 1841
752 1846
753 1847
754 1848
755 1849
756 1856
757 1857
758 1858
759 1859
760 1861
761 1862
762 1863
763 1864
764 1865
765 1866
766 1868
767 1869
768 1871
769 1872
770 1873
771 1874
772 1881
773 1884
774 1885
775 1886
776 1888
777 1900
778 1901
779 1902
780 1903
781 1904
782 1905
783 1906
784 1908
785 1911
786 1912
787 1913
788 1914
789 1918
790 1921
791 1922
792 1923
793 1924
794 1925
795 1926
796 1928
797 1929
798 1930
799 1931
800 1932
801 1933
802 1934
803 1935
804 1936
805 1937
806 1949
807 1951
808 1952
809 1953
810 1965
811 1966
812 1969
813 1970
814 1971
815 1972
816 1973
817 1974
818 1976
819 1977
820 1981
821 1982
822 1983
823 1986
824 1989
825 1993
826 1994
827 1996
828 1997
829 1998
830 1999
831 2005
832 2009
833 2016
834 2019
835 2021
836 2026
837 2032
838 2033
839 2034
840 2035
841 2036
842 2037
843 2038
844 2039
845 2042
846 2046
847 2058
848 2061
849 2062
850 2063
851 2064
852 2067
853 2068
854 2069
855 2070
856 2072
857 2073
858 2074
859 2079
860 2080
861 2081
862 2082
863 2083
864 2084
865 2085
866 2086
867 2089
868 2090
869 2091
870 2093
871 2097
872 2098
873 2099
874 2100
875 2102
876 2105
877 2106
878 2107
879 2108
880 2114
881 2118
882 2119
883 2120
884 2121
885 2122
886 2123
887 2126
888 2127
889 2128
890 2129
891 2130
892 2131
893 2132
894 2133
895 2137
896 2144
897 2147
898 2149
899 2154
900 2155
901 2156
902 2157
903 2158
904 2162
905 2168
906 2169
907 2170
908 2171
909 2172
910 2173
911 2177
912 2178
913 2179
914 2181
915 2182
916 2183
917 2184
918 2185
919 2186
920 2187
921 2188
922 2191
923 2192
924 2193
925 2194
926 2195
927 2196
928 2200
929 2201
930 2202
931 2218
932 2219
933 2220
934 2221
935 2231
936 2232
937 2233
938 2234
939 2236
940 2242
941 2246
942 2247
943 2248
944 2251
945 2253
946 2254
947 2255
948 2256
949 2257
950 2258
951 2259
952 2260
953 2261
954 2265
955 2271
956 2277
957 2279
958 2282
959 2283
960 2284
961 2290
962 2296
963 2297
964 2309
965 2310
966 2314
967 2315
968 2316
969 2317
970 2318
971 2319
972 2322
973 2324
974 2327
975 2334
976 2335
977 2336
978 2337
979 2340
980 2341
981 2342
982 2343
983 2344
984 2345
985 2346
986 2347
987 2351
988 2353
989 2354
990 2355
991 2369
992 2372
993 2373
994 2374
995 2375
996 2378
997 2379
998 2380
999 2381
1000 2383
1001 2384
1002 2385
1003 2387
1004 2388
1005 2389
1006 2390
1007 2391
1008 2392
1009 2399
1010 2400
1011 2401
1012 2402
1013 2405
1014 2407
1015 2409
1016 2410
1017 2414
1018 2415
1019 2416
1020 2418
1021 2420
1022 2432
1023 2433
1024 2434
1025 2437
1026 2438
1027 2439
1028 2440
1029 2443
1030 2444
1031 2446
1032 2447
1033 2448
1034 2449
1035 2450
1036 2451
1037 2452
1038 2453
1039 2454
1040 2455
1041 2464
1042 2465
1043 2472
1044 2473
1045 2474
1046 2478
1047 2479
1048 2480
1049 2481
1050 2482
1051 2483
1052 2484
1053 2485
1054 2493
1055 2497
1056 2498
1057 2499
1058 2503
1059 2507
1060 2508
1061 2509
1062 2510
1063 2511
1064 2512
1065 2513
1066 2516
1067 2517
1068 2518
1069 2519
1070 2520
1071 2534
1072 2537
1073 2543
1074 2546
1075 2548
1076 2556
1077 2557
1078 2558
1079 2561
1080 2562
1081 2570
1082 2571
1083 2572
1084 2575
1085 2579
1086 2580
1087 2581
1088 2582
1089 2583
1090 2584
1091 2585
1092 2597
1093 2598
1094 2599
1095 2603
1096 2609
1097 2611
1098 2621
1099 2623
1100 2624
1101 2625
1102 2626
1103 2627
1104 2633
1105 2635
1106 2638
1107 2644
1108 2645
1109 2647
1110 2648
1111 2649
1112 2659
1113 2662
1114 2666
1115 2667
1116 2668
1117 2669
1118 2672
1119 2673
1120 2674
1121 2675
1122 2676
1123 2678
1124 2686
1125 2687
1126 2689
1127 2690
1128 2691
1129 2692
1130 2696
1131 2697
1132 2698
1133 2701
1134 2702
1135 2703
1136 2708
1137 2709
1138 2710
1139 2712
1140 2713
1141 2714
1142 2718
1143 2722
1144 2723
1145 2724
1146 2731
1147 2732
1148 2733
1149 2734
1150 2736
1151 2737
1152 2738
1153 2739
1154 2741
1155 2742
1156 2743
1157 2751
1158 2754
1159 2755
1160 2756
1161 2761
1162 2766
1163 2773
1164 2775
1165 2776
1166 2777
1167 2781
1168 2782
1169 2783
1170 2786
1171 2787
1172 2788
1173 2792
1174 2797
1175 2799
1176 2800
1177 2801
1178 2802
1179 2805
1180 2806
1181 2807
1182 2808
1183 2817
1184 2818
1185 2819
1186 2820
1187 2821
1188 2840
1189 2845
1190 2846
1191 2847
1192 2849
1193 2850
1194 2851
1195 2855
1196 2856
1197 2857
1198 2862
1199 2863
1200 2864
1201 2870
1202 2871
1203 2880
1204 2881
1205 2882
1206 2883
1207 2884
1208 2902
1209 2903
1210 2908
1211 2909
1212 2910
1213 2911
1214 2912
1215 2913
1216 2914
1217 2920
1218 2921
1219 2925
1220 2926
1221 2927
1222 2928
1223 2931
1224 2934
1225 2935
1226 2936
1227 2945
1228 2947
1229 2958
1230 2963
1231 2965
1232 2966
1233 2967
1234 2968
1235 2973
1236 2974
1237 2975
1238 2976
1239 2977
1240 2984
1241 2985
1242 2986
1243 2988
1244 2989
1245 2990
1246 2991
1247 2992
1248 2994
1249 2995
1250 2996
1251 2999
1252 3009
1253 3016
1254 3021
1255 3022
1256 3023
1257 3026
1258 3027
1259 3028
1260 3029
1261 3030
1262 3031
1263 3039
1264 3041
1265 3049
1266 3053
1267 3054
1268 3055
1269 3056
1270 3057
1271 3059
1272 3064
1273 3067
1274 3072
1275 3073
1276 3074
1277 3079
1278 3080
1279 3081
1280 3083
1281 3086
1282 3089
1283 3091
1284 3092
1285 3093
1286 3094
1287 3103
1288 3104
1289 3105
1290 3106
1291 3111
1292 3117
1293 3119
1294 3120
1295 3121
1296 3122
1297 3124
1298 3125
1299 3127
1300 3128
1301 3129
1302 3130
1303 3131
1304 3132
1305 3137
1306 3138
1307 3143
1308 3144
1309 3145
1310 3146
1311 3147
1312 3148
1313 3152
1314 3153
1315 3154
1316 3156
1317 3157
1318 3165
1319 3166
1320 3167
1321 3168
1322 3169
1323 3174
1324 3175
1325 3176
1326 3180
1327 3181
1328 3182
1329 3184
1330 3185
1331 3186
1332 3187
1333 3188
1334 3189
1335 3190
1336 3192
1337 3195
1338 3201
1339 3202
1340 3203
1341 3206
1342 3208
1343 3209
1344 3210
1345 3211
1346 3217
1347 3219
1348 3220
1349 3221
1350 3222
1351 3227
1352 3228
1353 3229
1354 3230
1355 3231
1356 3232
1357 3237
1358 3238
1359 3239
1360 3245
1361 3246
1362 3247
1363 3249
1364 3250
1365 3252
1366 3253
1367 3261
1368 3265
1369 3266
1370 3267
1371 3269
1372 3270
1373 3271
1374 3273
1375 3281
1376 3282
1377 3284
1378 3285
1379 3290
1380 3291
1381 3292
1382 3293
1383 3295
1384 3296
1385 3297
1386 3298
1387 3302
1388 3310
1389 3313
1390 3314
1391 3315
1392 3319
1393 3324
1394 3325
1395 3326
1396 3327
1397 3328
1398 3330
1399 3331
1400 3334
1401 3344
1402 3345
1403 3346
1404 3347
1405 3352
1406 3355
1407 3360
1408 3361
1409 3362
1410 3363
1411 3368
1412 3375
1413 3376
1414 3377
1415 3378
1416 3379
1417 3380
1418 3382
1419 3383
1420 3384
1421 3389
1422 3390
1423 3391
1424 3394
1425 3395
1426 3396
1427 3409
1428 3410
1429 3411
1430 3415
1431 3416
1432 3417
1433 3426
1434 3431
1435 3432
1436 3433
1437 3438
1438 3439
1439 3440
1440 3441
1441 3442
1442 3443
1443 3447
1444 3448
1445 3449
1446 3453
1447 3455
1448 3459
1449 3474
1450 3475
1451 3476
1452 3479
1453 3480
1454 3481
1455 3485
1456 3489
1457 3491
1458 3493
1459 3496
1460 3500
1461 3501
1462 3503
1463 3510
1464 3512
1465 3516
1466 3517
1467 3518
1468 3524
1469 3535
1470 3539
1471 3542
1472 3544
1473 3545
1474 3546
1475 3548
1476 3549
1477 3550
1478 3552
1479 3553
1480 3554
1481 3555
1482 3556
1483 3557
1484 3558
1485 3563
1486 3564
1487 3565
1488 3566
1489 3573
1490 3574
1491 3575
1492 3581
1493 3587
1494 3588
1495 3589
1496 3593
1497 3598
1498 3599
1499 3600
1500 3602
1501 3603
1502 3604
1503 3605
1504 3606
1505 3607
1506 3608
1507 3609
1508 3610
1509 3613
1510 3617
1511 3619
1512 3621
1513 3622
1514 3623
1515 3627
1516 3628
1517 3629
1518 3635
1519 3636
1520 3637
1521 3638
1522 3652
1523 3656
1524 3657
1525 3658
1526 3661
1527 3663
1528 3666
1529 3667
1530 3668
1531 3670
1532 3672
1533 3673
1534 3674
1535 3683
1536 3686
1537 3689
1538 3692
1539 3698
1540 3699
1541 3700
1542 3701
1543 3704
1544 3707
1545 3710
1546 3721
1547 3724
1548 3725
1549 3726
1550 3731
1551 3737
1552 3746
1553 3747
1554 3748
1555 3750
1556 3752
1557 3753
1558 3754
1559 3763
1560 3767
1561 3768
1562 3769
1563 3770
1564 3771
1565 3772
1566 3773
1567 3774
1568 3775
1569 3784
1570 3789
1571 3797
1572 3800
1573 3803
1574 3809
1575 3810
1576 3811
1577 3813
1578 3814
1579 3815
1580 3817
1581 3824
1582 3832
1583 3833
1584 3834
1585 3835
1586 3838
1587 3846
1588 3847
1589 3848
1590 3849
1591 3857
1592 3859
1593 3860
1594 3861
1595 3862
1596 3863
1597 3864
1598 3865
1599 3866
1600 3867
1601 3868
1602 3874
1603 3878
1604 3882
1605 3886
1606 3887
1607 3888
1608 3889
1609 3897
1610 3898
1611 3907
1612 3909
1613 3910
1614 3911
1615 3912
1616 3917
1617 3918
1618 3920
1619 3921
1620 3922
1621 3923
1622 3924
1623 3925
1624 3926
1625 3928
1626 3931
1627 3933
1628 3936
1629 3937
1630 3945
1631 3946
1632 3947
1633 3949
1634 3950
1635 3951
1636 3952
1637 3960
1638 3961
1639 3962
1640 3969
1641 3970
1642 3971
1643 3972
1644 3973
1645 3974
1646 3975
1647 3976
1648 3980
1649 3981
1650 3982
1651 3983
1652 3984
1653 3985
1654 3986
1655 3987
1656 3989
1657 3990
1658 3991
1659 3994
1660 3996
1661 3997
1662 3998
1663 3999
1664 4000
1665 4001
1666 4002
1667 4010
1668 4014
1669 4025
1670 4028
1671 4032
1672 4033
1673 4034
1674 4035
1675 4036
1676 4037
1677 4038
1678 4039
1679 4040
1680 4045
1681 4046
1682 4048
1683 4049
1684 4054
1685 4057
1686 4058
1687 4059
1688 4061
1689 4064
1690 4065
1691 4069
1692 4072
1693 4077
1694 4088
1695 4091
1696 4092
1697 4093
