0 0
1 1
2 8
3 9
4 10
5 16
6 27
7 35
8 37
9 40
10 44
11 48
12 54
13 55
14 56
15 59
16 63
17 64
18 73
19 74
20 75
21 79
22 80
23 81
24 83
25 90
26 91
27 92
28 111
29 112
30 113
31 119
32 122
33 123
34 124
35 132
36 138
37 142
38 143
39 144
40 146
41 147
42 148
43 155
44 176
45 180
46 187
47 189
48 195
49 196
50 197
51 207
52 211
53 215
54 230
55 243
56 244
57 245
58 252
59 253
60 254
61 260
62 278
63 279
64 280
65 290
66 293
67 294
68 295
69 299
70 308
71 311
72 317
73 343
74 344
75 345
76 353
77 354
78 355
79 356
80 357
81 358
82 362
83 363
84 364
85 369
86 374
87 375
88 376
89 380
90 381
91 382
92 387
93 396
94 407
95 408
96 409
97 410
98 415
99 416
100 418
101 421
102 427
103 432
104 433
105 434
106 439
107 445
108 446
109 447
110 448
111 450
112 451
113 452
114 459
115 460
116 461
117 472
118 473
119 476
120 478
121 479
122 480
123 481
124 482
125 483
126 487
127 497
128 509
129 510
130 511
131 515
132 524
133 525
134 526
135 532
136 539
137 540
138 541
139 543
140 544
141 546
142 550
143 551
144 552
145 556
146 569
147 574
148 575
149 589
150 595
151 596
152 597
153 604
154 615
155 619
156 620
157 621
158 632
159 633
160 634
161 637
162 640
163 655
164 660
165 672
166 684
167 693
168 697
169 700
170 701
171 702
172 704
173 705
174 718
175 719
176 720
177 735
178 736
179 737
180 750
181 756
182 757
183 758
184 765
185 767
186 768
187 774
188 783
189 791
190 796
191 800
192 813
193 814
194 815
195 821
196 828
197 837
198 838
199 839
200 854
201 855
202 856
203 859
204 860
205 861
206 878
207 883
208 889
209 891
210 892
211 893
212 895
213 896
214 897
215 901
216 902
217 919
218 924
219 943
220 946
221 947
222 948
223 952
224 953
225 954
226 956
227 958
228 959
229 960
230 961
231 962
232 964
233 965
234 966
235 967
236 996
237 1006
238 1007
239 1008
240 1009
241 1010
242 1011
243 1017
244 1023
245 1025
246 1026
247 1027
248 1029
249 1030
250 1053
251 1055
252 1059
253 1060
254 1061
255 1066
256 1071
257 1072
258 1074
259 1090
260 1107
261 1116
262 1117
263 1118
264 1119
265 1120
266 1124
267 1129
268 1130
269 1131
270 1135
271 1136
272 1137
273 1170
274 1171
275 1172
276 1175
277 1179
278 1180
279 1181
280 1183
281 1194
282 1199
283 1200
284 1201
285 1227
286 1235
287 1238
288 1239
289 1240
290 1244
291 1245
292 1246
293 1248
294 1252
295 1264
296 1289
297 1290
298 1291
299 1292
300 1303
301 1307
302 1308
303 1309
304 1311
305 1312
306 1313
307 1315
308 1316
309 1317
310 1331
311 1336
312 1339
313 1352
314 1353
315 1354
316 1355
317 1372
318 1376
319 1379
320 1380
321 1381
322 1391
323 1393
324 1394
325 1395
326 1396
327 1399
328 1400
329 1401
330 1402
331 1403
332 1404
333 1405
334 1412
335 1417
336 1442
337 1443
338 1444
339 1445
340 1454
341 1455
342 1456
343 1457
344 1458
345 1459
346 1464
347 1467
348 1468
349 1469
350 1470
351 1475
352 1476
353 1477
354 1489
355 1497
356 1504
357 1505
358 1506
359 1507
360 1508
361 1514
362 1519
363 1520
364 1521
365 1527
366 1532
367 1533
368 1540
369 1552
370 1553
371 1554
372 1560
373 1561
374 1562
375 1567
376 1568
377 1569
378 1570
379 1571
380 1577
381 1578
382 1579
383 1583
384 1584
385 1585
386 1590
387 1591
388 1592
389 1599
390 1600
391 1609
392 1610
393 1617
394 1625
395 1632
396 1633
397 1634
398 1635
399 1636
400 1642
401 1648
402 1649
403 1650
404 1654
405 1655
406 1656
407 1661
408 1662
409 1663
410 1670
411 1672
412 1673
413 1674
414 1675
415 1681
416 1695
417 1697
418 1699
419 1702
420 1713
421 1719
422 1724
423 1725
424 1726
425 1727
426 1733
427 1734
428 1735
429 1736
430 1737
431 1738
432 1744
433 1745
434 1746
435 1758
436 1759
437 1760
438 1765
439 1766
440 1767
441 1785
442 1789
443 1798
444 1800
445 1809
446 1820
447 1821
448 1822
449 1823
450 1827
451 1830
452 1848
453 1849
454 1850
455 1872
456 1883
457 1884
458 1885
459 1886
460 1890
461 1891
462 1892
463 1913
464 1924
465 1934
466 1935
467 1936
468 1937
469 1948
470 1953
471 1954
472 1955
473 1987
474 1988
475 1989
476 1992
477 1997
478 1998
479 1999
480 2000
481 2006
482 2018
483 2019
484 2020
485 2028
486 2050
487 2052
488 2055
489 2056
490 2057
491 2062
492 2069
493 2070
494 2071
495 2076
496 2083
497 2091
498 2092
499 2093
500 2102
501 2103
502 2108
503 2113
504 2114
505 2115
506 2119
507 2120
508 2131
509 2134
510 2139
511 2140
512 2141
513 2156
514 2165
515 2166
516 2167
517 2168
518 2171
519 2172
520 2173
521 2178
522 2182
523 2183
524 2184
525 2194
526 2195
527 2196
528 2204
529 2206
530 2210
531 2223
532 2227
533 2230
534 2231
535 2234
536 2236
537 2247
538 2259
539 2269
540 2270
541 2271
542 2272
543 2273
544 2274
545 2275
546 2286
547 2287
548 2288
549 2290
550 2291
551 2292
552 2297
553 2298
554 2299
555 2310
556 2334
557 2335
558 2336
559 2337
560 2338
561 2351
562 2355
563 2362
564 2365
565 2368
566 2373
567 2374
568 2375
569 2380
570 2400
571 2420
572 2428
573 2429
574 2430
575 2432
576 2433
577 2438
578 2443
579 2444
580 2445
581 2448
582 2457
583 2462
584 2483
585 2484
586 2485
587 2493
588 2495
589 2496
590 2506
591 2507
592 2508
593 2509
594 2511
595 2512
596 2513
597 2520
598 2521
599 2522
600 2525
601 2526
602 2527
603 2535
604 2548
605 2571
606 2572
607 2576
608 2585
609 2590
610 2598
611 2599
612 2600
613 2610
614 2613
615 2620
616 2637
617 2647
618 2648
619 2649
620 2663
621 2673
622 2674
623 2675
624 2676
625 2677
626 2678
627 2683
628 2684
629 2685
630 2700
631 2701
632 2702
633 2710
634 2711
635 2712
636 2713
637 2714
638 2736
639 2738
640 2741
641 2748
642 2756
643 2765
644 2775
645 2776
646 2777
647 2794
648 2799
649 2800
650 2801
651 2819
652 2820
653 2821
654 2857
655 2858
656 2859
657 2864
658 2874
659 2883
660 2884
661 2914
662 2922
663 2926
664 2931
665 2937
666 2938
667 2939
668 2946
669 2947
670 2948
671 2969
672 2977
673 2978
674 2979
675 2989
676 2990
677 2991
678 2994
679 2995
680 2996
681 3002
682 3011
683 3024
684 3032
685 3033
686 3034
687 3041
688 3042
689 3043
690 3054
691 3059
692 3067
693 3087
694 3088
695 3089
696 3096
697 3097
698 3098
699 3103
700 3106
701 3130
702 3131
703 3132
704 3148
705 3152
706 3161
707 3166
708 3167
709 3168
710 3171
711 3195
712 3207
713 3211
714 3212
715 3213
716 3231
717 3234
718 3235
719 3236
720 3265
721 3270
722 3271
723 3272
724 3276
725 3299
726 3321
727 3324
728 3328
729 3329
730 3330
731 3335
732 3345
733 3348
734 3363
735 3377
736 3382
737 3384
738 3385
739 3386
740 3387
741 3388
742 3389
743 3393
744 3408
745 3409
746 3410
747 3411
748 3412
749 3413
750 3426
751 3427
752 3428
753 3432
754 3440
755 3441
756 3442
757 3445
758 3446
759 3447
760 3448
761 3449
762 3450
763 3451
764 3452
765 3462
766 3473
767 3476
768 3479
769 3490
770 3491
771 3495
772 3496
773 3497
774 3505
775 3510
776 3513
777 3514
778 3515
779 3516
780 3525
781 3526
782 3527
783 3542
784 3543
785 3544
786 3553
787 3554
788 3555
789 3560
790 3570
791 3579
792 3589
793 3590
794 3591
795 3607
796 3615
797 3616
798 3617
799 3618
800 3631
801 3632
802 3633
803 3634
804 3635
805 3651
806 3654
807 3660
808 3667
809 3678
810 3679
811 3680
812 3681
813 3682
814 3694
815 3695
816 3696
817 3697
818 3698
819 3707
820 3714
821 3715
822 3716
823 3723
824 3724
825 3725
826 3730
827 3731
828 3732
829 3739
830 3741
831 3743
832 3745
833 3746
834 3747
835 3759
836 3760
837 3762
838 3770
839 3771
840 3772
841 3779
842 3780
843 3786
844 3788
845 3795
846 3797
847 3801
848 3802
849 3803
850 3804
851 3805
852 3806
853 3807
854 3809
855 3810
856 3811
857 3825
858 3826
859 3827
860 3835
861 3841
862 3843
863 3844
864 3845
865 3849
866 3850
867 3851
868 3858
869 3859
870 3860
871 3861
872 3862
873 3864
874 3865
875 3866
876 3867
877 3868
878 3869
879 3870
880 3871
881 3872
882 3874
883 3877
884 3881
885 3890
886 3900
887 3904
888 3905
889 3906
890 3908
891 3914
892 3923
893 3925
894 3929
895 3931
896 3935
897 3940
898 3941
899 3942
900 3944
901 3945
902 3946
903 3963
904 3964
905 3965
906 3969
907 4003
908 4005
909 4008
910 4009
911 4012
912 4028
913 4032
914 4041
915 4066
916 4067
917 4068
918 4069
919 4070
920 4071
921 4072
922 4073
923 4075
924 4076
925 4077
926 4087
