0 0
1 1
2 9
3 10
4 17
5 18
6 19
7 21
8 22
9 27
10 28
11 29
12 32
13 45
14 46
15 47
16 48
17 51
18 52
19 53
20 54
21 55
22 58
23 59
24 60
25 61
26 66
27 67
28 68
29 69
30 70
31 80
32 81
33 82
34 83
35 84
36 87
37 88
38 89
39 96
40 101
41 105
42 109
43 110
44 111
45 112
46 118
47 124
48 126
49 127
50 128
51 129
52 130
53 137
54 138
55 139
56 141
57 146
58 148
59 149
60 150
61 155
62 156
63 157
64 159
65 160
66 161
67 166
68 173
69 174
70 180
71 181
72 182
73 183
74 184
75 187
76 195
77 196
78 197
79 209
80 211
81 212
82 213
83 215
84 216
85 217
86 223
87 224
88 225
89 226
90 232
91 233
92 234
93 239
94 240
95 241
96 242
97 245
98 246
99 247
100 253
101 254
102 255
103 257
104 265
105 266
106 267
107 268
108 269
109 270
110 277
111 281
112 284
113 286
114 287
115 288
116 293
117 294
118 295
119 300
120 301
121 302
122 304
123 306
124 307
125 308
126 309
127 311
128 320
129 338
130 339
131 340
132 344
133 347
134 352
135 353
136 354
137 355
138 361
139 362
140 363
141 368
142 369
143 370
144 371
145 374
146 376
147 378
148 382
149 392
150 393
151 394
152 395
153 396
154 397
155 398
156 399
157 408
158 409
159 410
160 411
161 412
162 413
163 414
164 415
165 416
166 422
167 429
168 431
169 432
170 433
171 434
172 435
173 436
174 440
175 447
176 448
177 449
178 452
179 454
180 460
181 467
182 474
183 475
184 476
185 479
186 480
187 482
188 485
189 488
190 489
191 490
192 491
193 498
194 502
195 503
196 504
197 505
198 506
199 507
200 521
201 523
202 526
203 528
204 531
205 535
206 536
207 537
208 538
209 540
210 541
211 542
212 543
213 544
214 545
215 558
216 559
217 560
218 561
219 562
220 567
221 568
222 569
223 570
224 574
225 576
226 579
227 580
228 581
229 582
230 583
231 586
232 587
233 588
234 589
235 590
236 599
237 603
238 606
239 607
240 608
241 609
242 612
243 613
244 614
245 617
246 618
247 620
248 621
249 622
250 625
251 626
252 627
253 629
254 630
255 631
256 632
257 634
258 635
259 653
260 654
261 655
262 656
263 657
264 658
265 659
266 660
267 664
268 665
269 666
270 667
271 668
272 669
273 670
274 672
275 687
276 688
277 689
278 690
279 691
280 694
281 695
282 696
283 697
284 698
285 699
286 701
287 702
288 703
289 707
290 708
291 709
292 710
293 711
294 712
295 713
296 714
297 715
298 716
299 717
300 718
301 719
302 726
303 727
304 728
305 735
306 736
307 737
308 738
309 739
310 740
311 741
312 746
313 747
314 748
315 749
316 750
317 751
318 754
319 758
320 762
321 763
322 764
323 775
324 780
325 782
326 784
327 787
328 792
329 794
330 797
331 800
332 814
333 815
334 816
335 817
336 818
337 819
338 823
339 824
340 826
341 830
342 831
343 832
344 836
345 837
346 839
347 840
348 842
349 846
350 850
351 855
352 864
353 865
354 866
355 867
356 868
357 869
358 873
359 874
360 875
361 876
362 877
363 878
364 885
365 889
366 890
367 891
368 892
369 893
370 894
371 902
372 903
373 904
374 905
375 907
376 908
377 909
378 910
379 919
380 920
381 921
382 922
383 927
384 928
385 929
386 943
387 944
388 946
389 947
390 948
391 952
392 958
393 959
394 960
395 961
396 964
397 965
398 966
399 967
400 968
401 969
402 974
403 977
404 978
405 979
406 983
407 986
408 993
409 995
410 996
411 1001
412 1002
413 1004
414 1012
415 1013
416 1014
417 1016
418 1017
419 1018
420 1019
421 1020
422 1021
423 1022
424 1023
425 1029
426 1030
427 1031
428 1032
429 1033
430 1034
431 1036
432 1037
433 1038
434 1039
435 1047
436 1048
437 1049
438 1050
439 1051
440 1056
441 1058
442 1065
443 1069
444 1070
445 1071
446 1072
447 1073
448 1075
449 1079
450 1080
451 1081
452 1082
453 1085
454 1086
455 1087
456 1088
457 1093
458 1096
459 1101
460 1102
461 1103
462 1104
463 1105
464 1106
465 1108
466 1110
467 1111
468 1112
469 1113
470 1114
471 1115
472 1128
473 1129
474 1130
475 1131
476 1132
477 1133
478 1139
479 1141
480 1143
481 1144
482 1145
483 1146
484 1147
485 1149
486 1150
487 1152
488 1158
489 1159
490 1160
491 1161
492 1166
493 1176
494 1178
495 1185
496 1186
497 1187
498 1192
499 1193
500 1194
501 1196
502 1197
503 1198
504 1199
505 1200
506 1206
507 1208
508 1209
509 1210
510 1211
511 1214
512 1219
513 1228
514 1229
515 1230
516 1231
517 1233
518 1235
519 1236
520 1237
521 1239
522 1240
523 1241
524 1242
525 1243
526 1257
527 1260
528 1262
529 1266
530 1267
531 1268
532 1270
533 1271
534 1272
535 1273
536 1274
537 1278
538 1280
539 1281
540 1283
541 1287
542 1299
543 1300
544 1307
545 1310
546 1312
547 1313
548 1314
549 1319
550 1320
551 1321
552 1325
553 1327
554 1333
555 1334
556 1335
557 1338
558 1339
559 1340
560 1345
561 1346
562 1347
563 1348
564 1352
565 1355
566 1356
567 1357
568 1358
569 1360
570 1361
571 1362
572 1364
573 1368
574 1370
575 1378
576 1385
577 1386
578 1389
579 1390
580 1391
581 1395
582 1396
583 1399
584 1400
585 1401
586 1402
587 1403
588 1405
589 1406
590 1407
591 1408
592 1409
593 1410
594 1411
595 1412
596 1425
597 1426
598 1427
599 1428
600 1429
601 1434
602 1435
603 1436
604 1437
605 1438
606 1439
607 1441
608 1448
609 1462
610 1467
611 1472
612 1473
613 1474
614 1475
615 1479
616 1480
617 1481
618 1484
619 1485
620 1489
621 1495
622 1496
623 1497
624 1498
625 1499
626 1500
627 1505
628 1506
629 1507
630 1509
631 1512
632 1513
633 1514
634 1515
635 1518
636 1522
637 1523
638 1524
639 1525
640 1530
641 1534
642 1535
643 1536
644 1537
645 1538
646 1539
647 1548
648 1552
649 1553
650 1554
651 1555
652 1556
653 1557
654 1558
655 1561
656 1562
657 1563
658 1566
659 1583
660 1584
661 1593
662 1601
663 1607
664 1608
665 1611
666 1612
667 1613
668 1614
669 1622
670 1623
671 1624
672 1626
673 1627
674 1628
675 1629
676 1634
677 1636
678 1637
679 1638
680 1640
681 1641
682 1642
683 1648
684 1651
685 1652
686 1656
687 1666
688 1669
689 1675
690 1676
691 1677
692 1680
693 1681
694 1685
695 1690
696 1709
697 1710
698 1711
699 1712
700 1713
701 1720
702 1721
703 1722
704 1725
705 1733
706 1734
707 1735
708 1736
709 1740
710 1741
711 1750
712 1751
713 1752
714 1756
715 1759
716 1764
717 1765
718 1766
719 1767
720 1768
721 1769
722 1770
723 1775
724 1776
725 1777
726 1778
727 1779
728 1780
729 1781
730 1783
731 1784
732 1785
733 1787
734 1791
735 1792
736 1795
737 1796
738 1797
739 1798
740 1802
741 1804
742 1805
743 1807
744 1808
745 1809
746 1816
747 1822
748 1836
749 1837
750 1838
751 1839
752 1840
753 1841
754 1847
755 1848
756 1849
757 1852
758 1853
759 1854
760 1860
761 1861
762 1862
763 1863
764 1879
765 1880
766 1881
767 1886
768 1887
769 1888
770 1893
771 1894
772 1895
773 1896
774 1897
775 1898
776 1899
777 1904
778 1905
779 1906
780 1907
781 1908
782 1912
783 1913
784 1914
785 1915
786 1916
787 1918
788 1919
789 1922
790 1923
791 1924
792 1925
793 1929
794 1930
795 1931
796 1932
797 1933
798 1934
799 1936
800 1937
801 1938
802 1943
803 1944
804 1945
805 1949
806 1950
807 1951
808 1965
809 1968
810 1969
811 1970
812 1976
813 1981
814 1987
815 1988
816 1989
817 1990
818 1991
819 1992
820 1993
821 2008
822 2014
823 2015
824 2016
825 2020
826 2021
827 2022
828 2026
829 2034
830 2039
831 2040
832 2041
833 2042
834 2043
835 2047
836 2051
837 2052
838 2053
839 2055
840 2058
841 2059
842 2060
843 2061
844 2065
845 2072
846 2075
847 2078
848 2079
849 2080
850 2097
851 2098
852 2107
853 2111
854 2115
855 2116
856 2118
857 2119
858 2120
859 2121
860 2122
861 2132
862 2143
863 2144
864 2145
865 2148
866 2149
867 2150
868 2163
869 2166
870 2168
871 2169
872 2170
873 2171
874 2172
875 2176
876 2179
877 2180
878 2181
879 2182
880 2183
881 2184
882 2186
883 2187
884 2188
885 2199
886 2200
887 2201
888 2202
889 2203
890 2204
891 2206
892 2207
893 2208
894 2214
895 2225
896 2226
897 2227
898 2233
899 2234
900 2235
901 2236
902 2238
903 2239
904 2240
905 2241
906 2242
907 2243
908 2244
909 2245
910 2248
911 2249
912 2250
913 2255
914 2259
915 2260
916 2261
917 2272
918 2273
919 2274
920 2277
921 2289
922 2290
923 2291
924 2292
925 2293
926 2294
927 2295
928 2299
929 2300
930 2304
931 2305
932 2308
933 2311
934 2315
935 2322
936 2328
937 2329
938 2330
939 2331
940 2333
941 2334
942 2335
943 2336
944 2337
945 2340
946 2341
947 2342
948 2343
949 2350
950 2351
951 2354
952 2358
953 2360
954 2361
955 2362
956 2363
957 2366
958 2367
959 2368
960 2369
961 2370
962 2371
963 2372
964 2373
965 2374
966 2377
967 2378
968 2379
969 2382
970 2383
971 2384
972 2387
973 2388
974 2389
975 2392
976 2393
977 2400
978 2401
979 2402
980 2404
981 2416
982 2417
983 2418
984 2419
985 2420
986 2421
987 2422
988 2423
989 2427
990 2428
991 2429
992 2431
993 2432
994 2446
995 2449
996 2450
997 2451
998 2454
999 2455
1000 2457
1001 2460
1002 2461
1003 2462
1004 2464
1005 2467
1006 2468
1007 2469
1008 2470
1009 2477
1010 2478
1011 2479
1012 2480
1013 2481
1014 2482
1015 2483
1016 2485
1017 2486
1018 2487
1019 2489
1020 2490
1021 2491
1022 2493
1023 2494
1024 2495
1025 2496
1026 2497
1027 2501
1028 2504
1029 2506
1030 2510
1031 2511
1032 2512
1033 2516
1034 2519
1035 2520
1036 2521
1037 2522
1038 2529
1039 2531
1040 2532
1041 2533
1042 2545
1043 2549
1044 2550
1045 2551
1046 2556
1047 2561
1048 2573
1049 2574
1050 2575
1051 2578
1052 2579
1053 2580
1054 2581
1055 2582
1056 2583
1057 2584
1058 2585
1059 2588
1060 2589
1061 2590
1062 2594
1063 2595
1064 2596
1065 2604
1066 2605
1067 2606
1068 2607
1069 2608
1070 2609
1071 2610
1072 2614
1073 2616
1074 2617
1075 2618
1076 2622
1077 2623
1078 2624
1079 2625
1080 2626
1081 2631
1082 2632
1083 2633
1084 2634
1085 2639
1086 2645
1087 2648
1088 2649
1089 2650
1090 2656
1091 2657
1092 2658
1093 2659
1094 2660
1095 2662
1096 2672
1097 2678
1098 2679
1099 2688
1100 2689
1101 2690
1102 2702
1103 2706
1104 2707
1105 2708
1106 2709
1107 2710
1108 2711
1109 2712
1110 2713
1111 2714
1112 2717
1113 2719
1114 2721
1115 2722
1116 2723
1117 2724
1118 2731
1119 2732
1120 2733
1121 2735
1122 2736
1123 2737
1124 2745
1125 2750
1126 2751
1127 2752
1128 2753
1129 2755
1130 2758
1131 2760
1132 2761
1133 2762
1134 2763
1135 2766
1136 2769
1137 2772
1138 2773
1139 2774
1140 2776
1141 2777
1142 2778
1143 2779
1144 2782
1145 2785
1146 2786
1147 2787
1148 2788
1149 2789
1150 2790
1151 2791
1152 2798
1153 2799
1154 2800
1155 2801
1156 2804
1157 2805
1158 2806
1159 2807
1160 2808
1161 2810
1162 2817
1163 2821
1164 2823
1165 2825
1166 2827
1167 2833
1168 2834
1169 2835
1170 2836
1171 2837
1172 2841
1173 2846
1174 2847
1175 2848
1176 2850
1177 2851
1178 2854
1179 2858
1180 2859
1181 2860
1182 2861
1183 2864
1184 2872
1185 2873
1186 2874
1187 2879
1188 2882
1189 2883
1190 2884
1191 2885
1192 2886
1193 2887
1194 2888
1195 2889
1196 2890
1197 2893
1198 2894
1199 2895
1200 2896
1201 2897
1202 2898
1203 2901
1204 2905
1205 2906
1206 2909
1207 2910
1208 2911
1209 2913
1210 2914
1211 2915
1212 2916
1213 2917
1214 2918
1215 2925
1216 2926
1217 2927
1218 2928
1219 2929
1220 2931
1221 2932
1222 2933
1223 2934
1224 2935
1225 2936
1226 2937
1227 2938
1228 2939
1229 2948
1230 2949
1231 2950
1232 2951
1233 2952
1234 2953
1235 2954
1236 2955
1237 2956
1238 2962
1239 2964
1240 2968
1241 2969
1242 2974
1243 2975
1244 2978
1245 2981
1246 2982
1247 2983
1248 2986
1249 2987
1250 2988
1251 2995
1252 3001
1253 3008
1254 3011
1255 3012
1256 3013
1257 3014
1258 3016
1259 3022
1260 3025
1261 3029
1262 3038
1263 3039
1264 3040
1265 3042
1266 3043
1267 3044
1268 3053
1269 3054
1270 3055
1271 3056
1272 3060
1273 3061
1274 3062
1275 3063
1276 3064
1277 3066
1278 3071
1279 3072
1280 3077
1281 3079
1282 3081
1283 3083
1284 3095
1285 3096
1286 3097
1287 3098
1288 3100
1289 3101
1290 3102
1291 3103
1292 3105
1293 3106
1294 3107
1295 3108
1296 3109
1297 3110
1298 3114
1299 3115
1300 3119
1301 3122
1302 3123
1303 3124
1304 3127
1305 3135
1306 3136
1307 3137
1308 3139
1309 3141
1310 3142
1311 3143
1312 3144
1313 3145
1314 3147
1315 3156
1316 3157
1317 3158
1318 3167
1319 3168
1320 3169
1321 3170
1322 3171
1323 3172
1324 3181
1325 3182
1326 3183
1327 3184
1328 3187
1329 3188
1330 3189
1331 3190
1332 3191
1333 3198
1334 3199
1335 3200
1336 3204
1337 3205
1338 3206
1339 3218
1340 3220
1341 3224
1342 3225
1343 3227
1344 3228
1345 3229
1346 3230
1347 3234
1348 3235
1349 3236
1350 3237
1351 3238
1352 3241
1353 3242
1354 3243
1355 3246
1356 3247
1357 3248
1358 3249
1359 3251
1360 3254
1361 3255
1362 3256
1363 3264
1364 3266
1365 3267
1366 3268
1367 3269
1368 3270
1369 3271
1370 3272
1371 3274
1372 3275
1373 3276
1374 3285
1375 3296
1376 3297
1377 3298
1378 3299
1379 3309
1380 3310
1381 3311
1382 3312
1383 3313
1384 3314
1385 3316
1386 3318
1387 3321
1388 3322
1389 3326
1390 3327
1391 3329
1392 3330
1393 3333
1394 3341
1395 3344
1396 3345
1397 3346
1398 3347
1399 3348
1400 3349
1401 3356
1402 3357
1403 3362
1404 3363
1405 3364
1406 3365
1407 3370
1408 3375
1409 3376
1410 3377
1411 3378
1412 3383
1413 3390
1414 3395
1415 3398
1416 3403
1417 3404
1418 3426
1419 3431
1420 3438
1421 3439
1422 3440
1423 3441
1424 3442
1425 3443
1426 3448
1427 3449
1428 3450
1429 3451
1430 3452
1431 3455
1432 3456
1433 3457
1434 3458
1435 3459
1436 3465
1437 3467
1438 3468
1439 3469
1440 3470
1441 3471
1442 3472
1443 3473
1444 3474
1445 3476
1446 3484
1447 3485
1448 3486
1449 3489
1450 3490
1451 3491
1452 3504
1453 3505
1454 3506
1455 3516
1456 3517
1457 3518
1458 3519
1459 3520
1460 3531
1461 3532
1462 3533
1463 3541
1464 3555
1465 3556
1466 3558
1467 3559
1468 3560
1469 3564
1470 3568
1471 3570
1472 3571
1473 3575
1474 3577
1475 3578
1476 3579
1477 3580
1478 3581
1479 3584
1480 3585
1481 3586
1482 3587
1483 3588
1484 3589
1485 3592
1486 3593
1487 3594
1488 3595
1489 3596
1490 3597
1491 3600
1492 3606
1493 3613
1494 3618
1495 3633
1496 3640
1497 3643
1498 3644
1499 3645
1500 3646
1501 3647
1502 3648
1503 3649
1504 3654
1505 3657
1506 3660
1507 3668
1508 3669
1509 3670
1510 3678
1511 3682
1512 3683
1513 3684
1514 3685
1515 3687
1516 3691
1517 3692
1518 3693
1519 3697
1520 3698
1521 3699
1522 3700
1523 3702
1524 3703
1525 3704
1526 3706
1527 3707
1528 3708
1529 3713
1530 3714
1531 3715
1532 3716
1533 3717
1534 3718
1535 3720
1536 3721
1537 3723
1538 3724
1539 3730
1540 3733
1541 3734
1542 3735
1543 3737
1544 3739
1545 3744
1546 3747
1547 3750
1548 3767
1549 3768
1550 3769
1551 3770
1552 3772
1553 3773
1554 3776
1555 3780
1556 3781
1557 3782
1558 3783
1559 3784
1560 3785
1561 3786
1562 3797
1563 3801
1564 3805
1565 3806
1566 3807
1567 3811
1568 3812
1569 3814
1570 3820
1571 3825
1572 3826
1573 3827
1574 3831
1575 3832
1576 3833
1577 3835
1578 3844
1579 3845
1580 3847
1581 3848
1582 3849
1583 3850
1584 3857
1585 3858
1586 3859
1587 3862
1588 3864
1589 3865
1590 3866
1591 3867
1592 3868
1593 3871
1594 3872
1595 3873
1596 3874
1597 3875
1598 3876
1599 3877
1600 3878
1601 3879
1602 3881
1603 3889
1604 3895
1605 3896
1606 3897
1607 3898
1608 3899
1609 3903
1610 3904
1611 3905
1612 3907
1613 3908
1614 3909
1615 3910
1616 3913
1617 3928
1618 3929
1619 3930
1620 3934
1621 3941
1622 3942
1623 3943
1624 3948
1625 3954
1626 3958
1627 3960
1628 3976
1629 3977
1630 3978
1631 3983
1632 3985
1633 3986
1634 3993
1635 3995
1636 3996
1637 3997
1638 4000
1639 4003
1640 4006
1641 4008
1642 4009
1643 4010
1644 4013
1645 4016
1646 4017
1647 4018
1648 4022
1649 4023
1650 4024
1651 4026
1652 4032
1653 4036
1654 4037
1655 4038
1656 4039
1657 4056
1658 4057
1659 4062
1660 4067
1661 4068
1662 4069
1663 4070
1664 4075
1665 4076
1666 4077
1667 4085
1668 4086
1669 4087
1670 4100
1671 4105
1672 4110
1673 4111
1674 4112
1675 4113
1676 4114
1677 4117
1678 4123
1679 4124
1680 4127
1681 4134
1682 4137
1683 4139
1684 4140
1685 4141
1686 4142
1687 4144
1688 4145
1689 4146
1690 4150
1691 4151
1692 4152
1693 4153
1694 4163
1695 4166
1696 4180
1697 4183
1698 4184
1699 4185
1700 4189
1701 4190
1702 4191
1703 4194
1704 4195
1705 4196
1706 4197
1707 4202
1708 4204
1709 4207
1710 4212
1711 4213
1712 4214
1713 4217
1714 4227
1715 4228
1716 4229
1717 4239
1718 4241
1719 4242
1720 4243
1721 4244
1722 4245
1723 4246
1724 4249
1725 4250
1726 4251
1727 4252
1728 4254
1729 4255
1730 4256
1731 4261
1732 4262
1733 4263
1734 4266
1735 4267
1736 4268
1737 4269
1738 4271
1739 4272
1740 4273
1741 4279
1742 4280
1743 4281
1744 4282
1745 4290
1746 4291
1747 4292
1748 4307
1749 4308
1750 4309
1751 4312
1752 4318
1753 4323
1754 4329
1755 4330
1756 4331
1757 4332
1758 4333
1759 4334
1760 4335
1761 4336
1762 4339
1763 4340
1764 4341
1765 4342
1766 4343
1767 4344
1768 4345
1769 4346
1770 4355
1771 4356
1772 4357
1773 4366
1774 4367
1775 4368
1776 4370
1777 4371
1778 4373
1779 4376
1780 4377
1781 4378
1782 4379
1783 4383
1784 4385
1785 4390
1786 4391
1787 4392
1788 4395
1789 4400
1790 4404
1791 4406
1792 4409
1793 4410
1794 4411
1795 4413
1796 4419
1797 4420
1798 4425
1799 4434
1800 4435
1801 4436
1802 4437
1803 4440
1804 4444
1805 4446
1806 4455
1807 4458
1808 4460
1809 4463
1810 4468
1811 4469
1812 4470
1813 4473
1814 4484
1815 4495
1816 4498
1817 4499
1818 4500
1819 4505
1820 4506
1821 4511
1822 4512
1823 4513
1824 4514
1825 4519
1826 4527
1827 4528
1828 4529
1829 4531
1830 4532
1831 4533
1832 4534
1833 4535
1834 4538
1835 4540
1836 4541
1837 4542
1838 4544
1839 4546
1840 4547
1841 4548
1842 4549
1843 4552
1844 4553
1845 4554
1846 4561
1847 4563
1848 4564
1849 4565
1850 4566
1851 4567
1852 4568
1853 4569
1854 4571
1855 4572
1856 4573
1857 4574
1858 4575
1859 4577
1860 4578
1861 4582
1862 4583
1863 4584
1864 4585
1865 4595
1866 4596
1867 4597
1868 4609
1869 4618
1870 4620
1871 4623
1872 4627
1873 4633
1874 4634
1875 4635
1876 4638
1877 4639
1878 4640
1879 4641
1880 4646
1881 4650
1882 4652
1883 4656
1884 4660
1885 4662
1886 4663
1887 4667
1888 4668
1889 4669
1890 4671
1891 4672
1892 4673
1893 4674
1894 4675
1895 4676
1896 4678
1897 4681
1898 4682
1899 4683
1900 4684
1901 4687
1902 4688
1903 4689
1904 4690
1905 4692
1906 4693
1907 4695
1908 4696
1909 4698
1910 4699
1911 4700
1912 4702
1913 4704
1914 4705
1915 4706
1916 4707
1917 4711
1918 4712
1919 4713
1920 4714
1921 4724
1922 4731
1923 4736
1924 4737
1925 4738
1926 4745
1927 4746
1928 4747
1929 4748
1930 4749
1931 4750
1932 4751
1933 4752
1934 4761
1935 4762
1936 4765
1937 4766
1938 4767
1939 4768
1940 4773
1941 4774
1942 4775
1943 4777
1944 4778
1945 4779
1946 4780
1947 4781
1948 4783
1949 4785
1950 4786
1951 4790
1952 4791
1953 4792
1954 4796
1955 4800
1956 4801
1957 4802
1958 4805
1959 4806
1960 4807
1961 4808
1962 4810
1963 4811
1964 4812
1965 4813
1966 4814
1967 4815
1968 4816
1969 4817
1970 4822
1971 4823
1972 4824
1973 4827
1974 4833
1975 4834
1976 4840
1977 4841
1978 4849
1979 4851
1980 4852
1981 4853
1982 4858
1983 4859
1984 4860
1985 4864
1986 4865
1987 4866
1988 4868
1989 4874
1990 4875
1991 4876
1992 4877
1993 4879
1994 4887
1995 4888
1996 4889
1997 4890
1998 4892
1999 4893
2000 4894
2001 4895
2002 4897
2003 4898
2004 4902
2005 4903
2006 4906
2007 4907
2008 4908
2009 4909
2010 4910
2011 4911
2012 4912
2013 4913
2014 4914
2015 4915
2016 4919
2017 4924
2018 4925
2019 4926
2020 4927
2021 4928
2022 4929
2023 4933
2024 4934
2025 4935
2026 4936
2027 4937
2028 4939
2029 4940
2030 4943
2031 4944
2032 4948
2033 4951
2034 4953
2035 4967
2036 4968
2037 4969
2038 4972
2039 4975
2040 4976
2041 4977
2042 4978
2043 4979
2044 4980
2045 4987
2046 4992
2047 4993
2048 4995
2049 4996
2050 4997
2051 5001
2052 5004
2053 5014
2054 5015
2055 5016
2056 5017
2057 5018
2058 5021
2059 5024
2060 5025
2061 5026
2062 5027
2063 5030
2064 5031
2065 5032
2066 5036
2067 5038
2068 5039
2069 5040
2070 5041
2071 5042
2072 5043
2073 5044
2074 5050
2075 5051
2076 5052
2077 5053
2078 5054
2079 5055
2080 5056
2081 5062
2082 5064
2083 5066
2084 5067
2085 5068
2086 5070
2087 5071
2088 5073
2089 5075
2090 5076
2091 5077
2092 5080
2093 5081
2094 5082
2095 5093
2096 5096
2097 5099
2098 5100
2099 5101
2100 5102
2101 5103
2102 5104
2103 5105
2104 5107
2105 5115
2106 5117
2107 5120
2108 5121
2109 5123
2110 5124
2111 5125
2112 5126
2113 5128
2114 5129
2115 5130
2116 5141
2117 5142
2118 5143
2119 5145
2120 5150
2121 5152
2122 5153
2123 5154
2124 5158
2125 5159
2126 5166
2127 5167
2128 5171
2129 5177
2130 5178
2131 5179
2132 5180
2133 5181
2134 5182
2135 5183
2136 5184
2137 5185
2138 5195
2139 5197
2140 5198
2141 5199
2142 5200
2143 5201
2144 5202
2145 5203
2146 5204
2147 5209
2148 5220
2149 5221
2150 5222
2151 5227
2152 5228
2153 5229
2154 5230
2155 5231
2156 5238
2157 5240
2158 5242
2159 5243
2160 5244
2161 5245
2162 5246
2163 5247
2164 5248
2165 5249
2166 5250
2167 5252
2168 5253
2169 5257
2170 5258
2171 5259
2172 5270
2173 5271
2174 5273
2175 5275
2176 5277
2177 5278
2178 5279
2179 5280
2180 5281
2181 5285
2182 5286
2183 5287
2184 5293
2185 5294
2186 5295
2187 5296
2188 5297
2189 5299
2190 5303
2191 5306
2192 5307
2193 5308
2194 5309
2195 5312
2196 5313
2197 5325
2198 5326
2199 5327
2200 5329
2201 5331
2202 5336
2203 5337
2204 5338
2205 5342
2206 5347
2207 5348
2208 5349
2209 5352
2210 5354
2211 5355
2212 5356
2213 5358
2214 5365
2215 5366
2216 5367
2217 5368
2218 5369
2219 5371
2220 5373
2221 5374
2222 5375
2223 5377
2224 5384
2225 5385
2226 5386
2227 5387
2228 5388
2229 5398
2230 5399
2231 5400
2232 5401
2233 5402
2234 5403
2235 5404
2236 5405
2237 5406
2238 5407
2239 5408
2240 5414
2241 5422
2242 5423
2243 5424
2244 5425
2245 5426
2246 5427
2247 5428
2248 5430
2249 5431
2250 5432
2251 5436
2252 5440
2253 5441
2254 5442
2255 5452
2256 5453
2257 5454
2258 5465
2259 5469
2260 5470
2261 5471
2262 5473
2263 5476
2264 5479
2265 5480
2266 5481
2267 5483
2268 5494
2269 5495
2270 5496
2271 5497
2272 5502
2273 5507
2274 5511
2275 5512
2276 5513
2277 5514
2278 5515
2279 5527
2280 5529
2281 5530
2282 5531
2283 5532
2284 5534
2285 5535
2286 5536
2287 5537
2288 5551
2289 5552
2290 5553
2291 5555
2292 5557
2293 5558
2294 5559
2295 5560
2296 5569
2297 5581
2298 5586
2299 5587
2300 5588
2301 5590
2302 5594
2303 5598
2304 5600
2305 5601
2306 5602
2307 5603
2308 5604
2309 5605
2310 5608
2311 5615
2312 5618
2313 5620
2314 5622
2315 5623
2316 5624
2317 5634
2318 5635
2319 5636
2320 5640
2321 5641
2322 5642
2323 5658
2324 5659
2325 5660
2326 5661
2327 5664
2328 5666
2329 5678
2330 5681
2331 5685
2332 5686
2333 5687
2334 5706
2335 5711
2336 5713
2337 5714
2338 5715
2339 5716
2340 5717
2341 5718
2342 5719
2343 5721
2344 5722
2345 5723
2346 5729
2347 5731
2348 5732
2349 5733
2350 5734
2351 5735
2352 5742
2353 5743
2354 5744
2355 5745
2356 5746
2357 5747
2358 5748
2359 5749
2360 5751
2361 5762
2362 5763
2363 5764
2364 5767
2365 5769
2366 5774
2367 5787
2368 5788
2369 5789
2370 5793
2371 5794
2372 5795
2373 5796
2374 5805
2375 5806
2376 5807
2377 5808
2378 5809
2379 5810
2380 5812
2381 5813
2382 5814
2383 5819
2384 5824
2385 5828
2386 5833
2387 5834
2388 5835
2389 5838
2390 5839
2391 5840
2392 5842
2393 5843
2394 5844
2395 5846
2396 5850
2397 5853
2398 5855
2399 5860
2400 5861
2401 5862
2402 5863
2403 5864
2404 5865
2405 5871
2406 5874
2407 5876
2408 5877
2409 5878
2410 5879
2411 5880
2412 5884
2413 5889
2414 5890
2415 5891
2416 5892
2417 5893
2418 5894
2419 5895
2420 5896
2421 5901
2422 5902
2423 5903
2424 5914
2425 5916
2426 5922
2427 5923
2428 5924
2429 5925
2430 5934
2431 5935
2432 5936
2433 5937
2434 5938
2435 5941
2436 5943
2437 5946
2438 5947
2439 5948
2440 5951
2441 5952
2442 5953
2443 5955
2444 5956
2445 5957
2446 5962
2447 5967
2448 5973
2449 5974
2450 5980
2451 5981
2452 5982
2453 5983
2454 5984
2455 5989
2456 5990
2457 5991
2458 5992
2459 5993
2460 5994
2461 6005
2462 6007
2463 6011
2464 6012
2465 6013
2466 6017
2467 6018
2468 6019
2469 6020
2470 6023
2471 6026
2472 6029
2473 6030
2474 6031
2475 6041
2476 6042
2477 6043
2478 6048
2479 6052
2480 6063
2481 6065
2482 6066
2483 6067
2484 6070
2485 6071
2486 6072
2487 6073
2488 6075
2489 6076
2490 6080
2491 6083
2492 6084
2493 6085
2494 6092
2495 6100
2496 6101
2497 6102
2498 6103
2499 6109
2500 6110
2501 6111
2502 6112
2503 6113
2504 6119
2505 6120
2506 6121
2507 6127
2508 6138
2509 6140
2510 6146
2511 6148
2512 6153
2513 6154
2514 6155
2515 6157
2516 6158
2517 6160
2518 6162
2519 6169
2520 6170
2521 6175
2522 6176
2523 6177
2524 6188
2525 6193
2526 6194
2527 6195
2528 6196
2529 6199
2530 6200
2531 6201
2532 6202
2533 6203
2534 6204
2535 6205
2536 6207
2537 6210
2538 6211
2539 6212
2540 6219
2541 6220
2542 6221
2543 6229
2544 6230
2545 6234
2546 6238
2547 6239
2548 6240
2549 6248
2550 6254
2551 6255
2552 6256
2553 6261
2554 6265
2555 6266
2556 6267
2557 6270
2558 6275
2559 6276
2560 6277
2561 6279
2562 6280
2563 6282
2564 6284
2565 6285
2566 6286
2567 6287
2568 6288
2569 6289
2570 6290
2571 6291
2572 6296
2573 6297
2574 6298
2575 6304
2576 6315
2577 6316
2578 6317
2579 6318
2580 6322
2581 6323
2582 6324
2583 6325
2584 6329
2585 6330
2586 6331
2587 6332
2588 6334
2589 6335
2590 6336
2591 6337
2592 6338
2593 6339
2594 6340
2595 6343
2596 6347
2597 6348
2598 6349
2599 6360
2600 6361
2601 6362
2602 6363
2603 6367
2604 6375
2605 6383
2606 6388
2607 6389
2608 6390
2609 6392
2610 6394
2611 6397
2612 6398
2613 6399
2614 6404
2615 6406
2616 6407
2617 6408
2618 6409
2619 6413
2620 6415
2621 6416
2622 6418
2623 6424
2624 6425
2625 6426
2626 6428
2627 6444
2628 6445
2629 6446
2630 6447
2631 6451
2632 6452
2633 6455
2634 6458
2635 6463
2636 6466
2637 6467
2638 6470
2639 6471
2640 6472
2641 6473
2642 6476
2643 6487
2644 6488
2645 6489
2646 6490
2647 6502
2648 6503
2649 6504
2650 6517
2651 6518
2652 6519
2653 6520
2654 6521
2655 6526
2656 6531
2657 6532
2658 6533
2659 6535
2660 6536
2661 6542
2662 6543
2663 6544
2664 6553
2665 6555
2666 6556
2667 6557
2668 6558
2669 6574
2670 6579
2671 6580
2672 6581
2673 6582
2674 6583
2675 6584
2676 6590
2677 6591
2678 6592
2679 6596
2680 6597
2681 6599
2682 6600
2683 6601
2684 6602
2685 6607
2686 6616
2687 6631
2688 6643
2689 6644
2690 6645
2691 6646
2692 6647
2693 6648
2694 6649
2695 6658
2696 6659
2697 6660
2698 6671
2699 6679
2700 6683
2701 6684
2702 6685
2703 6686
2704 6687
2705 6690
2706 6696
2707 6708
2708 6711
2709 6714
2710 6719
2711 6723
2712 6724
2713 6725
2714 6726
2715 6727
2716 6729
2717 6734
2718 6735
2719 6736
2720 6743
2721 6754
2722 6755
2723 6756
2724 6765
2725 6770
2726 6771
2727 6772
2728 6773
2729 6774
2730 6775
2731 6776
2732 6777
2733 6778
2734 6783
2735 6784
2736 6786
2737 6787
2738 6788
2739 6799
2740 6806
2741 6807
2742 6808
2743 6812
2744 6813
2745 6814
2746 6815
2747 6817
2748 6818
2749 6819
2750 6823
2751 6824
2752 6825
2753 6839
2754 6841
2755 6842
2756 6843
2757 6852
2758 6853
2759 6854
2760 6855
2761 6856
2762 6863
2763 6864
2764 6870
2765 6871
2766 6872
2767 6881
2768 6882
2769 6883
2770 6884
2771 6885
2772 6886
2773 6892
2774 6893
2775 6894
2776 6898
2777 6899
2778 6900
2779 6902
2780 6903
2781 6904
2782 6905
2783 6910
2784 6911
2785 6915
2786 6925
2787 6926
2788 6927
2789 6928
2790 6935
2791 6940
2792 6941
2793 6942
2794 6946
2795 6952
2796 6953
2797 6954
2798 6957
2799 6959
2800 6965
2801 6966
2802 6967
2803 6968
2804 6970
2805 6981
2806 6982
2807 6983
2808 6991
2809 6992
2810 6993
2811 6999
2812 7010
2813 7011
2814 7012
2815 7013
2816 7014
2817 7015
2818 7018
2819 7021
2820 7022
2821 7027
2822 7030
2823 7031
2824 7032
2825 7039
2826 7040
2827 7041
2828 7044
2829 7049
2830 7052
2831 7053
2832 7054
2833 7055
2834 7063
2835 7066
2836 7069
2837 7080
2838 7081
2839 7084
2840 7085
2841 7086
2842 7087
2843 7088
2844 7090
2845 7092
2846 7093
2847 7094
2848 7095
2849 7096
2850 7107
2851 7108
2852 7109
2853 7110
2854 7120
2855 7124
2856 7131
2857 7140
2858 7141
2859 7142
2860 7145
2861 7146
2862 7147
2863 7149
2864 7150
2865 7151
2866 7159
2867 7166
2868 7167
2869 7168
2870 7169
2871 7170
2872 7171
2873 7172
2874 7173
2875 7176
2876 7177
2877 7178
2878 7179
2879 7180
2880 7181
2881 7190
2882 7191
2883 7192
2884 7193
2885 7194
2886 7195
2887 7202
2888 7207
2889 7208
2890 7209
2891 7213
2892 7215
2893 7217
2894 7218
2895 7219
2896 7221
2897 7222
2898 7223
2899 7224
2900 7225
2901 7230
2902 7234
2903 7235
2904 7236
2905 7237
2906 7242
2907 7251
2908 7252
2909 7253
2910 7258
2911 7259
2912 7260
2913 7263
2914 7264
2915 7267
2916 7268
2917 7269
2918 7270
2919 7274
2920 7277
2921 7278
2922 7290
2923 7295
2924 7297
2925 7299
2926 7300
2927 7301
2928 7302
2929 7304
2930 7305
2931 7306
2932 7308
2933 7319
2934 7320
2935 7322
2936 7329
2937 7330
2938 7331
2939 7334
2940 7335
2941 7336
2942 7343
2943 7346
2944 7352
2945 7353
2946 7354
2947 7357
2948 7358
2949 7359
2950 7362
2951 7363
2952 7364
2953 7369
2954 7370
2955 7371
2956 7380
2957 7387
2958 7390
2959 7391
2960 7392
2961 7393
2962 7396
2963 7397
2964 7398
2965 7404
2966 7405
2967 7406
2968 7415
2969 7417
2970 7418
2971 7419
2972 7425
2973 7428
2974 7429
2975 7430
2976 7431
2977 7433
2978 7435
2979 7443
2980 7444
2981 7447
2982 7448
2983 7449
2984 7450
2985 7451
2986 7453
2987 7458
2988 7461
2989 7462
2990 7463
2991 7464
2992 7470
2993 7471
2994 7472
2995 7479
2996 7481
2997 7482
2998 7486
2999 7489
3000 7490
3001 7491
3002 7492
3003 7493
3004 7498
3005 7507
3006 7508
3007 7509
3008 7511
3009 7517
3010 7518
3011 7519
3012 7520
3013 7521
3014 7522
3015 7523
3016 7525
3017 7533
3018 7538
3019 7542
3020 7543
3021 7544
3022 7545
3023 7546
3024 7552
3025 7553
3026 7554
3027 7557
3028 7558
3029 7559
3030 7560
3031 7561
3032 7562
3033 7563
3034 7564
3035 7570
3036 7571
3037 7572
3038 7573
3039 7576
3040 7577
3041 7578
3042 7580
3043 7581
3044 7582
3045 7590
3046 7591
3047 7595
3048 7599
3049 7603
3050 7606
3051 7607
3052 7608
3053 7609
3054 7610
3055 7611
3056 7615
3057 7616
3058 7618
3059 7619
3060 7620
3061 7621
3062 7623
3063 7636
3064 7638
3065 7639
3066 7640
3067 7645
3068 7646
3069 7647
3070 7649
3071 7650
3072 7651
3073 7652
3074 7653
3075 7654
3076 7656
3077 7665
3078 7666
3079 7667
3080 7671
3081 7672
3082 7673
3083 7674
3084 7681
3085 7682
3086 7684
3087 7685
3088 7686
3089 7687
3090 7688
3091 7689
3092 7690
3093 7691
3094 7698
3095 7699
3096 7700
3097 7701
3098 7703
3099 7704
3100 7705
3101 7709
3102 7711
3103 7715
3104 7717
3105 7718
3106 7719
3107 7722
3108 7723
3109 7724
3110 7730
3111 7731
3112 7732
3113 7734
3114 7735
3115 7736
3116 7738
3117 7741
3118 7742
3119 7743
3120 7744
3121 7745
3122 7746
3123 7747
3124 7748
3125 7750
3126 7751
3127 7752
3128 7753
3129 7755
3130 7756
3131 7762
3132 7764
3133 7767
3134 7771
3135 7774
3136 7776
3137 7777
3138 7778
3139 7779
3140 7781
3141 7783
3142 7784
3143 7785
3144 7788
3145 7793
3146 7794
3147 7801
3148 7809
3149 7810
3150 7811
3151 7812
3152 7813
3153 7814
3154 7815
3155 7816
3156 7817
3157 7827
3158 7828
3159 7832
3160 7838
3161 7839
3162 7840
3163 7842
3164 7843
3165 7844
3166 7846
3167 7851
3168 7859
3169 7863
3170 7864
3171 7868
3172 7869
3173 7870
3174 7871
3175 7872
3176 7875
3177 7879
3178 7880
3179 7881
3180 7882
3181 7883
3182 7884
3183 7885
3184 7886
3185 7889
3186 7890
3187 7891
3188 7892
3189 7893
3190 7896
3191 7898
3192 7899
3193 7900
3194 7903
3195 7904
3196 7905
3197 7911
3198 7912
3199 7913
3200 7915
3201 7916
3202 7917
3203 7920
3204 7921
3205 7922
3206 7928
3207 7929
3208 7930
3209 7935
3210 7936
3211 7938
3212 7941
3213 7944
3214 7957
3215 7965
3216 7966
3217 7967
3218 7968
3219 7969
3220 7971
3221 7973
3222 7974
3223 7975
3224 7984
3225 7991
3226 7992
3227 7993
3228 7997
3229 8005
3230 8006
3231 8009
3232 8011
3233 8012
3234 8013
3235 8014
3236 8015
3237 8016
3238 8017
3239 8018
3240 8020
3241 8021
3242 8023
3243 8024
3244 8025
3245 8027
3246 8029
3247 8032
3248 8040
3249 8044
3250 8049
3251 8056
3252 8057
3253 8058
3254 8061
3255 8062
3256 8063
3257 8066
3258 8073
3259 8075
3260 8084
3261 8085
3262 8086
3263 8087
3264 8094
3265 8096
3266 8102
3267 8111
3268 8112
3269 8113
3270 8116
3271 8119
3272 8120
3273 8121
3274 8122
3275 8123
3276 8132
3277 8133
3278 8134
3279 8135
3280 8138
3281 8139
3282 8140
3283 8141
3284 8142
3285 8143
3286 8144
3287 8145
3288 8146
3289 8148
3290 8149
3291 8150
3292 8151
3293 8152
3294 8153
3295 8156
3296 8157
3297 8158
3298 8165
3299 8166
3300 8167
3301 8168
3302 8185
3303 8188
3304 8189
3305 8190
3306 8191
3307 8193
3308 8194
3309 8195
3310 8200
3311 8201
3312 8202
3313 8203
3314 8204
3315 8206
3316 8213
3317 8214
3318 8215
3319 8216
3320 8230
3321 8233
3322 8240
3323 8243
3324 8244
3325 8245
3326 8246
3327 8247
3328 8248
3329 8249
3330 8250
3331 8251
3332 8252
3333 8260
3334 8261
3335 8262
3336 8266
3337 8267
3338 8268
3339 8269
3340 8270
3341 8271
3342 8272
3343 8273
3344 8276
3345 8277
3346 8278
3347 8279
3348 8280
3349 8285
3350 8286
3351 8287
3352 8292
3353 8293
3354 8294
3355 8295
3356 8296
3357 8297
3358 8303
3359 8317
3360 8321
3361 8322
3362 8323
3363 8327
3364 8328
3365 8329
3366 8331
3367 8332
3368 8333
3369 8334
3370 8335
3371 8340
3372 8341
3373 8342
3374 8343
3375 8354
3376 8357
3377 8358
3378 8359
3379 8360
3380 8361
3381 8362
3382 8367
3383 8369
3384 8372
3385 8375
3386 8377
3387 8378
3388 8379
3389 8384
3390 8387
3391 8388
3392 8389
3393 8393
3394 8394
3395 8395
3396 8396
3397 8397
3398 8398
3399 8400
3400 8403
3401 8405
3402 8406
3403 8414
3404 8421
3405 8422
3406 8423
3407 8424
3408 8425
3409 8430
3410 8431
3411 8432
3412 8439
3413 8444
3414 8445
3415 8446
3416 8450
3417 8452
3418 8456
3419 8459
3420 8460
3421 8461
3422 8462
3423 8463
3424 8469
3425 8481
3426 8482
3427 8483
3428 8486
3429 8489
3430 8490
3431 8491
3432 8494
3433 8495
3434 8496
3435 8497
3436 8498
3437 8499
3438 8500
3439 8505
3440 8506
3441 8507
3442 8511
3443 8512
3444 8513
3445 8516
3446 8520
3447 8522
3448 8523
3449 8525
3450 8526
3451 8527
3452 8530
3453 8531
3454 8532
3455 8552
3456 8559
3457 8561
3458 8566
3459 8567
3460 8568
3461 8573
3462 8579
3463 8580
3464 8581
3465 8584
3466 8588
3467 8590
3468 8591
3469 8592
3470 8595
3471 8601
3472 8602
3473 8606
3474 8610
3475 8611
3476 8618
3477 8620
3478 8623
3479 8625
3480 8626
3481 8627
3482 8628
3483 8629
3484 8634
3485 8640
3486 8647
3487 8648
3488 8649
3489 8650
3490 8651
3491 8652
3492 8654
3493 8659
3494 8666
3495 8670
3496 8671
3497 8672
3498 8673
3499 8677
3500 8688
3501 8689
3502 8690
3503 8695
3504 8700
3505 8707
3506 8708
3507 8709
3508 8710
3509 8711
3510 8712
3511 8713
3512 8717
3513 8719
3514 8720
3515 8721
3516 8722
3517 8723
3518 8724
3519 8728
3520 8729
3521 8730
3522 8731
3523 8733
3524 8734
3525 8735
3526 8738
3527 8739
3528 8740
3529 8747
3530 8748
3531 8749
3532 8750
3533 8751
3534 8752
3535 8755
3536 8756
3537 8761
3538 8762
3539 8763
3540 8775
3541 8776
3542 8777
3543 8778
3544 8779
3545 8784
3546 8787
3547 8793
3548 8794
3549 8795
3550 8797
3551 8798
3552 8799
3553 8800
3554 8801
3555 8802
3556 8804
3557 8805
3558 8806
3559 8817
3560 8827
3561 8828
3562 8829
3563 8833
3564 8834
3565 8835
3566 8836
3567 8837
3568 8838
3569 8839
3570 8840
3571 8844
3572 8845
3573 8846
3574 8847
3575 8848
3576 8851
3577 8856
3578 8857
3579 8858
3580 8862
3581 8866
3582 8867
3583 8868
3584 8869
3585 8874
3586 8876
3587 8877
3588 8878
3589 8879
3590 8880
3591 8881
3592 8882
3593 8890
3594 8893
3595 8899
3596 8900
3597 8904
3598 8905
3599 8906
3600 8907
3601 8908
3602 8910
3603 8911
3604 8912
3605 8913
3606 8914
3607 8915
3608 8916
3609 8922
3610 8926
3611 8927
3612 8928
3613 8929
3614 8930
3615 8931
3616 8932
3617 8933
3618 8934
3619 8939
3620 8948
3621 8956
3622 8958
3623 8959
3624 8960
3625 8961
3626 8962
3627 8963
3628 8964
3629 8965
3630 8966
3631 8967
3632 8968
3633 8973
3634 8974
3635 8975
3636 8976
3637 8985
3638 8995
3639 8996
3640 9001
3641 9002
3642 9003
3643 9005
3644 9008
3645 9009
3646 9010
3647 9011
3648 9016
3649 9017
3650 9018
3651 9019
3652 9020
3653 9021
3654 9022
3655 9026
3656 9027
3657 9028
3658 9029
3659 9034
3660 9035
3661 9036
3662 9037
3663 9038
3664 9039
3665 9040
3666 9041
3667 9043
3668 9058
3669 9061
3670 9066
3671 9067
3672 9068
3673 9075
3674 9076
3675 9077
3676 9079
3677 9080
3678 9085
3679 9086
3680 9087
3681 9089
3682 9092
3683 9094
3684 9095
3685 9096
3686 9097
3687 9099
3688 9100
3689 9101
3690 9102
3691 9103
3692 9104
3693 9112
3694 9127
3695 9130
3696 9135
3697 9138
3698 9142
3699 9143
3700 9144
3701 9145
3702 9146
3703 9147
3704 9148
3705 9149
3706 9155
3707 9156
3708 9157
3709 9163
3710 9165
3711 9166
3712 9167
3713 9168
3714 9178
3715 9179
3716 9195
3717 9204
3718 9206
3719 9207
3720 9208
3721 9209
3722 9212
3723 9213
3724 9214
3725 9215
3726 9216
3727 9217
3728 9218
3729 9224
3730 9226
3731 9227
3732 9228
3733 9229
3734 9231
3735 9232
3736 9233
3737 9238
3738 9239
3739 9240
3740 9241
3741 9244
3742 9254
3743 9255
3744 9256
3745 9257
3746 9258
3747 9262
3748 9263
3749 9264
3750 9269
3751 9270
3752 9271
3753 9272
3754 9276
3755 9284
3756 9286
3757 9289
3758 9291
3759 9294
3760 9305
3761 9306
3762 9307
3763 9308
3764 9332
3765 9335
3766 9336
3767 9337
3768 9339
3769 9340
3770 9341
3771 9342
3772 9343
3773 9345
3774 9355
3775 9356
3776 9360
3777 9361
3778 9362
3779 9365
3780 9366
3781 9367
3782 9368
3783 9371
3784 9372
3785 9373
3786 9375
3787 9383
3788 9384
3789 9385
3790 9386
3791 9387
3792 9390
3793 9391
3794 9398
3795 9406
3796 9408
3797 9410
3798 9411
3799 9412
3800 9413
3801 9414
3802 9415
3803 9416
3804 9417
3805 9418
3806 9419
3807 9420
3808 9421
3809 9422
3810 9423
3811 9425
3812 9432
3813 9434
3814 9435
3815 9437
3816 9438
3817 9450
3818 9459
3819 9460
3820 9461
3821 9464
3822 9465
3823 9466
3824 9467
3825 9468
3826 9469
3827 9471
3828 9472
3829 9473
3830 9476
3831 9478
3832 9483
3833 9484
3834 9485
3835 9489
3836 9494
3837 9495
3838 9496
3839 9497
3840 9498
3841 9499
3842 9500
3843 9502
3844 9503
3845 9504
3846 9507
3847 9512
3848 9513
3849 9514
3850 9517
3851 9518
3852 9519
3853 9532
3854 9533
3855 9534
3856 9535
3857 9536
3858 9537
3859 9538
3860 9539
3861 9540
3862 9541
3863 9542
3864 9543
3865 9545
3866 9547
3867 9550
3868 9552
3869 9553
3870 9554
3871 9559
3872 9560
3873 9561
3874 9564
3875 9565
3876 9566
3877 9567
3878 9568
3879 9571
3880 9577
3881 9578
3882 9579
3883 9588
3884 9589
3885 9591
3886 9593
3887 9595
3888 9596
3889 9597
3890 9598
3891 9600
3892 9601
3893 9602
3894 9603
3895 9604
3896 9605
3897 9606
3898 9607
3899 9610
3900 9611
3901 9612
3902 9623
3903 9624
3904 9625
3905 9626
3906 9627
3907 9630
3908 9631
3909 9634
3910 9635
3911 9636
3912 9641
3913 9646
3914 9648
3915 9659
3916 9660
3917 9661
3918 9662
3919 9663
3920 9664
3921 9665
3922 9666
3923 9667
3924 9668
3925 9669
3926 9670
3927 9671
3928 9677
3929 9678
3930 9679
3931 9681
3932 9688
3933 9692
3934 9693
3935 9694
3936 9695
3937 9696
3938 9697
3939 9698
3940 9699
3941 9700
3942 9705
3943 9706
3944 9708
3945 9716
3946 9717
3947 9718
3948 9719
3949 9720
3950 9724
3951 9725
3952 9726
3953 9727
3954 9728
3955 9729
3956 9732
3957 9734
3958 9735
3959 9736
3960 9739
3961 9750
3962 9751
3963 9752
3964 9754
3965 9757
3966 9758
3967 9759
3968 9763
3969 9766
3970 9768
3971 9775
3972 9776
3973 9777
3974 9785
3975 9788
3976 9790
3977 9791
3978 9792
3979 9793
3980 9794
3981 9796
3982 9797
3983 9798
3984 9799
3985 9800
3986 9803
3987 9806
3988 9807
3989 9808
3990 9809
3991 9810
3992 9811
3993 9813
3994 9819
3995 9820
3996 9821
3997 9824
3998 9827
3999 9828
4000 9829
4001 9830
4002 9832
4003 9833
4004 9834
4005 9835
4006 9836
4007 9837
4008 9845
4009 9847
4010 9854
4011 9863
4012 9864
4013 9867
4014 9879
4015 9884
4016 9885
4017 9886
4018 9887
4019 9893
4020 9894
4021 9895
4022 9896
4023 9897
4024 9903
4025 9904
4026 9905
4027 9906
4028 9912
4029 9913
4030 9914
4031 9915
4032 9916
4033 9917
4034 9919
4035 9921
4036 9924
4037 9925
4038 9926
4039 9927
4040 9930
4041 9931
4042 9932
4043 9934
4044 9935
4045 9936
4046 9937
4047 9938
4048 9939
4049 9940
4050 9941
4051 9942
4052 9945
4053 9948
4054 9951
4055 9956
4056 9957
4057 9958
4058 9959
4059 9961
4060 9964
4061 9968
4062 9970
4063 9974
4064 9975
4065 9976
4066 9991
4067 9992
4068 9993
4069 9994
4070 9995
4071 9996
4072 10013
4073 10014
4074 10015
4075 10016
4076 10022
4077 10024
4078 10032
4079 10033
4080 10034
4081 10035
4082 10041
4083 10042
4084 10043
4085 10044
4086 10045
4087 10046
4088 10053
4089 10057
4090 10059
4091 10063
4092 10067
4093 10069
4094 10070
4095 10072
4096 10073
4097 10074
4098 10075
4099 10076
4100 10077
4101 10078
4102 10079
4103 10080
4104 10081
4105 10085
4106 10086
4107 10088
4108 10089
4109 10092
4110 10095
4111 10096
4112 10097
4113 10098
4114 10099
4115 10100
4116 10101
4117 10103
4118 10118
4119 10120
4120 10123
4121 10129
4122 10141
4123 10143
4124 10159
4125 10161
4126 10162
4127 10163
4128 10170
4129 10173
4130 10182
4131 10184
4132 10185
4133 10186
4134 10193
4135 10196
4136 10197
4137 10198
4138 10199
4139 10201
4140 10204
4141 10206
4142 10207
4143 10208
4144 10209
4145 10210
4146 10213
4147 10215
4148 10216
4149 10217
4150 10218
4151 10219
4152 10220
4153 10221
4154 10224
4155 10226
4156 10227
4157 10228
4158 10229
4159 10230
4160 10235
4161 10245
4162 10246
4163 10247
4164 10256
4165 10257
4166 10258
4167 10263
4168 10266
4169 10268
4170 10269
4171 10270
4172 10286
4173 10287
4174 10288
4175 10290
4176 10309
4177 10310
4178 10311
4179 10312
4180 10313
4181 10320
4182 10321
4183 10322
4184 10325
4185 10326
4186 10333
4187 10334
4188 10335
4189 10336
4190 10337
4191 10340
4192 10341
4193 10342
4194 10344
4195 10345
4196 10348
4197 10353
4198 10356
4199 10357
4200 10362
4201 10363
4202 10364
4203 10372
4204 10373
4205 10374
4206 10381
4207 10382
4208 10385
4209 10387
4210 10390
4211 10391
4212 10392
4213 10393
4214 10394
4215 10395
4216 10396
4217 10397
4218 10398
4219 10399
4220 10404
4221 10407
4222 10414
4223 10415
4224 10431
4225 10437
4226 10438
4227 10439
4228 10440
4229 10441
4230 10442
4231 10449
4232 10460
4233 10461
4234 10462
4235 10464
4236 10469
4237 10480
4238 10481
4239 10482
4240 10483
4241 10491
4242 10498
4243 10499
4244 10500
4245 10501
4246 10502
4247 10503
4248 10508
4249 10509
4250 10510
4251 10511
4252 10514
4253 10515
4254 10516
4255 10519
4256 10520
4257 10521
4258 10522
4259 10525
4260 10526
4261 10531
4262 10532
4263 10533
4264 10534
4265 10535
4266 10536
4267 10541
4268 10542
4269 10543
4270 10544
4271 10546
4272 10553
4273 10558
4274 10559
4275 10560
4276 10565
4277 10566
4278 10567
4279 10569
4280 10570
4281 10571
4282 10573
4283 10588
4284 10589
4285 10590
4286 10591
4287 10602
4288 10604
4289 10607
4290 10609
4291 10610
4292 10611
4293 10612
4294 10618
4295 10619
4296 10620
4297 10621
4298 10625
4299 10626
4300 10627
4301 10628
4302 10629
4303 10630
4304 10635
4305 10636
4306 10637
4307 10638
4308 10643
4309 10649
4310 10652
4311 10653
4312 10654
4313 10655
4314 10660
4315 10661
4316 10663
4317 10664
4318 10668
4319 10669
4320 10670
4321 10671
4322 10672
4323 10673
4324 10674
4325 10675
4326 10680
4327 10681
4328 10682
4329 10687
4330 10692
4331 10693
4332 10694
4333 10695
4334 10696
4335 10698
4336 10700
4337 10701
4338 10702
4339 10705
4340 10709
4341 10715
4342 10716
4343 10717
4344 10718
4345 10726
4346 10727
4347 10729
4348 10730
4349 10731
4350 10732
4351 10733
4352 10734
4353 10735
4354 10736
4355 10739
4356 10747
4357 10748
4358 10749
4359 10750
4360 10754
4361 10756
4362 10758
4363 10763
4364 10764
4365 10765
4366 10771
4367 10779
4368 10780
4369 10781
4370 10782
4371 10786
4372 10788
4373 10789
4374 10790
4375 10791
4376 10792
4377 10793
4378 10797
4379 10799
4380 10800
4381 10801
4382 10802
4383 10806
4384 10807
4385 10808
4386 10809
4387 10810
4388 10811
4389 10812
4390 10816
4391 10817
4392 10820
4393 10821
4394 10822
4395 10823
4396 10827
4397 10829
4398 10832
4399 10833
4400 10834
4401 10836
4402 10837
4403 10838
4404 10840
4405 10841
4406 10844
4407 10853
4408 10854
4409 10855
4410 10856
4411 10858
4412 10860
4413 10863
4414 10870
4415 10877
4416 10883
4417 10884
4418 10885
4419 10886
4420 10887
4421 10891
4422 10892
4423 10893
4424 10894
4425 10898
4426 10899
4427 10900
4428 10905
4429 10906
4430 10907
4431 10908
4432 10909
4433 10910
4434 10911
4435 10913
4436 10914
4437 10915
4438 10917
4439 10920
4440 10928
4441 10930
4442 10933
4443 10934
4444 10935
4445 10936
4446 10937
4447 10938
4448 10939
4449 10940
4450 10941
4451 10943
4452 10944
4453 10945
4454 10946
4455 10947
4456 10948
4457 10949
4458 10950
4459 10951
4460 10954
4461 10955
4462 10956
4463 10961
4464 10964
4465 10965
4466 10966
4467 10967
4468 10968
4469 10969
4470 10970
4471 10979
4472 10982
4473 10983
4474 10984
4475 10997
4476 10998
4477 10999
4478 11000
4479 11002
4480 11003
4481 11004
4482 11011
4483 11012
4484 11013
4485 11014
4486 11015
4487 11016
4488 11017
4489 11020
4490 11021
4491 11027
4492 11032
4493 11033
4494 11034
4495 11035
4496 11038
4497 11039
4498 11040
4499 11042
4500 11053
4501 11057
4502 11058
4503 11059
4504 11062
4505 11063
4506 11064
4507 11065
4508 11068
4509 11070
4510 11072
4511 11073
4512 11075
4513 11076
4514 11077
4515 11078
4516 11083
4517 11084
4518 11085
4519 11092
4520 11093
4521 11096
4522 11097
4523 11098
4524 11101
4525 11103
4526 11105
4527 11106
4528 11107
4529 11108
4530 11111
4531 11112
4532 11113
4533 11122
4534 11126
4535 11127
4536 11128
4537 11129
4538 11130
4539 11131
4540 11132
4541 11133
4542 11138
4543 11139
4544 11140
4545 11141
4546 11143
4547 11144
4548 11145
4549 11146
4550 11147
4551 11148
4552 11149
4553 11153
4554 11160
4555 11161
4556 11165
4557 11167
4558 11180
4559 11181
4560 11182
4561 11184
4562 11186
4563 11192
4564 11197
4565 11198
4566 11199
4567 11200
4568 11201
4569 11202
4570 11204
4571 11212
4572 11217
4573 11219
4574 11220
4575 11221
4576 11225
4577 11226
4578 11227
4579 11228
4580 11229
4581 11230
4582 11231
4583 11232
4584 11233
4585 11234
4586 11235
4587 11240
4588 11249
4589 11250
4590 11251
4591 11255
4592 11256
4593 11257
4594 11258
4595 11259
4596 11260
4597 11267
4598 11268
4599 11272
4600 11273
4601 11274
4602 11276
4603 11280
4604 11281
4605 11282
4606 11287
4607 11288
4608 11289
4609 11292
4610 11293
4611 11294
4612 11298
4613 11309
4614 11311
4615 11312
4616 11313
4617 11315
4618 11326
4619 11328
4620 11329
4621 11330
4622 11331
4623 11332
4624 11333
4625 11339
4626 11344
4627 11345
4628 11346
4629 11348
4630 11354
4631 11357
4632 11359
4633 11360
4634 11361
4635 11367
4636 11376
4637 11377
4638 11378
4639 11379
4640 11384
4641 11385
4642 11386
4643 11387
4644 11388
4645 11395
4646 11396
4647 11397
4648 11400
4649 11401
4650 11402
4651 11403
4652 11406
4653 11409
4654 11416
4655 11421
4656 11425
4657 11426
4658 11427
4659 11428
4660 11436
4661 11437
4662 11438
4663 11439
4664 11440
4665 11442
4666 11443
4667 11444
4668 11456
4669 11458
4670 11460
4671 11462
4672 11466
4673 11467
4674 11468
4675 11473
4676 11474
4677 11475
4678 11482
4679 11487
4680 11488
4681 11489
4682 11494
4683 11495
4684 11496
4685 11505
4686 11506
4687 11508
4688 11511
4689 11514
4690 11515
4691 11516
4692 11524
4693 11525
4694 11526
4695 11527
4696 11528
4697 11529
4698 11530
4699 11533
4700 11534
4701 11535
4702 11540
4703 11543
4704 11544
4705 11545
4706 11547
4707 11548
4708 11554
4709 11555
4710 11556
4711 11557
4712 11560
4713 11565
4714 11566
4715 11567
4716 11568
4717 11571
4718 11572
4719 11573
4720 11576
4721 11579
4722 11580
4723 11582
4724 11583
4725 11584
4726 11585
4727 11589
4728 11590
4729 11591
4730 11595
4731 11602
4732 11603
4733 11608
4734 11609
4735 11610
4736 11611
4737 11613
4738 11616
4739 11623
4740 11632
4741 11634
4742 11635
4743 11636
4744 11637
4745 11638
4746 11639
4747 11640
4748 11643
4749 11644
4750 11645
4751 11649
4752 11653
4753 11654
4754 11655
4755 11656
4756 11662
4757 11663
4758 11667
4759 11668
4760 11669
4761 11670
4762 11671
4763 11672
4764 11674
4765 11675
4766 11676
4767 11677
4768 11684
4769 11687
4770 11688
4771 11689
4772 11694
4773 11695
4774 11700
4775 11703
4776 11704
4777 11705
4778 11706
4779 11707
4780 11708
4781 11709
4782 11710
4783 11711
4784 11712
4785 11718
4786 11722
4787 11730
4788 11731
4789 11732
4790 11735
4791 11736
4792 11737
4793 11738
4794 11740
4795 11741
4796 11742
4797 11750
4798 11751
4799 11752
4800 11758
4801 11759
4802 11760
4803 11761
4804 11762
4805 11763
4806 11764
4807 11767
4808 11771
4809 11772
4810 11773
4811 11775
4812 11776
4813 11777
4814 11778
4815 11781
4816 11782
4817 11783
4818 11790
4819 11791
4820 11792
4821 11796
4822 11799
4823 11803
4824 11804
4825 11807
4826 11810
4827 11814
4828 11816
4829 11822
4830 11823
4831 11824
4832 11830
4833 11832
4834 11835
4835 11836
4836 11837
4837 11838
4838 11839
4839 11843
4840 11849
4841 11850
4842 11851
4843 11853
4844 11859
4845 11864
4846 11865
4847 11866
4848 11867
4849 11869
4850 11870
4851 11871
4852 11874
4853 11879
4854 11885
4855 11886
4856 11887
4857 11888
4858 11890
4859 11898
4860 11900
4861 11902
4862 11903
4863 11905
4864 11910
4865 11917
4866 11919
4867 11920
4868 11921
4869 11934
4870 11935
4871 11936
4872 11937
4873 11938
4874 11939
4875 11941
4876 11942
4877 11943
4878 11945
4879 11951
4880 11957
4881 11958
4882 11959
4883 11960
4884 11966
4885 11969
4886 11970
4887 11971
4888 11972
4889 11978
4890 11980
4891 11981
4892 11982
4893 11983
4894 11994
4895 11998
4896 12001
4897 12002
4898 12003
4899 12008
4900 12014
4901 12025
4902 12026
4903 12027
4904 12031
4905 12043
4906 12044
4907 12045
4908 12046
4909 12048
4910 12053
4911 12063
4912 12066
4913 12067
4914 12070
4915 12072
4916 12073
4917 12074
4918 12086
4919 12087
4920 12088
4921 12089
4922 12092
4923 12093
4924 12094
4925 12095
4926 12096
4927 12097
4928 12098
4929 12099
4930 12107
4931 12108
4932 12109
4933 12110
4934 12111
4935 12112
4936 12122
4937 12128
4938 12130
4939 12135
4940 12136
4941 12137
4942 12141
4943 12142
4944 12143
4945 12153
4946 12154
4947 12155
4948 12164
4949 12167
4950 12169
4951 12170
4952 12171
4953 12172
4954 12173
4955 12180
4956 12181
4957 12182
4958 12185
4959 12193
4960 12194
4961 12195
4962 12196
4963 12201
4964 12204
4965 12209
4966 12215
4967 12216
4968 12217
4969 12218
4970 12219
4971 12220
4972 12221
4973 12222
4974 12223
4975 12224
4976 12225
4977 12226
4978 12227
4979 12228
4980 12236
4981 12237
4982 12238
4983 12239
4984 12246
4985 12249
4986 12250
4987 12251
4988 12254
4989 12255
4990 12256
4991 12257
4992 12264
4993 12265
4994 12266
4995 12270
4996 12280
4997 12281
4998 12282
4999 12283
5000 12284
5001 12291
5002 12292
5003 12293
5004 12294
5005 12295
5006 12296
5007 12297
5008 12298
5009 12299
5010 12300
5011 12309
5012 12312
5013 12313
5014 12314
5015 12320
5016 12321
5017 12322
5018 12323
5019 12325
5020 12328
5021 12329
5022 12330
5023 12331
5024 12332
5025 12333
5026 12336
5027 12337
5028 12338
5029 12344
5030 12345
5031 12346
5032 12348
5033 12349
5034 12351
5035 12355
5036 12356
5037 12361
5038 12362
5039 12365
5040 12373
5041 12374
5042 12375
5043 12377
5044 12378
5045 12381
5046 12382
5047 12383
5048 12384
5049 12393
5050 12396
5051 12397
5052 12409
5053 12411
5054 12420
5055 12421
5056 12422
5057 12423
5058 12425
5059 12427
5060 12441
5061 12445
5062 12446
5063 12447
5064 12448
5065 12449
5066 12450
5067 12451
5068 12452
5069 12453
5070 12454
5071 12457
5072 12460
5073 12462
5074 12465
5075 12473
5076 12474
5077 12475
5078 12476
5079 12477
5080 12478
5081 12480
5082 12483
5083 12484
5084 12485
5085 12486
5086 12488
5087 12489
5088 12490
5089 12491
5090 12502
5091 12504
5092 12505
5093 12506
5094 12510
5095 12511
5096 12512
5097 12513
5098 12516
5099 12520
5100 12521
5101 12522
5102 12523
5103 12524
5104 12525
5105 12526
5106 12534
5107 12542
5108 12546
5109 12547
5110 12548
5111 12549
5112 12550
5113 12557
5114 12559
5115 12564
5116 12565
5117 12572
5118 12573
5119 12574
5120 12575
5121 12576
5122 12577
5123 12578
5124 12579
5125 12581
5126 12589
5127 12590
5128 12591
5129 12599
5130 12602
5131 12605
5132 12607
5133 12608
5134 12609
5135 12611
5136 12612
5137 12613
5138 12614
5139 12615
5140 12617
5141 12618
5142 12619
5143 12620
5144 12627
5145 12631
5146 12632
5147 12633
5148 12638
5149 12639
5150 12640
5151 12643
5152 12644
5153 12645
5154 12649
5155 12650
5156 12651
5157 12652
5158 12653
5159 12660
5160 12661
5161 12662
5162 12663
5163 12669
5164 12670
5165 12671
5166 12673
5167 12674
5168 12675
5169 12676
5170 12680
5171 12683
5172 12684
5173 12685
5174 12686
5175 12687
5176 12688
5177 12691
5178 12692
5179 12693
5180 12694
5181 12699
5182 12700
5183 12701
5184 12702
5185 12703
5186 12704
5187 12705
5188 12706
5189 12707
5190 12708
5191 12716
5192 12718
5193 12726
5194 12727
5195 12728
5196 12735
5197 12736
5198 12737
5199 12738
5200 12739
5201 12740
5202 12741
5203 12742
5204 12743
5205 12745
5206 12746
5207 12747
5208 12754
5209 12755
5210 12756
5211 12757
5212 12758
5213 12759
5214 12760
5215 12761
5216 12767
5217 12770
5218 12771
5219 12772
5220 12774
5221 12778
5222 12787
5223 12788
5224 12789
5225 12790
5226 12798
5227 12802
5228 12807
5229 12808
5230 12809
5231 12810
5232 12811
5233 12812
5234 12813
5235 12815
5236 12816
5237 12817
5238 12820
5239 12821
5240 12825
5241 12828
5242 12829
5243 12830
5244 12831
5245 12832
5246 12833
5247 12834
5248 12835
5249 12836
5250 12837
5251 12843
5252 12844
5253 12845
5254 12855
5255 12859
5256 12864
5257 12867
5258 12868
5259 12869
5260 12870
5261 12871
5262 12872
5263 12874
5264 12881
5265 12882
5266 12883
5267 12884
5268 12885
5269 12886
5270 12887
5271 12888
5272 12899
5273 12901
5274 12902
5275 12903
5276 12915
5277 12916
5278 12917
5279 12919
5280 12920
5281 12921
5282 12923
5283 12928
5284 12929
5285 12930
5286 12931
5287 12936
5288 12937
5289 12938
5290 12939
5291 12940
5292 12941
5293 12942
5294 12943
5295 12944
5296 12948
5297 12952
5298 12953
5299 12954
5300 12958
5301 12959
5302 12960
5303 12961
5304 12962
5305 12964
5306 12967
5307 12972
5308 12981
5309 12982
5310 12986
5311 12987
5312 12988
5313 12998
5314 12999
5315 13007
5316 13010
5317 13011
5318 13012
5319 13013
5320 13014
5321 13030
5322 13036
5323 13044
5324 13046
5325 13047
5326 13048
5327 13049
5328 13050
5329 13051
5330 13052
5331 13056
5332 13057
5333 13058
5334 13063
5335 13064
5336 13065
5337 13066
5338 13067
5339 13068
5340 13069
5341 13071
5342 13075
5343 13076
5344 13077
5345 13080
5346 13081
5347 13082
5348 13083
5349 13085
5350 13086
5351 13087
5352 13088
5353 13089
5354 13094
5355 13095
5356 13096
5357 13108
5358 13109
5359 13110
5360 13111
5361 13115
5362 13116
5363 13117
5364 13125
5365 13126
5366 13127
5367 13132
5368 13134
5369 13135
5370 13136
5371 13138
5372 13139
5373 13140
5374 13141
5375 13155
5376 13163
5377 13164
5378 13165
5379 13171
5380 13172
5381 13173
5382 13174
5383 13175
5384 13176
5385 13177
5386 13179
5387 13183
5388 13184
5389 13185
5390 13186
5391 13187
5392 13192
5393 13196
5394 13204
5395 13209
5396 13210
5397 13211
5398 13212
5399 13213
5400 13214
5401 13215
5402 13223
5403 13237
5404 13238
5405 13244
5406 13254
5407 13256
5408 13259
5409 13260
5410 13261
5411 13263
5412 13264
5413 13267
5414 13268
5415 13282
5416 13283
5417 13284
5418 13292
5419 13293
5420 13294
5421 13295
5422 13299
5423 13300
5424 13301
5425 13302
5426 13303
5427 13314
5428 13321
5429 13327
5430 13328
5431 13339
5432 13342
5433 13354
5434 13357
5435 13365
5436 13366
5437 13367
5438 13371
5439 13372
5440 13373
5441 13381
5442 13382
5443 13383
5444 13384
5445 13385
5446 13388
5447 13390
5448 13391
5449 13392
5450 13393
5451 13402
5452 13404
5453 13405
5454 13411
5455 13421
5456 13422
5457 13423
5458 13424
5459 13426
5460 13427
5461 13428
5462 13430
5463 13432
5464 13437
5465 13444
5466 13445
5467 13448
5468 13449
5469 13450
5470 13454
5471 13455
5472 13456
5473 13457
5474 13461
5475 13469
5476 13481
5477 13482
5478 13483
5479 13484
5480 13485
5481 13486
5482 13488
5483 13494
5484 13495
5485 13499
5486 13500
5487 13501
5488 13510
5489 13511
5490 13512
5491 13513
5492 13514
5493 13515
5494 13517
5495 13518
5496 13519
5497 13520
5498 13529
5499 13530
5500 13531
5501 13532
5502 13533
5503 13534
5504 13539
5505 13551
5506 13554
5507 13555
5508 13556
5509 13559
5510 13560
5511 13561
5512 13564
5513 13565
5514 13566
5515 13571
5516 13572
5517 13573
5518 13574
5519 13577
5520 13578
5521 13582
5522 13583
5523 13584
5524 13585
5525 13588
5526 13589
5527 13590
5528 13596
5529 13597
5530 13598
5531 13599
5532 13601
5533 13604
5534 13610
5535 13613
5536 13615
5537 13616
5538 13617
5539 13622
5540 13623
5541 13624
5542 13628
5543 13631
5544 13639
5545 13640
5546 13641
5547 13642
5548 13643
5549 13644
5550 13645
5551 13646
5552 13649
5553 13651
5554 13658
5555 13659
5556 13660
5557 13661
5558 13665
5559 13666
5560 13667
5561 13668
5562 13672
5563 13674
5564 13683
5565 13684
5566 13685
5567 13686
5568 13688
5569 13692
5570 13693
5571 13700
5572 13701
5573 13705
5574 13706
5575 13707
5576 13711
5577 13712
5578 13713
5579 13714
5580 13715
5581 13716
5582 13717
5583 13725
5584 13726
5585 13727
5586 13728
5587 13729
5588 13730
5589 13731
5590 13732
5591 13733
5592 13744
5593 13751
5594 13752
5595 13756
5596 13757
5597 13758
5598 13759
5599 13760
5600 13766
5601 13767
5602 13768
5603 13769
5604 13771
5605 13773
5606 13776
5607 13777
5608 13778
5609 13779
5610 13780
5611 13786
5612 13787
5613 13788
5614 13789
5615 13792
5616 13793
5617 13794
5618 13795
5619 13796
5620 13799
5621 13800
5622 13801
5623 13802
5624 13803
5625 13807
5626 13808
5627 13811
5628 13812
5629 13813
5630 13814
5631 13815
5632 13819
5633 13820
5634 13821
5635 13829
5636 13834
5637 13841
5638 13844
5639 13849
5640 13852
5641 13853
5642 13854
5643 13855
5644 13857
5645 13860
5646 13866
5647 13878
5648 13879
5649 13880
5650 13881
5651 13883
5652 13884
5653 13885
5654 13886
5655 13887
5656 13888
5657 13889
5658 13893
5659 13894
5660 13895
5661 13896
5662 13897
5663 13898
5664 13900
5665 13901
5666 13902
5667 13905
5668 13907
5669 13915
5670 13916
5671 13917
5672 13918
5673 13921
5674 13922
5675 13923
5676 13928
5677 13930
5678 13934
5679 13935
5680 13936
5681 13937
5682 13940
5683 13941
5684 13942
5685 13944
5686 13947
5687 13948
5688 13956
5689 13957
5690 13958
5691 13970
5692 13971
5693 13976
5694 13977
5695 13978
5696 13981
5697 13993
5698 13994
5699 13995
5700 14005
5701 14006
5702 14007
5703 14008
5704 14012
5705 14013
5706 14014
5707 14016
5708 14020
5709 14021
5710 14022
5711 14023
5712 14025
5713 14026
5714 14027
5715 14029
5716 14033
5717 14045
5718 14046
5719 14050
5720 14055
5721 14063
5722 14064
5723 14068
5724 14069
5725 14070
5726 14071
5727 14072
5728 14073
5729 14074
5730 14075
5731 14076
5732 14085
5733 14087
5734 14094
5735 14097
5736 14098
5737 14099
5738 14100
5739 14103
5740 14105
5741 14107
5742 14113
5743 14118
5744 14122
5745 14127
5746 14129
5747 14133
5748 14134
5749 14135
5750 14136
5751 14137
5752 14141
5753 14142
5754 14143
5755 14147
5756 14148
5757 14149
5758 14150
5759 14154
5760 14160
5761 14161
5762 14162
5763 14164
5764 14168
5765 14169
5766 14170
5767 14173
5768 14174
5769 14175
5770 14182
5771 14183
5772 14184
5773 14188
5774 14190
5775 14191
5776 14192
5777 14195
5778 14196
5779 14197
5780 14198
5781 14199
5782 14200
5783 14203
5784 14205
5785 14214
5786 14215
5787 14216
5788 14221
5789 14222
5790 14223
5791 14224
5792 14226
5793 14227
5794 14228
5795 14229
5796 14230
5797 14231
5798 14232
5799 14233
5800 14234
5801 14235
5802 14236
5803 14240
5804 14241
5805 14242
5806 14245
5807 14246
5808 14247
5809 14254
5810 14255
5811 14256
5812 14257
5813 14258
5814 14260
5815 14261
5816 14262
5817 14263
5818 14264
5819 14270
5820 14271
5821 14272
5822 14276
5823 14285
5824 14287
5825 14289
5826 14291
5827 14292
5828 14293
5829 14295
5830 14296
5831 14297
5832 14298
5833 14299
5834 14302
5835 14308
5836 14311
5837 14315
5838 14316
5839 14317
5840 14319
5841 14322
5842 14323
5843 14324
5844 14327
5845 14328
5846 14329
5847 14330
5848 14332
5849 14333
5850 14334
5851 14343
5852 14350
5853 14351
5854 14352
5855 14353
5856 14355
5857 14356
5858 14357
5859 14358
5860 14359
5861 14360
5862 14361
5863 14363
5864 14364
5865 14369
5866 14374
5867 14382
5868 14383
5869 14384
5870 14385
5871 14389
5872 14390
5873 14391
5874 14392
5875 14398
5876 14399
5877 14400
5878 14410
5879 14412
5880 14413
5881 14414
5882 14415
5883 14416
5884 14420
5885 14421
5886 14424
5887 14425
5888 14426
5889 14427
5890 14434
5891 14435
5892 14436
5893 14437
5894 14442
5895 14444
5896 14451
5897 14454
5898 14455
5899 14456
5900 14457
5901 14458
5902 14459
5903 14461
5904 14465
5905 14471
5906 14480
5907 14484
5908 14487
5909 14490
5910 14491
5911 14492
5912 14493
5913 14502
5914 14511
5915 14512
5916 14513
5917 14514
5918 14518
5919 14519
5920 14520
5921 14527
5922 14529
5923 14537
5924 14538
5925 14539
5926 14541
5927 14542
5928 14543
5929 14547
5930 14548
5931 14549
5932 14550
5933 14554
5934 14559
5935 14561
5936 14562
5937 14563
5938 14564
5939 14569
5940 14570
5941 14571
5942 14583
5943 14586
5944 14590
5945 14591
5946 14592
5947 14593
5948 14594
5949 14598
5950 14599
5951 14600
5952 14607
5953 14608
5954 14609
5955 14612
5956 14614
5957 14615
5958 14616
5959 14619
5960 14620
5961 14622
5962 14629
5963 14630
5964 14631
5965 14638
5966 14639
5967 14640
5968 14641
5969 14646
5970 14647
5971 14648
5972 14654
5973 14655
5974 14656
5975 14657
5976 14658
5977 14661
5978 14666
5979 14669
5980 14670
5981 14671
5982 14672
5983 14675
5984 14676
5985 14677
5986 14686
5987 14687
5988 14688
5989 14690
5990 14691
5991 14692
5992 14693
5993 14698
5994 14717
5995 14718
5996 14719
5997 14721
5998 14726
5999 14727
6000 14736
6001 14739
6002 14740
6003 14741
6004 14743
6005 14744
6006 14749
6007 14750
6008 14751
6009 14758
6010 14767
6011 14768
6012 14769
6013 14772
6014 14775
6015 14782
6016 14783
6017 14785
6018 14788
6019 14789
6020 14790
6021 14796
6022 14797
6023 14798
6024 14799
6025 14804
6026 14815
6027 14819
6028 14820
6029 14846
6030 14847
6031 14853
6032 14854
6033 14855
6034 14856
6035 14858
6036 14860
6037 14868
6038 14871
6039 14872
6040 14873
6041 14878
6042 14879
6043 14880
6044 14881
6045 14884
6046 14896
6047 14899
6048 14900
6049 14901
6050 14909
6051 14910
6052 14911
6053 14917
6054 14923
6055 14925
6056 14940
6057 14944
6058 14959
6059 14969
6060 14973
6061 14974
6062 14975
6063 14982
6064 14983
6065 14984
6066 14985
6067 14986
6068 14987
6069 14988
6070 14989
6071 14992
6072 14993
6073 14994
6074 14998
6075 14999
6076 15000
6077 15006
6078 15007
6079 15008
6080 15009
6081 15010
6082 15011
6083 15012
6084 15013
6085 15023
6086 15028
6087 15033
6088 15036
6089 15038
6090 15041
6091 15050
6092 15051
6093 15052
6094 15067
6095 15068
6096 15069
6097 15071
6098 15072
6099 15073
6100 15086
6101 15087
6102 15088
6103 15096
6104 15097
6105 15098
6106 15100
6107 15102
6108 15110
6109 15111
6110 15112
6111 15113
6112 15114
6113 15116
6114 15119
6115 15120
6116 15121
6117 15122
6118 15123
6119 15127
6120 15128
6121 15130
6122 15133
6123 15134
6124 15135
6125 15137
6126 15140
6127 15150
6128 15151
6129 15152
6130 15160
6131 15161
6132 15162
6133 15163
6134 15164
6135 15165
6136 15168
6137 15169
6138 15170
6139 15178
6140 15179
6141 15180
6142 15193
6143 15196
6144 15200
6145 15208
6146 15215
6147 15216
6148 15225
6149 15226
6150 15227
6151 15228
6152 15229
6153 15239
6154 15240
6155 15241
6156 15242
6157 15244
6158 15248
6159 15249
6160 15250
6161 15255
6162 15256
6163 15257
6164 15258
6165 15259
6166 15262
6167 15264
6168 15265
6169 15266
6170 15278
6171 15279
6172 15280
6173 15289
6174 15292
6175 15293
6176 15294
6177 15297
6178 15299
6179 15307
6180 15312
6181 15315
6182 15318
6183 15320
6184 15321
6185 15322
6186 15323
6187 15327
6188 15328
6189 15329
6190 15335
6191 15336
6192 15337
6193 15340
6194 15343
6195 15344
6196 15345
6197 15349
6198 15354
6199 15355
6200 15356
6201 15369
6202 15371
6203 15372
6204 15373
6205 15384
6206 15386
6207 15393
6208 15398
6209 15405
6210 15406
6211 15407
6212 15411
6213 15413
6214 15419
6215 15421
6216 15426
6217 15427
6218 15428
6219 15431
6220 15434
6221 15435
6222 15439
6223 15440
6224 15441
6225 15442
6226 15443
6227 15444
6228 15445
6229 15446
6230 15447
6231 15448
6232 15449
6233 15450
6234 15451
6235 15452
6236 15456
6237 15464
6238 15467
6239 15468
6240 15469
6241 15472
6242 15475
6243 15476
6244 15477
6245 15478
6246 15483
6247 15500
6248 15501
6249 15515
6250 15525
6251 15526
6252 15527
6253 15532
6254 15533
6255 15534
6256 15535
6257 15538
6258 15539
6259 15540
6260 15541
6261 15542
6262 15543
6263 15546
6264 15547
6265 15548
6266 15555
6267 15558
6268 15559
6269 15560
6270 15561
6271 15562
6272 15563
6273 15564
6274 15568
6275 15571
6276 15574
6277 15575
6278 15576
6279 15577
6280 15578
6281 15579
6282 15584
6283 15587
6284 15596
6285 15602
6286 15603
6287 15604
6288 15605
6289 15609
6290 15610
6291 15613
6292 15621
6293 15624
6294 15628
6295 15629
6296 15630
6297 15638
6298 15642
6299 15643
6300 15644
6301 15654
6302 15658
6303 15661
6304 15662
6305 15667
6306 15669
6307 15670
6308 15671
6309 15672
6310 15675
6311 15676
6312 15677
6313 15678
6314 15680
6315 15687
6316 15689
6317 15690
6318 15691
6319 15695
6320 15696
6321 15697
6322 15704
6323 15705
6324 15706
6325 15707
6326 15708
6327 15711
6328 15712
6329 15713
6330 15714
6331 15715
6332 15716
6333 15718
6334 15724
6335 15729
6336 15731
6337 15736
6338 15737
6339 15738
6340 15739
6341 15740
6342 15741
6343 15742
6344 15744
6345 15748
6346 15749
6347 15750
6348 15751
6349 15752
6350 15753
6351 15757
6352 15764
6353 15765
6354 15766
6355 15767
6356 15771
6357 15772
6358 15773
6359 15774
6360 15779
6361 15783
6362 15785
6363 15786
6364 15787
6365 15788
6366 15789
6367 15790
6368 15797
6369 15799
6370 15804
6371 15805
6372 15806
6373 15807
6374 15808
6375 15809
6376 15810
6377 15814
6378 15818
6379 15824
6380 15833
6381 15834
6382 15835
6383 15836
6384 15838
6385 15840
6386 15843
6387 15845
6388 15846
6389 15847
6390 15851
6391 15852
6392 15853
6393 15854
6394 15856
6395 15857
6396 15858
6397 15861
6398 15865
6399 15866
6400 15869
6401 15872
6402 15873
6403 15874
6404 15876
6405 15877
6406 15878
6407 15880
6408 15884
6409 15885
6410 15886
6411 15891
6412 15892
6413 15893
6414 15894
6415 15898
6416 15899
6417 15900
6418 15901
6419 15902
6420 15903
6421 15906
6422 15907
6423 15908
6424 15910
6425 15911
6426 15912
6427 15913
6428 15914
6429 15915
6430 15917
6431 15923
6432 15924
6433 15925
6434 15926
6435 15927
6436 15928
6437 15934
6438 15935
6439 15936
6440 15937
6441 15938
6442 15939
6443 15941
6444 15942
6445 15943
6446 15962
6447 15963
6448 15965
6449 15966
6450 15967
6451 15970
6452 15971
6453 15972
6454 15974
6455 15977
6456 15980
6457 15981
6458 15982
6459 15983
6460 15984
6461 15985
6462 15988
6463 15989
6464 15990
6465 15999
6466 16000
6467 16001
6468 16002
6469 16003
6470 16005
6471 16006
6472 16007
6473 16011
6474 16012
6475 16013
6476 16018
6477 16019
6478 16020
6479 16025
6480 16026
6481 16027
6482 16028
6483 16029
6484 16030
6485 16033
6486 16034
6487 16035
6488 16039
6489 16040
6490 16041
6491 16042
6492 16044
6493 16045
6494 16046
6495 16050
6496 16051
6497 16052
6498 16053
6499 16055
6500 16056
6501 16063
6502 16064
6503 16066
6504 16070
6505 16073
6506 16080
6507 16085
6508 16090
6509 16091
6510 16092
6511 16094
6512 16096
6513 16098
6514 16099
6515 16100
6516 16101
6517 16104
6518 16105
6519 16106
6520 16107
6521 16108
6522 16109
6523 16110
6524 16112
6525 16115
6526 16116
6527 16117
6528 16123
6529 16129
6530 16130
6531 16131
6532 16132
6533 16134
6534 16137
6535 16140
6536 16145
6537 16146
6538 16147
6539 16148
6540 16150
6541 16154
6542 16155
6543 16156
6544 16157
6545 16158
6546 16162
6547 16167
6548 16168
6549 16169
6550 16170
6551 16173
6552 16176
6553 16179
6554 16180
6555 16183
6556 16184
6557 16185
6558 16189
6559 16195
6560 16200
6561 16201
6562 16202
6563 16207
6564 16208
6565 16209
6566 16211
6567 16212
6568 16213
6569 16214
6570 16219
6571 16223
6572 16224
6573 16225
6574 16227
6575 16228
6576 16229
6577 16233
6578 16234
6579 16235
6580 16236
6581 16237
6582 16238
6583 16239
6584 16244
6585 16246
6586 16250
6587 16251
6588 16252
6589 16256
6590 16259
6591 16264
6592 16265
6593 16266
6594 16274
6595 16275
6596 16277
6597 16278
6598 16279
6599 16282
6600 16283
6601 16284
6602 16285
6603 16286
6604 16296
6605 16297
6606 16302
6607 16303
6608 16304
6609 16305
6610 16306
6611 16307
6612 16308
6613 16309
6614 16312
6615 16315
6616 16316
6617 16317
6618 16318
6619 16322
6620 16323
6621 16324
6622 16325
6623 16329
6624 16336
6625 16337
6626 16338
6627 16339
6628 16340
6629 16341
6630 16344
6631 16352
6632 16356
6633 16357
6634 16358
6635 16363
6636 16364
6637 16365
6638 16366
6639 16367
6640 16373
6641 16374
6642 16375
6643 16379
6644 16380
6645 16381
